1.0 0.0
2.0 0.0
3.0 0.0
4.0 0.0
5.0 0.0
6.0 0.0
7.0 0.0
8.0 0.0
9.0 0.0
10.0 0.0
11.0 0.0
12.0 0.0
13.0 0.0
14.0 0.0
15.0 0.0
16.0 0.0
17.0 0.0
18.0 0.0
19.0 0.0
20.0 0.0
21.0 0.0
22.0 0.0
23.0 0.0
24.0 0.0
25.0 0.0
26.0 0.0
27.0 0.0
28.0 0.0
29.0 0.0
30.0 0.0
31.0 0.0
32.0 0.0
33.0 0.0
34.0 0.0
35.0 0.0
36.0 0.0
37.0 0.0
38.0 0.0
39.0 0.0
40.0 0.0
41.0 0.0
42.0 0.0
43.0 0.0
44.0 0.0
45.0 0.0
46.0 0.0
47.0 0.0
48.0 0.0
49.0 0.0
50.0 0.0
51.0 0.0
52.0 0.0
53.0 0.0
54.0 0.0
55.0 0.0
56.0 0.0
57.0 0.0
58.0 0.0
59.0 0.0
60.0 0.0
61.0 0.0
62.0 0.0
63.0 0.0
64.0 0.0
65.0 0.0
66.0 0.0
67.0 0.0
68.0 0.0
69.0 0.0
70.0 0.0
71.0 0.0
72.0 0.0
73.0 0.0
74.0 0.0
75.0 0.0
76.0 0.0
77.0 0.0
78.0 0.0
79.0 0.0
80.0 0.0
81.0 0.0
82.0 0.0
83.0 0.0
84.0 0.0
85.0 0.0
86.0 0.0
87.0 0.0
88.0 0.0
89.0 0.0
90.0 0.0
91.0 0.0
92.0 0.0
93.0 0.0
94.0 0.0
95.0 0.0
96.0 0.0
97.0 0.0
98.0 0.0
99.0 0.0
100.0 0.0
101.0 0.0
102.0 0.0
103.0 0.0
104.0 0.0
105.0 0.0
106.0 0.0
107.0 0.0
108.0 0.0
109.0 0.0
110.0 0.0
111.0 0.0
112.0 0.0
113.0 0.0
114.0 0.0
115.0 0.0
116.0 0.0
117.0 0.0
118.0 0.0
119.0 0.0
120.0 0.0
121.0 0.0
122.0 0.0
123.0 0.0
124.0 0.0
125.0 0.0
126.0 0.0
127.0 0.0
128.0 0.0
129.0 0.0
130.0 0.0
131.0 0.0
132.0 0.0
133.0 0.0
134.0 0.0
135.0 0.0
136.0 0.0
137.0 0.0
138.0 0.0
139.0 0.0
140.0 0.0
141.0 0.0
142.0 0.0
143.0 0.0
144.0 0.0
145.0 0.0
146.0 0.0
147.0 0.0
148.0 0.0
149.0 0.0
150.0 0.0
151.0 0.0
152.0 0.0
153.0 0.0
154.0 0.0
155.0 0.0
156.0 0.0
157.0 0.0
158.0 0.0
159.0 0.0
160.0 0.0
161.0 0.0
162.0 0.0
163.0 0.0
164.0 0.0
165.0 0.0
166.0 0.0
167.0 0.0
168.0 0.0
169.0 0.0
170.0 0.0
171.0 0.0
172.0 0.0
173.0 0.0
174.0 0.0
175.0 0.0
176.0 0.0
177.0 0.0
178.0 0.0
179.0 0.0
180.0 0.0
181.0 0.0
182.0 0.0
183.0 0.0
184.0 0.0
185.0 0.0
186.0 0.0
187.0 0.0
188.0 0.0
189.0 0.0
190.0 0.0
191.0 0.0
192.0 0.0
193.0 0.0
194.0 0.0
195.0 0.0
196.0 0.0
197.0 0.0
198.0 0.0
199.0 0.0
200.0 0.0
201.0 0.0
202.0 0.0
203.0 0.0
204.0 0.0
205.0 0.0
206.0 0.0
207.0 0.0
208.0 0.0
209.0 0.0
210.0 0.0
211.0 0.0
212.0 0.0
213.0 0.0
214.0 0.0
215.0 0.0
216.0 0.0
217.0 0.0
218.0 0.0
219.0 0.0
220.0 0.0
221.0 0.0
222.0 0.0
223.0 0.0
224.0 0.0
225.0 0.0
226.0 0.0
227.0 0.0
228.0 0.0
229.0 0.0
230.0 0.0
231.0 0.0
232.0 0.0
233.0 0.0
234.0 0.0
235.0 0.0
236.0 0.0
237.0 0.0
238.0 0.0
239.0 0.0
240.0 0.0
241.0 0.0
242.0 0.0
243.0 0.0
244.0 0.0
245.0 0.0
246.0 0.0
247.0 0.0
248.0 0.0
249.0 0.0
250.0 0.0
251.0 0.0
252.0 0.0
253.0 0.0
254.0 0.0
255.0 0.0
256.0 0.0
257.0 0.0
258.0 0.0
259.0 0.0
260.0 0.0
261.0 0.0
262.0 0.0
263.0 0.0
264.0 0.0
265.0 0.0
266.0 0.0
267.0 0.0
268.0 0.0
269.0 0.0
270.0 0.0
271.0 0.0
272.0 0.0
273.0 0.0
274.0 0.0
275.0 0.0
276.0 0.0
277.0 0.0
278.0 0.0
279.0 0.0
280.0 0.0
281.0 0.0
282.0 0.0
283.0 0.0
284.0 0.0
285.0 0.0
286.0 0.0
287.0 0.0
288.0 0.0
289.0 0.0
290.0 0.0
291.0 0.0
292.0 0.0
293.0 0.0
294.0 0.0
295.0 0.0
296.0 0.0
297.0 0.0
298.0 0.0
299.0 0.0
300.0 0.0
301.0 0.0
302.0 0.0
303.0 0.0
304.0 0.0
305.0 0.0
306.0 0.008967858494402424
307.0 0.011142482521065523
308.0 0.012023419166325766
309.0 0.010325654564374937
310.0 0.014912456118812164
311.0 0.01588592469869625
312.0 0.007980145004001401
313.0 0.012171222473539058
314.0 0.010687115330559513
315.0 0.011853086041463982
316.0 0.01678258916806607
317.0 0.014937343386312326
318.0 0.007398975425444189
319.0 0.012003670235918392
320.0 0.014190997163365995
321.0 0.009990463299410684
322.0 0.010021134678806578
323.0 0.011685486395089399
324.0 0.01580215325312955
325.0 0.01617337399650188
326.0 0.016647042174424444
327.0 0.01663018705412036
328.0 0.016772946387174584
329.0 0.016518526267082917
330.0 0.01591880362303484
331.0 0.015827661380171776
332.0 0.015784503892064095
333.0 0.016018079017244634
334.0 0.015781082390319733
335.0 0.015872070166681494
336.0 0.015969684170115562
337.0 0.016547421436934245
338.0 0.016575532566223825
339.0 0.016217007567839965
340.0 0.01619707362815028
341.0 0.016554290295711586
342.0 0.01663235668092966
343.0 0.01617616450502759
344.0 0.01596824780461334
345.0 0.016514133972426254
346.0 0.016497163811609858
347.0 0.016449814529291222
348.0 0.016287437329689663
349.0 0.01632208066682021
350.0 0.016118693342875866
351.0 0.01610960132841553
352.0 0.01573111502719777
353.0 0.01585486242991118
354.0 0.01615540199868736
355.0 0.016087093434873082
356.0 0.016209556499407404
357.0 0.01613626904076054
358.0 0.016323081084660122
359.0 0.016462280370649836
360.0 0.015993879664511906
361.0 0.015930076661918844
362.0 0.01612134166948852
363.0 0.016081348859838078
364.0 0.01604932715140638
365.0 0.015999019323360352
366.0 0.016137810690062388
367.0 0.016459896317904905
368.0 0.01640140726452782
369.0 0.015992114985627786
370.0 0.016050238472719986
371.0 0.016460087416427478
372.0 0.0165372940578631
373.0 0.01604123865919454
374.0 0.015915398485958576
375.0 0.016015718779748396
376.0 0.0162796208280183
377.0 0.016326510746564184
378.0 0.01650509140675976
379.0 0.016659350223129706
380.0 0.016501792351759616
381.0 0.016328679175958746
382.0 0.01605519616887683
383.0 0.016259309303547655
384.0 0.016381646284744852
385.0 0.016286525254448254
386.0 0.015916013957134316
387.0 0.015960000366682096
388.0 0.0161499883536072
389.0 0.016092105546877497
390.0 0.016006943414963427
391.0 0.016145308324623676
392.0 0.016383757814764977
393.0 0.016414881151701723
394.0 0.01653494331098738
395.0 0.016624911821314266
396.0 0.0164271303940387
397.0 0.016131130047142506
398.0 0.016070911128606116
399.0 0.01599325075568188
400.0 0.015935059104646956
401.0 0.016238416190303508
402.0 0.01622738121520905
403.0 0.016371877775305792
404.0 0.016347962830747877
405.0 0.016163369596359275
406.0 0.01625206849227349
407.0 0.016348636310015405
408.0 0.016324556210920924
409.0 0.01619139766054494
410.0 0.01614140790133249
411.0 0.016039589331263586
412.0 0.01593935400957153
413.0 0.016090227468382744
414.0 0.016640062133471172
415.0 0.016679124995356516
416.0 0.015961505250916594
417.0 0.01596568857452699
418.0 0.016480203939690477
419.0 0.016665130764955564
420.0 0.015975181190740494
421.0 0.015712964481541088
422.0 0.016153917514852116
423.0 0.01658355834938231
424.0 0.016544392775921596
425.0 0.016662073587732657
426.0 0.016568424135801337
427.0 0.016578257527379764
428.0 0.016375776823787463
429.0 0.01599691834832941
430.0 0.01586474495984259
431.0 0.015786810733732722
432.0 0.01562482641921157
433.0 0.015843074369643415
434.0 0.01586726334478174
435.0 0.015907421619409605
436.0 0.01605605489263932
437.0 0.015952830468969687
438.0 0.01582896966664564
439.0 0.01606650898853938
440.0 0.01660875670079674
441.0 0.01658405585303193
442.0 0.016488840271319662
443.0 0.016419655687752225
444.0 0.016493295319378376
445.0 0.01647237550822042
446.0 0.016149492091721014
447.0 0.016225549348053477
448.0 0.016185088970121882
449.0 0.016126878071753753
450.0 0.016446147380130633
451.0 0.016583330042305448
452.0 0.01647934060366381
453.0 0.016289198771119118
454.0 0.016282087679774987
455.0 0.016413412589047636
456.0 0.01654008124023676
457.0 0.01638792215713433
458.0 0.016347499786033517
459.0 0.016615704988085088
460.0 0.01660626714250871
461.0 0.016563533051382928
462.0 0.01648565461593015
463.0 0.016372852559600557
464.0 0.01632617422867389
465.0 0.016227861422868
466.0 0.016205107970606713
467.0 0.016081188716703936
468.0 0.015889021878441174
469.0 0.015999309275121915
470.0 0.016823662400600455
471.0 0.01682234817140159
472.0 0.016564711839670225
473.0 0.01662095095075312
474.0 0.01665896186161609
475.0 0.016497143721651463
476.0 0.016433554923250562
477.0 0.01643319423532202
478.0 0.0166354819777466
479.0 0.016882141076383136
480.0 0.016675857605323904
481.0 0.016486164758957568
482.0 0.01626836694777012
483.0 0.016314526443325338
484.0 0.01629325698706366
485.0 0.016705647022241636
486.0 0.01671492193071615
487.0 0.016284404588597163
488.0 0.016352974277521883
489.0 0.016483658082073645
490.0 0.016321832757620586
491.0 0.016657972087462742
492.0 0.016626724662880104
493.0 0.016413026711060888
494.0 0.01612376913960491
495.0 0.01608160665879647
496.0 0.016216693933875787
497.0 0.016043173770109814
498.0 0.015780033011521612
499.0 0.015653148249146483
500.0 0.016330452635884285
501.0 0.016422373109630177
502.0 0.016697029450110028
503.0 0.016768370134135086
504.0 0.016484909469173067
505.0 0.016424928525728837
506.0 0.016329507299122355
507.0 0.01645736369703497
508.0 0.016464468890002797
509.0 0.016337648034095764
510.0 0.01615176225701968
511.0 0.015672304135348116
512.0 0.015730941978593666
513.0 0.016088829952336493
514.0 0.016202906368389017
515.0 0.01678626589654457
516.0 0.016886106071372826
517.0 0.016139492215145202
518.0 0.01604361410829283
519.0 0.01605255054753451
520.0 0.015903469352495102
521.0 0.01604307105853444
522.0 0.016175841956975915
523.0 0.016256261528247877
524.0 0.015961460813525178
525.0 0.016103110630952176
526.0 0.016253217433889706
527.0 0.016508132973242374
528.0 0.016184876007693156
529.0 0.01618797012737819
530.0 0.016260649787173384
531.0 0.016438434698751996
532.0 0.015945464550029664
533.0 0.01569373036424319
534.0 0.01583284077545007
535.0 0.016204562038183212
536.0 0.016017800906584376
537.0 0.01598286030015775
538.0 0.015855908216465087
539.0 0.015886686609259675
540.0 0.016041719044248264
541.0 0.016478303864243486
542.0 0.0164218396391897
543.0 0.015849772042461803
544.0 0.015705186696279617
545.0 0.015926352391640346
546.0 0.016036709992303735
547.0 0.016611384937451
548.0 0.016801453328558376
549.0 0.016332670203631834
550.0 0.015900860717963605
551.0 0.015861138435346738
552.0 0.01599041980114721
553.0 0.015923235121937024
554.0 0.01589551372897057
555.0 0.015851684579891816
556.0 0.016150926505880698
557.0 0.016220862045884132
558.0 0.01615290543330567
559.0 0.016057370984483333
560.0 0.01612318692994969
561.0 0.016274163055987584
562.0 0.016619539154427394
563.0 0.016838378938181058
564.0 0.016689482632847058
565.0 0.016457700259273962
566.0 0.01644637870291869
567.0 0.016670897292594116
568.0 0.01683760784743797
569.0 0.01693164229038216
570.0 0.016806566732979956
571.0 0.01636356780571597
572.0 0.016028381884098053
573.0 0.01614119711198977
574.0 0.01617840411407607
575.0 0.01643291168979236
576.0 0.01649945020853054
577.0 0.016610938878286453
578.0 0.016659600216717946
579.0 0.016700780418302332
580.0 0.01693512729945637
581.0 0.01696555174532391
582.0 0.017065806935230892
583.0 0.01696191861161164
584.0 0.01674519501449097
585.0 0.01664723890523116
586.0 0.016853941338402883
587.0 0.017184866148801076
588.0 0.017355554781499364
589.0 0.017048564783874013
590.0 0.01704574695655278
591.0 0.01708298229745456
592.0 0.01695284163135858
593.0 0.016478298453702814
594.0 0.016413514857136068
595.0 0.016663811834795133
596.0 0.016615964117504302
597.0 0.016154938776578222
598.0 0.016216767197918324
599.0 0.016766653440537908
600.0 0.017025419732644445
601.0 0.01659581393358253
602.0 0.016441932258506615
603.0 0.016604181911264147
604.0 0.01703214388163317
605.0 0.01654417174203055
606.0 0.015874047497553483
607.0 0.015816648535075643
608.0 0.016520979193349678
609.0 0.01637502959264176
610.0 0.016932631621048563
611.0 0.016853165147559985
612.0 0.016897042548017844
613.0 0.016810013203039056
614.0 0.01670413783618382
615.0 0.016644271223672798
616.0 0.01675300317860785
617.0 0.016664650246855758
618.0 0.016384350268968513
619.0 0.016641583204978987
620.0 0.01675365266523191
621.0 0.016661057869593304
622.0 0.016723475108544033
623.0 0.016524993326692355
624.0 0.016576385569004787
625.0 0.01720527657085941
626.0 0.017131954165441648
627.0 0.017721544419016157
628.0 0.018007416721610797
629.0 0.018049652022974833
630.0 0.01802148022467182
631.0 0.01804374105163983
632.0 0.01780130448085921
633.0 0.018086551644262813
634.0 0.01856988375740392
635.0 0.018494512442322003
636.0 0.018121152140554927
637.0 0.018113525052155768
638.0 0.01844318202208905
639.0 0.018533931779009954
640.0 0.018114017145264717
641.0 0.017851765666689192
642.0 0.017898058607464747
643.0 0.018243375189957164
644.0 0.018335734006194843
645.0 0.018515614615309806
646.0 0.018480529831278892
647.0 0.018090763794524328
648.0 0.018128375833233196
649.0 0.018254217647370837
650.0 0.01819965917439688
651.0 0.017996917168299358
652.0 0.017961291773688225
653.0 0.017693565182742618
654.0 0.017669683056218282
655.0 0.017726320329876172
656.0 0.017622950531187512
657.0 0.017519193923189527
658.0 0.017617848613077684
659.0 0.01759259504753919
660.0 0.017738565979968934
661.0 0.017600762613472484
662.0 0.01703010712351118
663.0 0.017088956022191615
664.0 0.01763532736471721
665.0 0.017703486961268243
666.0 0.017596000539405004
667.0 0.017511566923487754
668.0 0.017296627696071352
669.0 0.017210299681339945
670.0 0.01723652421718552
671.0 0.017331012657710483
672.0 0.017502257600426674
673.0 0.0174974167630786
674.0 0.017344534751914796
675.0 0.01695575893280052
676.0 0.017040213747393517
677.0 0.016846341657496634
678.0 0.016932235764605657
679.0 0.01647377781392563
680.0 0.016478674220187322
681.0 0.016639987450270427
682.0 0.016801756318835986
683.0 0.01655019371814671
684.0 0.01647995239389794
685.0 0.016542763493600347
686.0 0.017087750846431368
687.0 0.01687018959117787
688.0 0.017048748431815988
689.0 0.017026477759437903
690.0 0.01682513619640044
691.0 0.016762627909580868
692.0 0.016580027838548023
693.0 0.01691959523374126
694.0 0.016468441690362635
695.0 0.01631533576264268
696.0 0.0163653547032958
697.0 0.016003707113365333
698.0 0.01604408220875831
699.0 0.01604733168191853
700.0 0.01600993060994716
701.0 0.015751870304700873
702.0 0.01572027159411283
703.0 0.01603503817958491
704.0 0.016155762642267205
705.0 0.015945898546349434
706.0 0.015755089798143933
707.0 0.015561269507521675
708.0 0.015303380831721284
709.0 0.015074119858798526
710.0 0.014506490102836065
711.0 0.014800726879565488
712.0 0.01511013051051469
713.0 0.015238099243669282
714.0 0.01572509039015997
715.0 0.015809256273011368
716.0 0.015361459570981208
717.0 0.015214712891195501
718.0 0.015307855215810594
719.0 0.015404422545716875
720.0 0.015474055627627032
721.0 0.01549449913381111
722.0 0.015198946176540284
723.0 0.014526964697454656
724.0 0.014450841139824618
725.0 0.01489867287732306
726.0 0.01502326423568385
727.0 0.015570741900730701
728.0 0.015451065264642239
729.0 0.014782990550711042
730.0 0.014638483479973815
731.0 0.015050998223679406
732.0 0.015266866290143557
733.0 0.014934189706331208
734.0 0.014388004717017924
735.0 0.014453716354355925
736.0 0.014523757355553764
737.0 0.014386272944864772
738.0 0.014071055687963963
739.0 0.014056153107611906
740.0 0.014155183697030657
741.0 0.014365392825787976
742.0 0.0143833714759066
743.0 0.014406625314482622
744.0 0.014425043859297321
745.0 0.014310003302636602
746.0 0.01421197552588724
747.0 0.014403911750941049
748.0 0.014345591666088217
749.0 0.013890926504418963
750.0 0.014084307210786002
751.0 0.014604825570824601
752.0 0.014628813424635501
753.0 0.014593604686004775
754.0 0.014557691734461557
755.0 0.01451307428734643
756.0 0.014764782839587756
757.0 0.01465738755429075
758.0 0.014558768387706507
759.0 0.014764889808637756
760.0 0.014897608020830722
761.0 0.014752937525156
762.0 0.014405444264411926
763.0 0.014466070791795141
764.0 0.014387746829362143
765.0 0.014472825674428827
766.0 0.014413109537036646
767.0 0.0143497498439891
768.0 0.014821625669442472
769.0 0.015071836300194263
770.0 0.014823900447005317
771.0 0.01449474235553117
772.0 0.014569866604038648
773.0 0.014674764037841842
774.0 0.014720273381542592
775.0 0.014564560948028452
776.0 0.014519985986962206
777.0 0.014288797885889099
778.0 0.014161791253302778
779.0 0.014911869762554056
780.0 0.014907374623275939
781.0 0.0147339091414497
782.0 0.014624440066871188
783.0 0.014737375701467196
784.0 0.01472239267258417
785.0 0.014582246275884765
786.0 0.014571977601874442
787.0 0.01438919295157705
788.0 0.014216306220207895
789.0 0.014306915391768728
790.0 0.014665274082549981
791.0 0.014795249239319847
792.0 0.014930090157403833
793.0 0.014776796546010744
794.0 0.014601656989682289
795.0 0.01418950448610953
796.0 0.014414882863916102
797.0 0.014272998441897687
798.0 0.014176529610440844
799.0 0.014255120463314511
800.0 0.014339287942718892
801.0 0.01399926690473443
802.0 0.014054186597821258
803.0 0.014199948470507349
804.0 0.014304723945401963
805.0 0.014213892054699716
806.0 0.014183039466540018
807.0 0.014511997501055399
808.0 0.014583576337567397
809.0 0.01438010266671578
810.0 0.014430734240228222
811.0 0.014380798320330325
812.0 0.014233438830290521
813.0 0.013977977668955213
814.0 0.014246351617787565
815.0 0.01432360504709539
816.0 0.014140050015634014
817.0 0.014068996178961936
818.0 0.014215429668270406
819.0 0.014306669700003806
820.0 0.014098973190855412
821.0 0.013812603473308541
822.0 0.013643625813225905
823.0 0.013832452795690014
824.0 0.013729845262354328
825.0 0.014052239690153371
826.0 0.014136091229461488
827.0 0.014106151337424913
828.0 0.014131350398418448
829.0 0.014116055819959868
830.0 0.014076695821824529
831.0 0.013779777634356703
832.0 0.013752600754655543
833.0 0.014044447535915034
834.0 0.014277841186239607
835.0 0.014315437259418624
836.0 0.014122843831067993
837.0 0.014128094583394982
838.0 0.01421891272600208
839.0 0.014253300925095877
840.0 0.014673246381183466
841.0 0.014615516355704693
842.0 0.01410703698084468
843.0 0.013931723533286935
844.0 0.0137766572602448
845.0 0.013806103551316829
846.0 0.013788344249838875
847.0 0.013667096162126177
848.0 0.013599527955410026
849.0 0.013690532229485967
850.0 0.013805500320380642
851.0 0.013879443075330485
852.0 0.013808020124478
853.0 0.013628212912451653
854.0 0.013561019186107885
855.0 0.013830211190950303
856.0 0.01380732903877894
857.0 0.013589196483648959
858.0 0.013487766541185834
859.0 0.013861942326738722
860.0 0.01427507387208087
861.0 0.01381431014410087
862.0 0.013226604798719996
863.0 0.013304413163236209
864.0 0.013655007284666811
865.0 0.013717504306918099
866.0 0.013814213996132215
867.0 0.013746021492850213
868.0 0.013693302071520261
869.0 0.013719302823855764
870.0 0.013702717077519213
871.0 0.013869107656535647
872.0 0.013604997657239437
873.0 0.013639154666591258
874.0 0.013756223466424715
875.0 0.014034470099778403
876.0 0.013945796127830232
877.0 0.013482954042653242
878.0 0.01354896059880654
879.0 0.013713463919148558
880.0 0.01353362344560169
881.0 0.013848604678752877
882.0 0.013794012855561007
883.0 0.01389179631535496
884.0 0.014032103209978058
885.0 0.013900081183583964
886.0 0.01401599913480736
887.0 0.013905999428104786
888.0 0.013254510371812753
889.0 0.013419940757254759
890.0 0.013640065056582292
891.0 0.013725424052349158
892.0 0.013757095760887577
893.0 0.013844788606677736
894.0 0.014127585105597973
895.0 0.01437586151240837
896.0 0.014282979159837677
897.0 0.014263286920530456
898.0 0.014286740594321773
899.0 0.014352281178746904
900.0 0.014223328702861355
901.0 0.014557674394122191
902.0 0.014441699410478273
903.0 0.01399309015167611
904.0 0.014018914085768518
905.0 0.014104997694847129
906.0 0.014148881082378682
907.0 0.01420216288949762
908.0 0.01419398711905593
909.0 0.014005933356072222
910.0 0.013839758622149626
911.0 0.013699079686332317
912.0 0.013535232771010626
913.0 0.013628145990272364
914.0 0.013670655854401133
915.0 0.013628303782925719
916.0 0.013699253754956382
917.0 0.013772526356790746
918.0 0.013688151015057451
919.0 0.01368147467396089
920.0 0.013893132142367818
921.0 0.014034996208335673
922.0 0.01388537808365765
923.0 0.013694389811938717
924.0 0.013675425467746598
925.0 0.013699996506883985
926.0 0.013530470430850983
927.0 0.013284455408297834
928.0 0.013344303749146916
929.0 0.01313346220801274
930.0 0.013083087147346564
931.0 0.013287172697129705
932.0 0.013373735050360361
933.0 0.013269469452401003
934.0 0.013390232365401019
935.0 0.013296098891823064
936.0 0.013205211609601974
937.0 0.013145919268329939
938.0 0.013120819282318865
939.0 0.01324461041284459
940.0 0.013666455367846149
941.0 0.013677879990566345
942.0 0.013621581895720391
943.0 0.0137700339601863
944.0 0.013397138477081344
945.0 0.013167089871352627
946.0 0.013282217262756257
947.0 0.013458591885864735
948.0 0.01341588298479716
949.0 0.013111701944754237
950.0 0.01324748278905948
951.0 0.013494652385512987
952.0 0.01340615221609672
953.0 0.013602927681945619
954.0 0.013707665016963369
955.0 0.013701125713331359
956.0 0.01362176647498494
957.0 0.013443115389063245
958.0 0.013457837736322767
959.0 0.01359777950814792
960.0 0.013915435233641239
961.0 0.01371802966154757
962.0 0.013289242495028745
963.0 0.013253282400823775
964.0 0.013276098562138421
965.0 0.013270211361703418
966.0 0.01341880973251093
967.0 0.013392892887904531
968.0 0.012764633455801578
969.0 0.012438308314553328
970.0 0.013065225622128872
971.0 0.013262016610020683
972.0 0.012906517478681746
973.0 0.012540496752730437
974.0 0.012753891093390328
975.0 0.0136250951549127
976.0 0.013674969873612835
977.0 0.013824900567886374
978.0 0.013759621640756017
979.0 0.01349187083542347
980.0 0.013315697511037191
981.0 0.013005828041405905
982.0 0.01270039432815143
983.0 0.012815853137345542
984.0 0.013109784617665269
985.0 0.013228419281187512
986.0 0.013606755550773371
987.0 0.013606513362555276
988.0 0.01360968526984964
989.0 0.013582474995581876
990.0 0.012749114073812962
991.0 0.012586899766964572
992.0 0.013233220160362266
993.0 0.01324023213237524
994.0 0.013264114214550881
995.0 0.01326772402085009
996.0 0.013125545788733732
997.0 0.013274129834913072
998.0 0.013401933901366733
999.0 0.012892757675477437
1000.0 0.012751657826205095
1001.0 0.012320464831732568
1002.0 0.012288213618809269
1003.0 0.013253682292997837
1004.0 0.013315752680812563
1005.0 0.01288137970758336
1006.0 0.012696969855044569
1007.0 0.012878862076572009
1008.0 0.012949547952129728
1009.0 0.012969643897598698
1010.0 0.012736413273073378
1011.0 0.01260602611693598
1012.0 0.012774010366272359
1013.0 0.012830048311679136
1014.0 0.012728680058249406
1015.0 0.012722936503234365
1016.0 0.012880865085337843
1017.0 0.012939019527818476
1018.0 0.012569878516452653
1019.0 0.01233768489743982
1020.0 0.012820064755422729
1021.0 0.013157884457281657
1022.0 0.013091927039481345
1023.0 0.012929374573840982
1024.0 0.01277167314574832
1025.0 0.01233029622761976
1026.0 0.012175793449083963
1027.0 0.012516048515126818
1028.0 0.012464263077293123
1029.0 0.011836536317354157
1030.0 0.011679008470049925
1031.0 0.012476934253105096
1032.0 0.012904269975565728
1033.0 0.01290746396850972
1034.0 0.0126555280848628
1035.0 0.012640512947525297
1036.0 0.012414908347030481
1037.0 0.0124549043054382
1038.0 0.012772591784596443
1039.0 0.012771950369434697
1040.0 0.012402067803556011
1041.0 0.01246794681286528
1042.0 0.012479233333752268
1043.0 0.012655529858810561
1044.0 0.012795227845864636
1045.0 0.01284329877013252
1046.0 0.0123933975008272
1047.0 0.01184104329773358
1048.0 0.01216315571218729
1049.0 0.012716780327970073
1050.0 0.012627768818111647
1051.0 0.012414336071482726
1052.0 0.012480037242528937
1053.0 0.012452701594503153
1054.0 0.01246271464264109
1055.0 0.012666109239771253
1056.0 0.012793153213957945
1057.0 0.012319681633796011
1058.0 0.012161518934936751
1059.0 0.0122110503947451
1060.0 0.012341878110808986
1061.0 0.012366468796417826
1062.0 0.01258494146168232
1063.0 0.012520311178550833
