1.0 83.11091079711915
2.0 83.06905212402344
3.0 82.4125473022461
4.0 82.5380615234375
5.0 82.42747497558594
6.0 81.94910430908203
7.0 81.62436981201172
8.0 81.17893753051757
9.0 80.7656234741211
10.0 80.76365737915039
11.0 81.78306884765625
12.0 81.91701431274414
13.0 82.28314666748047
14.0 81.58973617553711
15.0 81.49267272949218
16.0 81.92409210205078
17.0 81.92624435424804
18.0 80.87499084472657
19.0 81.1284912109375
20.0 81.35553207397462
21.0 80.55404586791992
22.0 80.79338302612305
23.0 81.6981201171875
24.0 81.74855499267578
25.0 81.52908248901367
26.0 80.90325775146485
27.0 81.72716903686523
28.0 82.09852447509766
29.0 81.38156433105469
30.0 81.69550476074218
31.0 82.12817993164063
32.0 82.23777236938477
33.0 81.74008560180664
34.0 81.45132904052734
35.0 81.63290328979492
36.0 81.7220329284668
37.0 82.13700790405274
38.0 81.34349975585937
39.0 81.06585083007812
40.0 81.37812881469726
41.0 82.21269302368164
42.0 81.58144454956054
43.0 81.05458908081054
44.0 81.77340316772461
45.0 82.42129364013672
46.0 81.93340454101562
47.0 81.80895309448242
48.0 81.80321044921875
49.0 81.8085105895996
50.0 81.90693893432618
51.0 81.69238815307617
52.0 81.9236846923828
53.0 81.30030364990235
54.0 81.42128448486328
55.0 80.44591598510742
56.0 79.57012786865235
57.0 80.02921829223632
58.0 79.83397521972657
59.0 79.71750335693359
60.0 79.89838638305665
61.0 80.20010452270508
62.0 80.53582382202148
63.0 80.1815788269043
64.0 79.44762954711913
65.0 78.62888565063477
66.0 79.16060943603516
67.0 80.04746551513672
68.0 80.11814727783204
69.0 80.66726455688476
70.0 80.4631118774414
71.0 79.5515739440918
72.0 79.94290313720703
73.0 80.37607421875
74.0 79.9034439086914
75.0 80.52523727416992
76.0 80.50430603027344
77.0 79.96852340698243
78.0 80.45442504882813
79.0 80.33721542358398
80.0 80.53254547119141
81.0 80.07547073364258
82.0 79.41360473632813
83.0 79.33440551757812
84.0 79.40858612060546
85.0 79.94780731201172
86.0 80.55927658081055
87.0 80.51928939819337
88.0 79.80691833496094
89.0 79.71004714965821
90.0 80.01021194458008
91.0 79.68091049194337
92.0 79.4652488708496
93.0 79.5371711730957
94.0 80.02187881469726
95.0 79.24333724975585
96.0 78.86396179199218
97.0 79.01317443847657
98.0 78.8124900817871
99.0 78.05922470092773
100.0 77.23555908203124
101.0 76.32194900512695
102.0 76.97283477783203
103.0 77.48143997192383
104.0 76.61603469848633
105.0 76.17137832641602
106.0 76.74152374267578
107.0 75.83590240478516
108.0 75.90933609008789
109.0 76.9894027709961
110.0 77.38113327026367
111.0 77.70428161621093
112.0 77.89493255615234
113.0 77.86017379760742
114.0 76.98064575195312
115.0 77.65230560302734
116.0 78.12269515991211
117.0 77.43095016479492
118.0 77.51304168701172
119.0 77.61326599121094
120.0 77.6879493713379
121.0 77.83515548706055
122.0 78.0292984008789
123.0 78.2845443725586
124.0 77.87712478637695
125.0 77.71300354003907
126.0 76.49977416992188
127.0 75.73729248046875
128.0 76.16602096557617
129.0 75.93242492675782
130.0 75.38055267333985
131.0 75.02793655395507
132.0 74.9409683227539
133.0 74.47316436767578
134.0 74.22106018066407
135.0 74.12164077758788
136.0 74.54987411499023
137.0 73.41875
138.0 73.24155044555664
139.0 74.21748504638671
140.0 72.98211059570312
141.0 73.1510612487793
142.0 73.27543640136719
143.0 73.0955436706543
144.0 72.67099227905274
145.0 72.63384552001953
146.0 72.60373611450196
147.0 72.29517517089843
148.0 71.71068954467773
149.0 71.71738510131836
150.0 71.92630081176758
151.0 72.11494827270508
152.0 71.70073852539062
153.0 71.09955444335938
154.0 70.83089218139648
155.0 70.37605285644531
156.0 70.49447402954101
157.0 71.42036590576171
158.0 71.60212097167968
159.0 71.2488624572754
160.0 71.07792587280274
161.0 71.33829803466797
162.0 71.37792129516602
163.0 71.69348907470703
164.0 70.98164520263671
165.0 70.20341567993164
166.0 70.32176361083984
167.0 70.63675994873047
168.0 70.6309799194336
169.0 70.35839233398437
170.0 69.77888107299805
171.0 69.33237152099609
172.0 69.83492889404297
173.0 70.70130844116211
174.0 71.05648880004883
175.0 70.69840927124024
176.0 70.61153030395508
177.0 70.25524520874023
178.0 69.69813613891601
179.0 70.04053268432617
180.0 70.47356185913085
181.0 70.03786239624023
182.0 70.01626281738281
183.0 70.22672805786132
184.0 69.53399505615235
185.0 69.57493591308594
186.0 70.38885726928712
187.0 70.3852928161621
188.0 70.15311203002929
189.0 68.97806320190429
190.0 69.06197586059571
191.0 69.86373367309571
192.0 69.71362991333008
193.0 69.23253936767578
194.0 69.43560562133788
195.0 69.68870162963867
196.0 70.0944206237793
197.0 70.13863983154297
198.0 70.18752822875976
199.0 70.0248176574707
200.0 69.71969680786133
201.0 68.93530578613282
202.0 69.08110809326172
203.0 69.07257766723633
204.0 69.1992416381836
205.0 69.0253074645996
206.0 68.73862991333007
207.0 68.36415252685546
208.0 68.47007827758789
209.0 68.95337295532227
210.0 69.65639114379883
211.0 69.27174072265625
212.0 69.31857070922851
213.0 70.09704818725587
214.0 69.36520690917969
215.0 68.78447341918945
216.0 68.89988861083984
217.0 69.0512321472168
218.0 69.6850700378418
219.0 69.64259643554688
220.0 69.41021194458008
221.0 69.86169204711913
222.0 69.20895767211914
223.0 68.8518798828125
224.0 69.92532348632813
225.0 69.74287338256836
226.0 69.65947189331055
227.0 68.56220397949218
228.0 69.8685401916504
229.0 70.36935348510742
230.0 70.16145553588868
231.0 69.75053329467774
232.0 69.42496337890626
233.0 69.6891990661621
234.0 69.75015411376953
235.0 69.71551055908203
236.0 69.57098770141602
237.0 70.06068954467773
238.0 70.5523696899414
239.0 69.88274383544922
240.0 69.9299690246582
241.0 71.1085708618164
242.0 70.32128524780273
243.0 69.31818618774415
244.0 70.14062042236328
245.0 69.35957412719726
246.0 68.3082489013672
247.0 69.3596580505371
248.0 69.10524368286133
249.0 69.80354690551758
250.0 70.1380012512207
251.0 69.85785903930665
252.0 70.8684097290039
253.0 70.30708694458008
254.0 70.66386566162109
255.0 70.70753555297851
256.0 68.78004760742188
257.0 70.13824844360352
258.0 70.78563079833984
259.0 70.0099967956543
260.0 70.67493057250977
261.0 71.55418319702149
262.0 71.15406341552735
263.0 70.42271118164062
264.0 70.00913848876954
265.0 70.83404083251953
266.0 69.68664627075195
267.0 69.98105545043946
268.0 70.22062683105469
269.0 70.49509048461914
270.0 70.27702026367187
271.0 69.96710052490235
272.0 70.19273986816407
273.0 69.76695404052734
274.0 69.23623199462891
275.0 70.1562873840332
276.0 69.40656051635742
277.0 69.2882095336914
278.0 69.71885528564454
279.0 70.4758201599121
280.0 70.07246475219726
281.0 69.63452453613282
282.0 68.72958908081054
283.0 68.9588394165039
284.0 68.96215896606445
285.0 69.9858283996582
286.0 70.4307373046875
287.0 70.73669204711913
288.0 70.80272827148437
289.0 69.95382461547851
290.0 70.99689865112305
291.0 70.59808502197265
292.0 71.02839050292968
293.0 70.69244232177735
294.0 70.12750854492188
295.0 70.0788688659668
296.0 68.729345703125
297.0 69.03022079467773
298.0 67.7806640625
299.0 66.64059219360351
300.0 66.43790283203126
301.0 65.0690544128418
302.0 64.0887825012207
303.0 63.633890533447264
304.0 63.36911582946777
305.0 62.78761749267578
306.0 61.815378952026364
307.0 60.40659713745117
308.0 60.552656936645505
309.0 60.555180358886716
310.0 60.41764907836914
311.0 59.71067390441895
312.0 58.73490982055664
313.0 58.325396347045896
314.0 58.342820739746095
315.0 58.159633255004884
316.0 58.65643081665039
317.0 59.07970657348633
318.0 58.49846725463867
319.0 58.478125381469724
320.0 58.845100021362306
321.0 57.99481773376465
322.0 57.77502021789551
323.0 57.81898498535156
324.0 57.64681701660156
325.0 56.55385513305664
326.0 56.04306983947754
327.0 56.14343910217285
328.0 55.00527801513672
329.0 53.977546310424806
330.0 53.771128463745114
331.0 53.17028617858887
332.0 53.49703826904297
333.0 53.54156723022461
334.0 53.3485523223877
335.0 53.32174644470215
336.0 53.137092208862306
337.0 52.866682052612305
338.0 53.1980785369873
339.0 53.7295166015625
340.0 53.19120407104492
341.0 52.914669799804685
342.0 52.672424697875975
343.0 52.19743957519531
344.0 51.77075424194336
345.0 50.944739532470706
346.0 50.76812553405762
347.0 49.92734489440918
348.0 50.35279006958008
349.0 51.16871299743652
350.0 50.518693161010745
351.0 50.37293663024902
352.0 50.26593017578125
353.0 50.15607948303223
354.0 50.412737655639646
355.0 49.9808837890625
356.0 49.60192337036133
357.0 49.86998519897461
358.0 50.497319030761716
359.0 50.36600761413574
360.0 50.247643280029294
361.0 49.46259078979492
362.0 50.06820526123047
363.0 51.43497657775879
364.0 51.15857162475586
365.0 51.10292625427246
366.0 52.02486572265625
367.0 52.29493675231934
368.0 51.91934242248535
369.0 51.70732498168945
370.0 51.73283500671387
371.0 51.36386985778809
372.0 52.67520256042481
373.0 52.7650447845459
374.0 51.98833808898926
375.0 51.94847526550293
376.0 51.787444305419925
377.0 52.20848121643066
378.0 52.71926422119141
379.0 52.386416625976565
380.0 52.27274742126465
381.0 52.70745162963867
382.0 52.03832893371582
383.0 52.124078369140626
384.0 52.13142433166504
385.0 51.657844924926756
386.0 51.520616149902345
387.0 51.63899879455566
388.0 51.43739891052246
389.0 51.05812721252441
390.0 51.30238800048828
391.0 50.98479957580567
392.0 51.32004852294922
393.0 52.16807556152344
394.0 52.335670471191406
395.0 52.87724151611328
396.0 53.56475486755371
397.0 52.311896896362306
398.0 51.98400688171387
399.0 52.09289398193359
400.0 51.70790672302246
401.0 52.62199249267578
402.0 52.84680061340332
403.0 52.91790084838867
404.0 52.99849433898926
405.0 52.70907287597656
406.0 53.63077354431152
407.0 53.98010673522949
408.0 53.224592208862305
409.0 53.41242790222168
410.0 53.27343101501465
411.0 52.915409851074216
412.0 52.73161087036133
413.0 52.85483665466309
414.0 53.054374313354494
415.0 53.59206962585449
416.0 53.737945556640625
417.0 52.23897438049316
418.0 51.76195449829102
419.0 52.76971435546875
420.0 52.40439414978027
421.0 51.808413696289065
422.0 50.83059387207031
423.0 51.24451217651367
424.0 51.709096908569336
425.0 51.22038040161133
426.0 50.46470718383789
427.0 49.67826766967774
428.0 48.830725479125974
429.0 48.136668014526364
430.0 47.83714637756348
431.0 48.062493896484376
432.0 48.34396057128906
433.0 49.11416816711426
434.0 49.17270698547363
435.0 48.91212882995605
436.0 49.241075897216795
437.0 49.48712272644043
438.0 49.62569313049316
439.0 50.22528228759766
440.0 50.912607955932614
441.0 50.43956756591797
442.0 49.07605819702148
443.0 49.26038284301758
444.0 50.335626220703126
445.0 51.00990447998047
446.0 51.060129928588864
447.0 51.472773742675784
448.0 51.38095817565918
449.0 51.64890098571777
450.0 52.1155502319336
451.0 51.254195022583005
452.0 51.56901206970215
453.0 51.608175659179686
454.0 50.732021713256835
455.0 50.19125595092773
456.0 50.50709342956543
457.0 50.825521087646486
458.0 50.93537635803223
459.0 50.82115592956543
460.0 50.93549003601074
461.0 50.7803409576416
462.0 51.8077880859375
463.0 52.28816604614258
464.0 52.36203117370606
465.0 52.33270111083984
466.0 51.71110458374024
467.0 52.117222213745116
468.0 52.92584114074707
469.0 53.349002838134766
470.0 52.740186309814455
471.0 51.9595531463623
472.0 51.75732688903808
473.0 50.99033203125
474.0 50.4305305480957
475.0 49.85017776489258
476.0 49.28264961242676
477.0 48.950007629394534
478.0 48.65287628173828
479.0 48.621964645385745
480.0 47.77778549194336
481.0 47.350210952758786
482.0 48.14277305603027
483.0 48.020147705078124
484.0 47.54829292297363
