1.0 21.06310291290283
2.0 20.860069847106935
3.0 20.816751289367676
4.0 20.673790168762206
5.0 20.69198932647705
6.0 20.654356002807617
7.0 20.672251510620118
8.0 20.707548713684083
9.0 20.643448448181154
10.0 20.739541816711426
11.0 20.697614479064942
12.0 20.302655982971192
13.0 20.553536415100098
14.0 20.950110626220702
15.0 21.090606498718262
16.0 20.98639907836914
17.0 20.903039741516114
18.0 20.96421375274658
19.0 20.80132999420166
20.0 20.590167236328124
21.0 20.6870210647583
22.0 20.65001983642578
23.0 20.787440490722656
24.0 20.716723251342774
25.0 20.497152900695802
26.0 20.587834358215332
27.0 20.46080780029297
28.0 20.093768310546874
29.0 20.3201566696167
30.0 20.950214195251466
31.0 21.04519577026367
32.0 20.833639717102052
33.0 20.66617088317871
34.0 20.684696388244628
35.0 20.540308952331543
36.0 20.441455459594728
37.0 20.34830722808838
38.0 20.192982482910157
39.0 20.213333129882813
40.0 20.679504585266113
41.0 21.032310485839844
42.0 20.667104148864745
43.0 20.77233543395996
44.0 21.127433204650877
45.0 20.8688175201416
46.0 20.282498931884767
47.0 20.341714668273926
48.0 20.784596061706544
49.0 20.44931812286377
50.0 20.19282512664795
51.0 20.83045425415039
52.0 20.995947265625
53.0 20.863545417785645
54.0 20.69402656555176
55.0 20.226099967956543
56.0 19.897840118408205
57.0 20.106250381469728
58.0 20.33457260131836
59.0 20.29179630279541
60.0 20.651638221740722
61.0 20.587202262878417
62.0 20.212217140197755
63.0 19.93698921203613
64.0 20.026957511901855
65.0 20.047900581359862
66.0 19.740715408325194
67.0 19.661842155456544
68.0 19.6742525100708
69.0 19.962767028808592
70.0 20.267333221435546
71.0 20.137746238708495
72.0 20.351566505432128
73.0 20.222121047973634
74.0 20.203686332702638
75.0 20.283383941650392
76.0 20.377915382385254
77.0 20.596324157714843
78.0 20.788148498535158
79.0 20.48485450744629
80.0 19.948765754699707
81.0 19.951033210754396
82.0 20.393173217773438
83.0 20.283698654174806
84.0 20.462602043151854
85.0 21.17075881958008
86.0 20.30088062286377
87.0 19.872532272338866
88.0 19.796171760559083
89.0 19.95591335296631
90.0 20.415747261047365
91.0 19.829612731933594
92.0 19.989281272888185
93.0 20.121380233764647
94.0 20.125061225891113
95.0 20.291616249084473
96.0 19.91868724822998
97.0 19.506232452392577
98.0 19.451914405822755
99.0 19.312751960754394
100.0 19.363398361206055
101.0 19.672143363952635
102.0 19.378985595703124
103.0 19.17127857208252
104.0 19.26201820373535
105.0 19.11785469055176
106.0 19.058899688720704
107.0 19.388279342651366
108.0 19.23313331604004
109.0 18.748352813720704
110.0 19.207413291931154
111.0 19.32324085235596
112.0 19.4531307220459
113.0 19.466748046875
114.0 18.993857192993165
115.0 18.98964900970459
116.0 19.07869052886963
117.0 19.046020698547363
118.0 18.98164482116699
119.0 19.153423690795897
120.0 19.06210651397705
121.0 18.88810977935791
122.0 19.267045974731445
123.0 19.643348121643065
124.0 19.611415481567384
125.0 19.216741943359374
126.0 18.94695301055908
127.0 19.072591400146486
128.0 19.21389808654785
129.0 18.770517921447755
130.0 18.907431411743165
131.0 19.03027400970459
132.0 18.710430335998534
133.0 18.625105094909667
134.0 18.36855297088623
135.0 18.324082374572754
136.0 18.827857398986815
137.0 18.728455352783204
138.0 18.20391674041748
139.0 17.731620407104494
140.0 17.661117553710938
141.0 18.122922039031984
142.0 18.1135461807251
143.0 18.25970039367676
144.0 18.42284049987793
145.0 17.825160408020018
146.0 17.970808029174805
147.0 18.12835235595703
148.0 18.00437126159668
149.0 17.68829517364502
150.0 17.09538345336914
151.0 17.08234758377075
152.0 17.319569206237794
153.0 17.26847858428955
154.0 17.384415054321288
155.0 17.330913925170897
156.0 17.308201026916503
157.0 17.198098754882814
158.0 17.606834983825685
159.0 18.090442085266112
160.0 18.126390838623045
161.0 17.752753067016602
162.0 17.906726264953612
163.0 17.518760871887206
164.0 17.424210357666016
165.0 17.834078788757324
166.0 17.8798397064209
167.0 17.721309089660643
168.0 17.517144775390626
169.0 17.324271583557127
170.0 16.905245208740233
171.0 16.884304237365722
172.0 17.166873741149903
173.0 17.500156021118165
174.0 17.440810775756837
175.0 17.17010154724121
176.0 17.247846794128417
177.0 17.129145622253418
178.0 17.0232873916626
179.0 17.21132049560547
180.0 17.445185279846193
181.0 17.523480224609376
182.0 17.276458740234375
183.0 17.051439666748045
184.0 16.968199157714842
185.0 16.869442749023438
186.0 17.444151306152342
187.0 17.72876853942871
188.0 17.71064395904541
189.0 17.302959442138672
190.0 17.412875938415528
191.0 17.575232124328615
192.0 17.799865341186525
193.0 17.229936027526854
194.0 16.855530548095704
195.0 17.079417037963868
196.0 17.351066207885744
197.0 17.35769863128662
198.0 17.247692489624022
199.0 17.212110710144042
200.0 17.011464500427245
201.0 16.798192024230957
202.0 16.87173385620117
203.0 17.131220626831055
204.0 17.369602012634278
205.0 17.37462158203125
206.0 17.182166481018065
207.0 17.395245170593263
208.0 17.19320583343506
209.0 16.983065795898437
210.0 16.951103973388673
211.0 17.174598121643065
212.0 17.2307466506958
213.0 16.650758743286133
214.0 16.814134407043458
215.0 16.96870861053467
216.0 17.16874256134033
217.0 17.09990062713623
218.0 17.02566261291504
219.0 17.346586418151855
220.0 17.043428897857666
221.0 17.084692573547365
222.0 17.08262929916382
223.0 17.1491756439209
224.0 17.897589492797852
225.0 18.22578296661377
226.0 17.83664779663086
227.0 17.53760986328125
228.0 17.725830078125
229.0 17.54796781539917
230.0 17.315163612365723
231.0 17.44638900756836
232.0 17.80702323913574
233.0 17.782298851013184
234.0 17.55228614807129
235.0 17.850758934020995
236.0 17.613963508605956
237.0 17.227065658569337
238.0 16.389426517486573
239.0 16.892888832092286
240.0 17.53504886627197
241.0 17.157154655456544
242.0 17.14738655090332
243.0 16.808859252929686
244.0 16.571970558166505
245.0 16.456929397583007
246.0 16.793855094909667
247.0 16.73532600402832
248.0 16.455454540252685
249.0 16.87634563446045
250.0 17.61331443786621
251.0 17.385809707641602
252.0 16.880515766143798
253.0 17.344332695007324
254.0 17.423011207580565
255.0 17.002161979675293
256.0 17.254830360412598
257.0 16.78165512084961
258.0 17.632001876831055
259.0 17.223182487487794
260.0 17.320632553100587
261.0 17.07074193954468
262.0 17.447884178161623
263.0 16.585543060302733
264.0 16.473106384277344
265.0 17.165819263458253
266.0 17.25115051269531
267.0 17.294242477416994
268.0 17.07034788131714
269.0 17.311819648742677
270.0 17.29341039657593
271.0 16.97732229232788
272.0 17.491259765625
273.0 17.390189552307127
274.0 17.606581687927246
275.0 17.13892364501953
276.0 17.106860733032228
277.0 17.517802238464355
278.0 17.362018394470216
279.0 17.580562782287597
280.0 17.387985610961913
281.0 17.353180503845216
282.0 17.502186584472657
283.0 17.38812427520752
284.0 17.089705657958984
285.0 16.8707483291626
286.0 17.070216560363768
287.0 17.207163619995118
288.0 17.135297584533692
289.0 17.355369567871094
290.0 17.31630172729492
291.0 17.42525444030762
292.0 17.592281341552734
293.0 17.31384449005127
294.0 17.32077407836914
295.0 17.05074100494385
296.0 17.0539493560791
297.0 17.01960849761963
298.0 17.165501594543457
299.0 16.58103713989258
300.0 16.347517585754396
301.0 16.200049209594727
302.0 15.716216278076171
303.0 15.652780342102051
304.0 15.684501838684081
305.0 15.681565952301025
306.0 15.740976333618164
307.0 15.189497566223144
308.0 15.438399410247802
309.0 14.99109764099121
310.0 14.412112045288087
311.0 14.881738662719727
312.0 14.968403530120849
313.0 14.734997272491455
314.0 15.105656147003174
315.0 15.015023803710937
316.0 14.848767948150634
317.0 14.54322328567505
318.0 14.052370548248291
319.0 13.929763221740723
320.0 13.92921257019043
321.0 14.124082660675048
322.0 14.21616859436035
323.0 14.255086517333984
324.0 14.15876121520996
325.0 13.661839294433594
326.0 13.267775535583496
327.0 13.083943462371826
328.0 12.850385284423828
329.0 12.63156099319458
330.0 12.5744309425354
331.0 12.909629154205323
332.0 13.086400127410888
333.0 12.586145687103272
334.0 12.599681854248047
335.0 12.43133020401001
336.0 12.569443035125733
337.0 12.653033542633057
338.0 12.5365065574646
339.0 12.67215633392334
340.0 12.80770502090454
341.0 12.562864303588867
342.0 12.276995372772216
343.0 12.181685733795167
344.0 12.030915546417237
345.0 12.065361309051514
346.0 11.97214641571045
347.0 11.717257881164551
348.0 11.706933403015137
349.0 11.542967510223388
350.0 11.765667343139649
351.0 11.98779935836792
352.0 11.745856094360352
353.0 12.080296611785888
354.0 11.979757404327392
355.0 11.7216965675354
356.0 12.239791202545167
357.0 12.460847949981689
358.0 11.918350505828858
359.0 11.933659839630128
360.0 11.762006092071534
361.0 11.851856708526611
362.0 11.86244764328003
363.0 12.170828342437744
364.0 12.46247968673706
365.0 12.159777450561524
366.0 12.096439933776855
367.0 11.966275405883788
368.0 11.734041213989258
369.0 11.922318458557129
370.0 12.274472904205322
371.0 12.196173000335694
372.0 11.951083374023437
373.0 12.080181884765626
374.0 12.046127891540527
375.0 12.042024993896485
376.0 12.370218849182129
377.0 12.357946586608886
378.0 12.132920932769775
379.0 12.284918594360352
380.0 12.21866970062256
381.0 12.258391284942627
382.0 11.828761005401612
383.0 11.619259643554688
384.0 12.087415027618409
385.0 12.06976957321167
386.0 11.791720390319824
387.0 11.975457668304443
388.0 11.899435997009277
389.0 11.511359596252442
390.0 11.388485336303711
391.0 11.721474361419677
392.0 11.561904525756836
393.0 11.602323150634765
394.0 12.161768341064453
395.0 12.096537971496582
396.0 11.729915237426757
397.0 11.94858226776123
398.0 12.284913444519043
399.0 12.00944414138794
400.0 11.93770399093628
401.0 12.403259658813477
402.0 12.609131622314454
403.0 12.222841548919678
404.0 12.463330841064453
405.0 12.357790756225587
406.0 12.274563217163086
407.0 12.170305728912354
408.0 12.140455150604248
409.0 12.25312557220459
410.0 12.266763496398926
411.0 11.860309219360351
412.0 11.880788135528565
413.0 12.185542964935303
414.0 12.811279106140137
415.0 12.30693941116333
416.0 12.515060901641846
417.0 12.534437084197998
418.0 12.66039218902588
419.0 12.764466476440429
420.0 12.105571746826172
421.0 11.820287799835205
422.0 12.281403255462646
423.0 12.518323707580567
424.0 12.279503917694091
425.0 11.965168380737305
426.0 11.591477489471435
427.0 11.512064743041993
428.0 11.504603004455566
429.0 11.57287302017212
430.0 11.224927139282226
431.0 11.29870538711548
432.0 11.27131233215332
433.0 10.867157554626464
434.0 10.808699989318848
435.0 11.348470497131348
436.0 11.56914529800415
437.0 11.534200859069824
438.0 11.45297269821167
439.0 11.71367588043213
440.0 11.484242343902588
441.0 11.04146900177002
442.0 11.530309104919434
443.0 11.62637882232666
444.0 11.670737075805665
445.0 11.768175506591797
446.0 11.97752628326416
447.0 11.553805065155029
448.0 11.689902591705323
449.0 12.0393497467041
450.0 12.430957984924316
451.0 12.251080513000488
452.0 11.790612697601318
453.0 11.534937953948974
454.0 11.393182945251464
455.0 11.300611591339111
456.0 11.593708324432374
457.0 11.840666961669921
458.0 11.592230701446534
459.0 11.736940860748291
460.0 12.008463764190674
461.0 12.079077529907227
462.0 11.745985412597657
463.0 11.704648399353028
464.0 11.971231651306152
465.0 11.743596839904786
466.0 11.663168907165527
467.0 11.748265743255615
468.0 11.836087417602538
469.0 11.646098232269287
470.0 11.599583435058594
471.0 11.773184680938721
472.0 11.46071481704712
473.0 11.487316703796386
474.0 11.44186954498291
475.0 11.510863304138184
476.0 11.414304065704346
477.0 11.343670845031738
478.0 11.124292850494385
479.0 10.726951599121094
480.0 10.547763252258301
481.0 10.885875606536866
482.0 10.924422550201417
483.0 10.836828136444092
484.0 10.663558387756348
