1.0 1.7233811795711518
2.0 1.7238067150115968
3.0 1.73415105342865
4.0 1.729400134086609
5.0 1.7321948647499084
6.0 1.7435735583305358
7.0 1.7413810908794403
8.0 1.7262047171592712
9.0 1.7122946798801422
10.0 1.7202735781669616
11.0 1.7184154570102692
12.0 1.7325337707996369
13.0 1.7259948015213014
14.0 1.727905309200287
15.0 1.7168749809265136
16.0 1.7225207269191742
17.0 1.7322035014629364
18.0 1.720009332895279
19.0 1.7100217938423157
20.0 1.7112857103347778
21.0 1.7122729063034057
22.0 1.7098410487174989
23.0 1.7139124810695647
24.0 1.702057707309723
25.0 1.7007629036903382
26.0 1.7236610531806946
27.0 1.728680956363678
28.0 1.7375413000583648
29.0 1.709448230266571
30.0 1.7247106552124023
31.0 1.728589028120041
32.0 1.7213525116443633
33.0 1.7260941028594972
34.0 1.7173474907875061
35.0 1.7151358127593994
36.0 1.7230100452899932
37.0 1.7266460716724397
38.0 1.7226099967956543
39.0 1.7202475488185882
40.0 1.716709041595459
41.0 1.7266307890415191
42.0 1.7294620335102082
43.0 1.7270666658878326
44.0 1.729096031188965
45.0 1.7233156979084014
46.0 1.7205613553524017
47.0 1.7150622367858888
48.0 1.7201039731502532
49.0 1.735729068517685
50.0 1.7240557014942168
51.0 1.720652461051941
52.0 1.7345165610313416
53.0 1.7330078482627869
54.0 1.7422688841819762
55.0 1.7434377133846284
56.0 1.7427205443382263
57.0 1.7356649518013
58.0 1.7382709681987762
59.0 1.739812183380127
60.0 1.748483234643936
61.0 1.7412931799888611
62.0 1.7336026549339294
63.0 1.7450349748134613
64.0 1.7491225242614745
65.0 1.7272025048732758
66.0 1.7549623608589173
67.0 1.7541517853736877
68.0 1.751802033185959
69.0 1.7606808304786683
70.0 1.780570876598358
71.0 1.7698481738567353
72.0 1.7706308245658875
73.0 1.7484488606452941
74.0 1.7470075190067291
75.0 1.736599713563919
76.0 1.7489041924476623
77.0 1.75990429520607
78.0 1.7286263942718505
79.0 1.742856901884079
80.0 1.7449092626571656
81.0 1.7181036233901978
82.0 1.7218079090118408
83.0 1.7505662500858308
84.0 1.7423471212387085
85.0 1.7449422121047973
86.0 1.7315214991569519
87.0 1.7259457468986512
88.0 1.7287345945835113
89.0 1.7212045669555665
90.0 1.7209043502807617
91.0 1.727805233001709
92.0 1.729922318458557
93.0 1.7139696955680848
94.0 1.7070432603359222
95.0 1.7141851425170898
96.0 1.717486608028412
97.0 1.7199653327465056
98.0 1.7273254632949828
99.0 1.7245021879673004
100.0 1.7191061973571777
101.0 1.7230576038360597
102.0 1.7245673954486846
103.0 1.7055854320526123
104.0 1.7173435688018799
105.0 1.7196572482585908
106.0 1.7341968357563018
107.0 1.7361032664775848
108.0 1.7219131112098693
109.0 1.7158306241035461
110.0 1.7310367226600647
111.0 1.7051295697689057
112.0 1.7125826001167297
113.0 1.7230716705322267
114.0 1.720219087600708
115.0 1.7293376684188844
116.0 1.7217664003372193
117.0 1.716037493944168
118.0 1.7102492034435273
119.0 1.7205766141414642
120.0 1.7260348081588746
121.0 1.7357554614543915
122.0 1.7142700850963593
123.0 1.7095091104507447
124.0 1.7209230661392212
125.0 1.7076822817325592
126.0 1.7024808526039124
127.0 1.703832858800888
128.0 1.7131215572357177
129.0 1.7083090841770172
130.0 1.721035647392273
131.0 1.7017817556858064
132.0 1.7118580877780913
133.0 1.706358003616333
134.0 1.7097613990306855
135.0 1.7062165319919587
136.0 1.729730135202408
137.0 1.7176893651485443
138.0 1.7031575202941895
139.0 1.7012939274311065
140.0 1.7004303574562072
141.0 1.7014667689800262
142.0 1.693040943145752
143.0 1.6957300543785094
144.0 1.7101029336452485
145.0 1.7152495801448822
146.0 1.7001566469669342
147.0 1.6906058847904206
148.0 1.686743861436844
149.0 1.6913816273212432
150.0 1.7008849799633026
151.0 1.699051183462143
152.0 1.6979654550552368
153.0 1.6909306585788726
154.0 1.698316717147827
155.0 1.6918869733810424
156.0 1.6990557551383971
157.0 1.7013328194618225
158.0 1.7048279702663423
159.0 1.713661551475525
160.0 1.7073609411716462
161.0 1.7057813644409179
162.0 1.7045084953308105
163.0 1.712058824300766
164.0 1.691980117559433
165.0 1.6794610619544983
166.0 1.6958519279956819
167.0 1.7029921770095826
168.0 1.6976422369480133
169.0 1.697215086221695
170.0 1.6986839175224304
171.0 1.6914707958698272
172.0 1.6889861941337585
173.0 1.6927180588245392
174.0 1.6716691851615906
175.0 1.6805871784687043
176.0 1.6679469525814057
177.0 1.6695424556732177
178.0 1.6591632664203644
179.0 1.6586161136627198
180.0 1.6661094546318054
181.0 1.6534252762794495
182.0 1.6534337878227234
183.0 1.6569427728652955
184.0 1.66409330368042
185.0 1.6580330193042756
186.0 1.646801722049713
187.0 1.650398862361908
188.0 1.6611267864704131
189.0 1.6629804074764252
190.0 1.6545905768871307
191.0 1.646771502494812
192.0 1.6442054986953736
193.0 1.6452819645404815
194.0 1.6356859385967255
195.0 1.64313046336174
196.0 1.6465578556060791
197.0 1.6261281549930573
198.0 1.6334316611289978
199.0 1.6484468519687652
200.0 1.6500114917755127
201.0 1.6425803363323213
202.0 1.6354063689708709
203.0 1.6526195645332336
204.0 1.660419523715973
205.0 1.6676297962665558
206.0 1.659475415945053
207.0 1.660574334859848
208.0 1.656094753742218
209.0 1.665832632780075
210.0 1.6720818817615508
211.0 1.6596458554267883
212.0 1.673108983039856
213.0 1.6754423320293426
214.0 1.6619464457035065
215.0 1.6662424564361573
216.0 1.6743336260318755
217.0 1.6670207262039185
218.0 1.6755865693092347
219.0 1.6681643962860107
220.0 1.6560586094856262
221.0 1.6527828752994538
222.0 1.6657356858253478
223.0 1.6795995593070985
224.0 1.6799549460411072
225.0 1.6679316103458404
226.0 1.6685529410839082
227.0 1.6863259732723237
228.0 1.6951239585876465
229.0 1.7032407641410827
230.0 1.6935886442661285
231.0 1.6946252882480621
232.0 1.6939006328582764
233.0 1.6963755309581756
234.0 1.7064615190029144
235.0 1.7063340306282044
236.0 1.6903501868247985
237.0 1.690882271528244
238.0 1.674423050880432
239.0 1.6513518631458282
240.0 1.6524768888950347
241.0 1.6553067505359649
242.0 1.6442133128643035
243.0 1.6429394483566284
244.0 1.6625958919525146
245.0 1.6407715678215027
246.0 1.642368698120117
247.0 1.6371086716651917
248.0 1.6330192863941193
249.0 1.654785680770874
250.0 1.6533974289894104
251.0 1.6451267004013062
252.0 1.6297780930995942
253.0 1.6397021055221557
254.0 1.63176286816597
255.0 1.6308837831020355
256.0 1.623309075832367
257.0 1.6423363506793975
258.0 1.6446943759918213
259.0 1.6237210869789123
260.0 1.606415867805481
261.0 1.6112747013568878
262.0 1.622782015800476
263.0 1.607098776102066
264.0 1.623325514793396
265.0 1.6112340271472931
266.0 1.613460010290146
267.0 1.6103224158287048
268.0 1.6278766870498658
269.0 1.6173697769641877
270.0 1.5986480176448823
271.0 1.6034729778766632
272.0 1.5862390995025635
273.0 1.5859734535217285
274.0 1.5902158498764039
275.0 1.5988712728023529
276.0 1.5883714854717255
277.0 1.5845065653324126
278.0 1.589422881603241
279.0 1.5936187028884887
280.0 1.5945478856563569
281.0 1.6026748955249785
282.0 1.604690545797348
283.0 1.5939545154571533
284.0 1.589133071899414
285.0 1.5893814623355866
286.0 1.5859740138053895
287.0 1.5749661922454834
288.0 1.5923419177532196
289.0 1.590109407901764
290.0 1.5792104840278625
291.0 1.5954760432243347
292.0 1.5923853158950805
293.0 1.5907754242420196
294.0 1.595602774620056
295.0 1.5756501972675323
296.0 1.5710722744464873
297.0 1.58177952170372
298.0 1.581911426782608
299.0 1.5707754611968994
300.0 1.5690941274166108
301.0 1.5767018973827363
302.0 1.5730684280395508
303.0 1.5804960608482361
304.0 1.5754473328590393
305.0 1.547582221031189
306.0 1.5631536304950715
307.0 1.5648169577121736
308.0 1.5489860713481902
309.0 1.5606886088848113
310.0 1.57690948843956
311.0 1.5629957258701324
312.0 1.5646185636520387
313.0 1.5775337994098664
314.0 1.5716183304786682
315.0 1.563365751504898
316.0 1.563375073671341
317.0 1.5757723152637482
318.0 1.5848543286323546
319.0 1.572904998064041
320.0 1.5707005202770232
321.0 1.5677544891834259
322.0 1.5632998883724212
323.0 1.5582599818706513
324.0 1.5744914293289185
325.0 1.5615628063678741
326.0 1.5531517624855042
327.0 1.5498028576374054
328.0 1.5458259463310242
329.0 1.5466180980205535
330.0 1.5597694396972657
331.0 1.5552076935768127
332.0 1.5528869032859802
333.0 1.5332280039787292
334.0 1.5494722366333007
335.0 1.5559045791625976
336.0 1.5703900694847106
337.0 1.5658722341060638
338.0 1.5676804780960083
339.0 1.549730408191681
340.0 1.5466476917266845
341.0 1.5565452873706818
342.0 1.555763167142868
343.0 1.5656547963619232
344.0 1.5655718326568604
345.0 1.5591775357723237
346.0 1.5596115350723267
347.0 1.5613037943840027
348.0 1.563804268836975
349.0 1.5657194972038269
350.0 1.5556665420532227
351.0 1.5561777472496032
352.0 1.5647645473480225
353.0 1.5685297429561615
354.0 1.5578726410865784
355.0 1.5529101729393004
356.0 1.5571180284023285
357.0 1.564900428056717
358.0 1.5752707302570343
359.0 1.5604387938976287
360.0 1.5519123315811156
361.0 1.5585469603538513
362.0 1.5600102603435517
363.0 1.5565805792808534
364.0 1.5655193686485291
365.0 1.568508929014206
366.0 1.5412129163742065
367.0 1.551087898015976
368.0 1.5563085198402404
369.0 1.5529076635837555
370.0 1.5612854599952697
371.0 1.569937252998352
372.0 1.5665738701820373
373.0 1.5728550910949708
374.0 1.579177975654602
375.0 1.578945904970169
376.0 1.5648360788822173
377.0 1.5693889915943147
378.0 1.5633205771446228
379.0 1.557656329870224
380.0 1.5751598179340363
381.0 1.5665003538131714
382.0 1.5756961762905122
383.0 1.568352109193802
384.0 1.5612428069114686
385.0 1.5598178386688233
386.0 1.5639264523983
387.0 1.5771416068077087
388.0 1.587021827697754
389.0 1.5690628051757813
390.0 1.560078853368759
391.0 1.5640198707580566
392.0 1.5632677733898164
393.0 1.5587114632129668
394.0 1.5603021919727325
395.0 1.567656809091568
396.0 1.5642638862133027
397.0 1.5681213021278382
398.0 1.5486360728740691
399.0 1.5526427149772644
400.0 1.5653491914272308
401.0 1.5733156323432922
402.0 1.5752775371074677
403.0 1.579568362236023
404.0 1.5899092614650727
405.0 1.5959109306335448
406.0 1.563043624162674
407.0 1.5513259589672088
408.0 1.5702836036682128
409.0 1.5755094408988952
410.0 1.563537871837616
411.0 1.5650416672229768
412.0 1.5610333502292633
413.0 1.5574756741523743
414.0 1.5685025334358216
415.0 1.563960188627243
416.0 1.5812622010707855
417.0 1.5664516687393188
418.0 1.5840661108493805
419.0 1.5951829135417939
420.0 1.5911622762680053
421.0 1.5867434442043304
422.0 1.5900164008140565
423.0 1.5758959531784058
424.0 1.5717487335205078
425.0 1.5810854077339171
426.0 1.5815002083778382
427.0 1.5813780665397643
428.0 1.577649438381195
429.0 1.5845093965530395
430.0 1.5907879710197448
431.0 1.5606572151184082
432.0 1.5583226203918457
433.0 1.5822583556175231
434.0 1.5828497231006622
435.0 1.5842503190040589
436.0 1.5724143505096435
437.0 1.587983250617981
438.0 1.5643437325954437
439.0 1.5863661468029022
440.0 1.5956587672233582
441.0 1.583949899673462
442.0 1.5990097939968109
443.0 1.6048629879951477
444.0 1.5933592319488525
445.0 1.595685112476349
446.0 1.6034324586391449
447.0 1.6147924959659576
448.0 1.6000943183898926
449.0 1.5888611793518066
450.0 1.5871835350990295
451.0 1.5962711930274964
452.0 1.60227010846138
453.0 1.5954098582267762
454.0 1.5970644235610962
455.0 1.6096383810043335
456.0 1.5913580894470214
457.0 1.5702651619911194
458.0 1.5758006930351258
459.0 1.5844197154045105
460.0 1.5769268691539764
461.0 1.5733126997947693
462.0 1.5817107796669005
463.0 1.5862576127052308
464.0 1.5934903740882873
465.0 1.5889150857925416
466.0 1.5859026551246642
467.0 1.5855914771556854
468.0 1.5710843324661254
469.0 1.5663756668567657
470.0 1.5608235716819763
471.0 1.572192668914795
472.0 1.5740840494632722
473.0 1.5617150783538818
474.0 1.5667850494384765
475.0 1.569292551279068
476.0 1.5531682789325714
477.0 1.5545972645282746
478.0 1.5641395330429078
479.0 1.5701661467552186
480.0 1.5524098217487334
481.0 1.547467088699341
482.0 1.5496635854244232
483.0 1.5460551261901856
484.0 1.550848764181137
485.0 1.5513138949871064
486.0 1.5594116866588592
487.0 1.5610044419765472
488.0 1.564343911409378
489.0 1.5715906023979187
490.0 1.5564225316047668
491.0 1.55206378698349
492.0 1.554438304901123
493.0 1.5561475932598114
494.0 1.5366159200668335
495.0 1.5506938993930817
496.0 1.5426711916923523
497.0 1.5323062300682069
498.0 1.5288784146308898
499.0 1.5547240614891051
500.0 1.539734798669815
501.0 1.542268270254135
502.0 1.5387785732746124
503.0 1.5323528110980988
504.0 1.5418646097183228
505.0 1.535511702299118
506.0 1.5394058763980865
507.0 1.542339062690735
508.0 1.5503147423267365
509.0 1.5387068688869476
510.0 1.5326892673969268
511.0 1.5406048715114593
512.0 1.5491304278373719
513.0 1.5580632150173188
514.0 1.5562515318393708
515.0 1.5581224501132964
516.0 1.5569422364234924
517.0 1.5454051613807678
518.0 1.5602122664451599
519.0 1.5620216012001038
520.0 1.5484938502311707
521.0 1.554666554927826
522.0 1.5469452619552613
523.0 1.5561489522457124
524.0 1.5768565714359284
525.0 1.573341429233551
526.0 1.5625423789024353
527.0 1.5734395265579224
528.0 1.5871733009815217
529.0 1.5890129387378693
530.0 1.5896852910518646
531.0 1.588724547624588
532.0 1.584668892621994
533.0 1.578064650297165
534.0 1.578881847858429
535.0 1.5912536203861236
536.0 1.581798940896988
537.0 1.593522572517395
538.0 1.6037425756454469
539.0 1.5872354388237
540.0 1.6061814606189728
541.0 1.6013717293739318
542.0 1.604773324728012
543.0 1.6088606119155884
544.0 1.604524451494217
545.0 1.6159346461296082
546.0 1.6124458193778992
547.0 1.6201339662075043
548.0 1.6195495784282685
549.0 1.6337847054004668
550.0 1.6275299966335297
551.0 1.6183899819850922
552.0 1.6074551343917847
553.0 1.6121413826942443
554.0 1.60367112159729
555.0 1.5937207639217377
556.0 1.6032358765602113
557.0 1.6140340924263001
558.0 1.603888213634491
559.0 1.5929755747318268
560.0 1.5961078822612762
561.0 1.5964862167835236
562.0 1.5922206342220306
563.0 1.5926254570484162
564.0 1.5992235124111176
565.0 1.5945519149303435
566.0 1.592887568473816
567.0 1.606926590204239
568.0 1.611847108602524
569.0 1.6071515500545501
570.0 1.6139795362949372
571.0 1.6040421307086945
572.0 1.6081523954868318
573.0 1.6198394775390625
574.0 1.6191084265708924
575.0 1.61637681722641
576.0 1.6256868660449981
577.0 1.6352650284767152
578.0 1.6510399103164672
579.0 1.6599197685718536
580.0 1.6770356059074403
581.0 1.6598804414272308
582.0 1.6647737145423889
583.0 1.679884934425354
584.0 1.7004661738872529
585.0 1.722700011730194
586.0 1.7228835225105286
587.0 1.740479826927185
588.0 1.75682076215744
589.0 1.7570083260536193
590.0 1.7692567110061646
591.0 1.758858823776245
592.0 1.7606827020645142
593.0 1.7675781965255737
594.0 1.7837435364723206
595.0 1.7782888054847716
596.0 1.770697945356369
597.0 1.7837060213088989
598.0 1.78754802942276
599.0 1.796666556596756
600.0 1.8138081431388855
601.0 1.7977416336536407
602.0 1.769932395219803
603.0 1.7820231795310975
604.0 1.762195211648941
605.0 1.7811435222625733
606.0 1.7689351856708526
607.0 1.752362459897995
608.0 1.760929524898529
609.0 1.7558679103851318
610.0 1.7655569076538087
611.0 1.7627336621284484
612.0 1.740438210964203
613.0 1.7331589698791503
614.0 1.7400781631469726
615.0 1.7334224998950958
616.0 1.7333363950252534
617.0 1.73783620595932
618.0 1.7356417715549468
619.0 1.7164217829704285
620.0 1.7051502287387847
621.0 1.717843270301819
622.0 1.7069216668605804
623.0 1.7018496513366699
624.0 1.7023773789405823
625.0 1.699327290058136
626.0 1.6812305629253388
627.0 1.6883338570594788
628.0 1.6863674223423004
629.0 1.6700114846229552
630.0 1.6816797792911529
631.0 1.6732546031475066
632.0 1.6707687318325042
633.0 1.6487806379795074
634.0 1.6551639080047607
635.0 1.6549825429916383
636.0 1.65382519364357
637.0 1.651375514268875
638.0 1.6311195492744446
639.0 1.623271894454956
640.0 1.6395461916923524
641.0 1.6386675238609314
642.0 1.6375575423240663
643.0 1.6374768435955047
644.0 1.624713283777237
645.0 1.6142387866973877
646.0 1.61266028881073
647.0 1.6195596218109132
648.0 1.6229277491569518
649.0 1.6151720523834228
650.0 1.6001189291477202
651.0 1.6013821959495544
652.0 1.5904082596302032
653.0 1.5695852994918824
654.0 1.568340390920639
655.0 1.574143296480179
656.0 1.5748146593570709
657.0 1.5696450650691987
658.0 1.5523763716220855
659.0 1.5500080406665802
660.0 1.5533949196338654
661.0 1.5480657398700715
662.0 1.5397510468959807
663.0 1.5451501727104187
664.0 1.5428661048412322
665.0 1.5502228796482087
666.0 1.5477582275867463
667.0 1.5403051018714904
668.0 1.5308023512363433
669.0 1.5247830748558044
670.0 1.5238272845745087
671.0 1.5135631501674651
672.0 1.5077259242534637
673.0 1.5053646624088288
674.0 1.507213646173477
675.0 1.5055008292198182
676.0 1.4965993344783783
677.0 1.5016856789588928
678.0 1.5095861434936524
679.0 1.4991668283939361
680.0 1.4969486892223358
681.0 1.4906991183757783
682.0 1.4828398287296296
683.0 1.497049206495285
684.0 1.4929475605487823
685.0 1.481912487745285
686.0 1.4732443034648894
687.0 1.464937835931778
688.0 1.462020993232727
689.0 1.4685157895088197
690.0 1.4724741280078888
691.0 1.4775608122348785
692.0 1.473797333240509
693.0 1.4709390938282012
694.0 1.462473326921463
695.0 1.4517653226852416
696.0 1.4637525498867034
697.0 1.4691792666912078
698.0 1.4767002940177918
699.0 1.4732356011867522
700.0 1.4765560030937195
701.0 1.4719053268432618
702.0 1.4705121576786042
703.0 1.4725083470344544
704.0 1.484589445590973
705.0 1.4721156716346742
706.0 1.4722599864006043
707.0 1.4522059917449952
708.0 1.4530579328536988
709.0 1.4723028302192689
710.0 1.474877256155014
711.0 1.471325659751892
712.0 1.4793639183044434
713.0 1.4815186321735383
714.0 1.4787514507770538
715.0 1.4861269831657409
716.0 1.4979437112808227
717.0 1.4857686698436736
718.0 1.4771552741527558
719.0 1.5060755610466003
720.0 1.4814406156539917
721.0 1.4811638176441193
722.0 1.4800370454788208
723.0 1.4884601473808288
724.0 1.4957958698272704
725.0 1.474834805727005
726.0 1.4708373546600342
727.0 1.4814075350761413
728.0 1.4876241028308868
729.0 1.4822570502758026
730.0 1.4873229026794434
731.0 1.4842161595821382
732.0 1.4779417932033538
733.0 1.4781961679458617
734.0 1.483851683139801
735.0 1.4862866759300233
736.0 1.4811457097530365
737.0 1.4648477494716645
738.0 1.464709210395813
739.0 1.469889760017395
740.0 1.4686135172843933
741.0 1.4679011285305024
742.0 1.455680215358734
743.0 1.4623445689678192
744.0 1.466327327489853
745.0 1.4594488739967346
746.0 1.4559089601039887
747.0 1.455085176229477
748.0 1.4488881707191468
749.0 1.449458509683609
750.0 1.45167937874794
751.0 1.4613659143447877
752.0 1.4554951667785645
753.0 1.449653571844101
754.0 1.4434354841709136
755.0 1.4334660947322846
756.0 1.4386152923107147
757.0 1.4450603485107423
758.0 1.4395862221717834
759.0 1.4371527314186097
760.0 1.440352100133896
761.0 1.4427991271018983
762.0 1.433747810125351
763.0 1.420150589942932
764.0 1.4389551341533662
765.0 1.4425259292125703
766.0 1.4314854383468627
767.0 1.4346720278263092
768.0 1.4232649087905884
769.0 1.4352682054042816
770.0 1.4388598084449769
771.0 1.4436002492904663
772.0 1.4369041919708252
773.0 1.4405877709388732
774.0 1.4417491018772126
775.0 1.4400278687477113
776.0 1.4429223358631134
777.0 1.4457356333732605
778.0 1.4423399150371552
779.0 1.4286821246147157
780.0 1.4483374297618865
781.0 1.4384445667266845
782.0 1.4427497029304504
783.0 1.4230757296085357
784.0 1.4242491364479064
785.0 1.4389075875282287
786.0 1.4236917197704315
787.0 1.4181087613105774
788.0 1.436861777305603
789.0 1.4204108238220214
790.0 1.4163431346416473
791.0 1.430933904647827
792.0 1.425694477558136
793.0 1.4295345783233642
794.0 1.4323361098766327
795.0 1.4243730127811431
796.0 1.4298877358436584
797.0 1.4505052864551544
798.0 1.4419366359710692
799.0 1.429004830121994
800.0 1.4297889947891236
801.0 1.4354397296905517
802.0 1.4228350222110748
803.0 1.4358563721179962
804.0 1.4270310342311858
805.0 1.4205772817134856
806.0 1.4178187787532806
807.0 1.4299503564834595
808.0 1.4296127378940582
809.0 1.4142485022544862
810.0 1.4190357625484467
811.0 1.4273678660392761
812.0 1.4451466143131255
813.0 1.4414281368255615
814.0 1.4222511529922486
815.0 1.4390241742134093
816.0 1.436789321899414
817.0 1.4216784834861755
818.0 1.4320717394351958
819.0 1.431840831041336
820.0 1.4346183240413666
821.0 1.4364440977573394
822.0 1.4362813055515289
823.0 1.4422452330589295
824.0 1.4428793609142303
825.0 1.4531861662864685
826.0 1.4562500536441803
827.0 1.465681755542755
828.0 1.4714251279830932
829.0 1.466853779554367
830.0 1.465909731388092
831.0 1.4724436163902284
832.0 1.4768360733985901
833.0 1.4756210625171662
834.0 1.481850379705429
835.0 1.4834626197814942
836.0 1.4845894992351532
837.0 1.476773202419281
838.0 1.452394026517868
839.0 1.4488330841064454
840.0 1.4571722328662873
841.0 1.4554518103599547
842.0 1.4652373671531678
843.0 1.4555162370204926
844.0 1.4506222903728485
845.0 1.4546231150627136
846.0 1.4469369232654572
847.0 1.4463855862617492
848.0 1.455365037918091
849.0 1.4486613690853118
850.0 1.4414242804050446
851.0 1.4359598994255065
852.0 1.420920991897583
853.0 1.4050783038139343
854.0 1.4158277809619904
855.0 1.4199011862277984
856.0 1.4018155813217164
857.0 1.4061086475849152
858.0 1.4185588121414185
859.0 1.404626601934433
860.0 1.3976390182971954
861.0 1.3880084335803986
862.0 1.4029962301254273
863.0 1.40432550907135
864.0 1.3884916126728057
865.0 1.3975963830947875
866.0 1.4005782186985016
867.0 1.4007396221160888
868.0 1.3879288017749787
869.0 1.3829166412353515
870.0 1.3895251274108886
871.0 1.3808650732040406
872.0 1.3812332272529602
873.0 1.3901577651500703
874.0 1.3838946759700774
875.0 1.3804491639137269
876.0 1.3871366858482361
877.0 1.3875701248645782
878.0 1.390591698884964
879.0 1.3758148312568665
880.0 1.3818282246589662
881.0 1.3895756542682647
882.0 1.3865680694580078
883.0 1.3873042583465576
884.0 1.3860288321971894
885.0 1.3997166752815247
886.0 1.4020343840122222
887.0 1.3881510674953461
888.0 1.3977363586425782
889.0 1.3889731228351594
890.0 1.3877908647060395
891.0 1.3923777878284453
892.0 1.4028786659240722
893.0 1.388702493906021
894.0 1.3805243253707886
895.0 1.3905073165893556
896.0 1.3855960667133331
897.0 1.368206751346588
898.0 1.3599985241889954
899.0 1.373059296607971
900.0 1.3715468227863312
901.0 1.3734396994113922
902.0 1.3693837523460388
903.0 1.3649145483970642
904.0 1.3783071398735047
905.0 1.3764141976833344
906.0 1.363781315088272
907.0 1.3646757304668427
908.0 1.3610532999038696
909.0 1.3615493476390839
910.0 1.3635463416576385
911.0 1.3700594186782837
912.0 1.3755776345729829
913.0 1.3819718956947327
914.0 1.3716337740421296
915.0 1.3723706245422362
916.0 1.3628328442573547
917.0 1.3760046660900116
918.0 1.3741022408008576
919.0 1.3692742824554442
920.0 1.3696756482124328
921.0 1.359355729818344
922.0 1.3682193040847779
923.0 1.3637364983558655
924.0 1.3705979645252229
925.0 1.361134898662567
926.0 1.3625737130641937
927.0 1.3598700881004333
928.0 1.3734069347381592
929.0 1.3676238417625428
930.0 1.3650799989700317
931.0 1.3612616062164307
932.0 1.355405443906784
933.0 1.3483412384986877
934.0 1.3433587729930878
935.0 1.3473808526992799
936.0 1.3410769701004028
937.0 1.3298644363880157
938.0 1.3090447187423706
939.0 1.3133352756500245
940.0 1.3146093249320985
941.0 1.3147983491420745
942.0 1.3412605345249176
943.0 1.3364885926246644
944.0 1.3367438912391663
945.0 1.3211555361747742
946.0 1.3144046485424041
947.0 1.3252302885055542
948.0 1.3189887166023255
949.0 1.3148618996143342
950.0 1.318233895301819
951.0 1.3253455936908722
952.0 1.3234198689460754
953.0 1.3203555285930633
954.0 1.3123814642429352
955.0 1.3237262129783631
956.0 1.3326010406017303
957.0 1.3227353692054749
958.0 1.3183793604373932
959.0 1.3284891188144683
960.0 1.324494445323944
961.0 1.3235285460948945
962.0 1.3350503623485566
963.0 1.330539870262146
964.0 1.3132164418697356
965.0 1.308480018377304
966.0 1.3218945503234862
967.0 1.3163250625133514
968.0 1.3071719527244567
