1.0 3.0695780515670776
2.0 3.0752249717712403
3.0 3.095982789993286
4.0 3.0721924781799315
5.0 3.063921642303467
6.0 3.065614068508148
7.0 3.057845211029053
8.0 3.078911602497101
9.0 3.0879244089126585
10.0 3.0860846400260926
11.0 3.0828277468681335
12.0 3.0815605998039244
13.0 3.0824627161026
14.0 3.0756574511528014
15.0 3.071391773223877
16.0 3.0671298503875732
17.0 3.06344792842865
18.0 3.0786217927932737
19.0 3.0797170758247376
20.0 3.066245949268341
21.0 3.0627482414245604
22.0 3.057999336719513
23.0 3.0558245182037354
24.0 3.0620617389678957
25.0 3.0511406302452087
26.0 3.06439608335495
27.0 3.06940301656723
28.0 3.06850004196167
29.0 3.0632399916648865
30.0 3.0611974239349364
31.0 3.054182505607605
32.0 3.0326025247573853
33.0 3.0387960076332092
34.0 3.067022776603699
35.0 3.064269649982452
36.0 3.05892528295517
37.0 3.054577720165253
38.0 3.047153353691101
39.0 3.0637699007987975
40.0 3.0624295592308046
41.0 3.0677971243858337
42.0 3.0593703031539916
43.0 3.0496967911720274
44.0 3.039837419986725
45.0 3.0544942021369934
46.0 3.07689106464386
47.0 3.061211717128754
48.0 3.0603190660476685
49.0 3.0634387016296385
50.0 3.0828000903129578
51.0 3.071262526512146
52.0 3.056114435195923
53.0 3.074340260028839
54.0 3.063516914844513
55.0 3.0629788041114807
56.0 3.072706711292267
57.0 3.0769175410270693
58.0 3.0922281980514525
59.0 3.084864115715027
60.0 3.0831462144851685
61.0 3.0822449207305906
62.0 3.0804268598556517
63.0 3.0736706972122194
64.0 3.090433859825134
65.0 3.103387939929962
66.0 3.1042542338371275
67.0 3.090671968460083
68.0 3.0892677307128906
69.0 3.1058714389801025
70.0 3.1079487919807436
71.0 3.1275920152664183
72.0 3.127407765388489
73.0 3.1369338989257813
74.0 3.1056878924369813
75.0 3.064423155784607
76.0 3.059726858139038
77.0 3.073286545276642
78.0 3.061270034313202
79.0 3.0728602766990663
80.0 3.0702558040618895
81.0 3.075096082687378
82.0 3.086608183383942
83.0 3.0710131883621217
84.0 3.080952596664429
85.0 3.073599708080292
86.0 3.0769979119300843
87.0 3.0836780071258545
88.0 3.0805633306503295
89.0 3.0540682673454285
90.0 3.0640793085098266
91.0 3.063306963443756
92.0 3.053251302242279
93.0 3.0616442799568175
94.0 3.0638381242752075
95.0 3.0383177042007445
96.0 3.0418415665626526
97.0 3.0433865547180177
98.0 3.055675768852234
99.0 3.0437294006347657
100.0 3.0502939343452455
101.0 3.055488622188568
102.0 3.0264747500419618
103.0 3.015608525276184
104.0 3.0145453095436094
105.0 3.0175251007080077
106.0 3.0341153860092165
107.0 3.065423572063446
108.0 3.036146116256714
109.0 3.0241578936576845
110.0 3.0220610737800597
111.0 3.016712248325348
112.0 3.0188544392585754
113.0 3.012068200111389
114.0 3.0090057253837585
115.0 3.0348132491111754
116.0 3.0177160143852233
117.0 3.0289748430252077
118.0 3.025406038761139
119.0 3.072271537780762
120.0 3.0367753863334657
121.0 3.0474806427955627
122.0 3.065103030204773
123.0 3.0592565655708315
124.0 3.0532010078430174
125.0 3.041562032699585
126.0 3.0112647652626037
127.0 3.032363259792328
128.0 3.040210521221161
129.0 3.0261194825172426
130.0 3.027380096912384
131.0 3.0265008568763734
132.0 3.020391583442688
133.0 3.007399618625641
134.0 3.01162565946579
135.0 3.0071777582168577
136.0 3.0040955185890197
137.0 3.020110714435577
138.0 3.0151923298835754
139.0 3.011281454563141
140.0 3.009037935733795
141.0 2.9988311171531676
142.0 2.9992826104164125
143.0 3.005689465999603
144.0 3.0040416598320006
145.0 2.998417830467224
146.0 3.0133968949317933
147.0 3.0038047313690184
148.0 3.0024010181427
149.0 2.9821905970573424
150.0 3.0138402223587035
151.0 3.0116509675979612
152.0 3.0031979203224184
153.0 2.9921592712402343
154.0 2.9819267630577087
155.0 2.9905840277671816
156.0 2.999449872970581
157.0 2.9961788177490236
158.0 2.9909174919128416
159.0 3.027418065071106
160.0 3.03564168214798
161.0 3.0364684581756594
162.0 3.020903480052948
163.0 2.9979750394821165
164.0 2.9974114179611204
165.0 2.9798454999923707
166.0 2.980728828907013
167.0 2.9815924525260926
168.0 2.997640645503998
169.0 2.9983948111534118
170.0 2.9877914786338806
171.0 2.977519488334656
172.0 2.9739956855773926
173.0 2.9534677147865294
174.0 2.9525172233581545
175.0 2.960378897190094
176.0 2.953598427772522
177.0 2.929522395133972
178.0 2.947900724411011
179.0 2.9583382964134217
180.0 2.9342325806617735
181.0 2.926099383831024
182.0 2.9076411485672
183.0 2.9233689069747926
184.0 2.907300817966461
185.0 2.88175173997879
186.0 2.903074765205383
187.0 2.880704879760742
188.0 2.893142652511597
189.0 2.9002805590629577
190.0 2.896059346199036
191.0 2.872764265537262
192.0 2.8790949106216432
193.0 2.863482880592346
194.0 2.8608204126358032
195.0 2.846927213668823
196.0 2.846790814399719
197.0 2.8672893166542055
198.0 2.8892653584480286
199.0 2.8679271936416626
200.0 2.871280753612518
201.0 2.8663753986358644
202.0 2.8557410836219788
203.0 2.8637430906295775
204.0 2.8594064474105836
205.0 2.875599372386932
206.0 2.8663295984268187
207.0 2.8791080951690673
208.0 2.8999768257141114
209.0 2.881868290901184
210.0 2.883627724647522
211.0 2.902289867401123
212.0 2.889812910556793
213.0 2.888226902484894
214.0 2.8955328822135926
215.0 2.914065384864807
216.0 2.920944893360138
217.0 2.9138026595115663
218.0 2.904164934158325
219.0 2.915144217014313
220.0 2.9139795184135435
221.0 2.927590346336365
222.0 2.897127318382263
223.0 2.9024094223976133
224.0 2.9290770530700683
225.0 2.9166759967803957
226.0 2.923228919506073
227.0 2.9329450130462646
228.0 2.931488060951233
229.0 2.913482439517975
230.0 2.9287178039550783
231.0 2.9596911907196044
232.0 2.9605823755264282
233.0 2.943366324901581
234.0 2.943752980232239
235.0 2.9345935344696046
236.0 2.9202518582344057
237.0 2.9067115068435667
238.0 2.912739646434784
239.0 2.9044699549674986
240.0 2.8950836181640627
241.0 2.880791425704956
242.0 2.876160979270935
243.0 2.866897702217102
244.0 2.8536925315856934
245.0 2.8406750679016115
246.0 2.856999909877777
247.0 2.825995850563049
248.0 2.8436042070388794
249.0 2.831812262535095
250.0 2.8294933795928956
251.0 2.8397770285606385
252.0 2.815908432006836
253.0 2.8104878067970276
254.0 2.807304346561432
255.0 2.8078859567642214
256.0 2.8083170771598818
257.0 2.797283434867859
258.0 2.7873166680335997
259.0 2.7705942034721374
260.0 2.7847004652023317
261.0 2.792842149734497
262.0 2.7842201828956603
263.0 2.7630513310432434
264.0 2.763779580593109
265.0 2.7783167600631713
266.0 2.77632417678833
267.0 2.778529369831085
268.0 2.763138139247894
269.0 2.7671549320220947
270.0 2.7515396952629088
271.0 2.7462186336517336
272.0 2.7369667410850527
273.0 2.713467609882355
274.0 2.7342293739318846
275.0 2.7393058061599733
276.0 2.733526682853699
277.0 2.724780821800232
278.0 2.728324806690216
279.0 2.728103816509247
280.0 2.70420389175415
281.0 2.6899498224258425
282.0 2.707780933380127
283.0 2.723448371887207
284.0 2.7107884168624876
285.0 2.7174818396568297
286.0 2.7204468488693236
287.0 2.693986678123474
288.0 2.7052523732185363
289.0 2.710142230987549
290.0 2.6971455454826354
291.0 2.6910915851593016
292.0 2.690023183822632
293.0 2.6848376393318176
294.0 2.703809952735901
295.0 2.721443235874176
296.0 2.6975685119628907
297.0 2.6851915955543517
298.0 2.6807851433753966
299.0 2.673325538635254
300.0 2.6936564087867736
301.0 2.6848876237869264
302.0 2.683274781703949
303.0 2.687125730514526
304.0 2.689419615268707
305.0 2.6876446485519407
306.0 2.6884814143180846
307.0 2.678256165981293
308.0 2.673852574825287
309.0 2.678267514705658
310.0 2.668280076980591
311.0 2.6655876517295836
312.0 2.658906948566437
313.0 2.6975290060043333
314.0 2.654005229473114
315.0 2.6578813791275024
316.0 2.660432744026184
317.0 2.683051085472107
318.0 2.6762517929077148
319.0 2.6789549589157104
320.0 2.662785220146179
321.0 2.6507724642753603
322.0 2.6572879910469056
323.0 2.6628483891487122
324.0 2.669773828983307
325.0 2.6638990879058837
326.0 2.6510138154029845
327.0 2.650805950164795
328.0 2.644854021072388
329.0 2.6496050000190734
330.0 2.6632975935935974
331.0 2.6538890600204468
332.0 2.6492851853370665
333.0 2.649356496334076
334.0 2.6636080861091616
335.0 2.650307095050812
336.0 2.6513885378837587
337.0 2.64743150472641
338.0 2.650507616996765
339.0 2.6406653046607973
340.0 2.6520105957984925
341.0 2.6568916201591493
342.0 2.643749451637268
343.0 2.6352003455162047
344.0 2.6328031063079833
345.0 2.6452529072761535
346.0 2.643653655052185
347.0 2.6343178272247316
348.0 2.6276959657669066
349.0 2.639690065383911
350.0 2.65094678401947
351.0 2.651449239253998
352.0 2.639272725582123
353.0 2.6434257864952087
354.0 2.6420156955718994
355.0 2.6352735638618467
356.0 2.633406090736389
357.0 2.63168842792511
358.0 2.639315605163574
359.0 2.644994843006134
360.0 2.6361183881759644
361.0 2.641011345386505
362.0 2.6523534059524536
363.0 2.634438860416412
364.0 2.6542699456214907
365.0 2.6617080926895142
366.0 2.6433112025260925
367.0 2.6521008968353272
368.0 2.6542088747024537
369.0 2.664267563819885
370.0 2.6645062804222106
371.0 2.659065878391266
372.0 2.6532124638557435
373.0 2.6451936841011046
374.0 2.6480789184570313
375.0 2.6478583931922914
376.0 2.6537047982215882
377.0 2.6354084253311156
378.0 2.6243233561515806
379.0 2.652790331840515
380.0 2.6606063842773438
381.0 2.652404618263245
382.0 2.640624225139618
383.0 2.6411388754844665
384.0 2.642532229423523
385.0 2.6466806411743162
386.0 2.6484814167022703
387.0 2.6423187971115114
388.0 2.641690182685852
389.0 2.6408093571662903
390.0 2.632590913772583
391.0 2.630680513381958
392.0 2.63241331577301
393.0 2.650406837463379
394.0 2.6357649087905886
395.0 2.629359781742096
396.0 2.6342113256454467
397.0 2.625428819656372
398.0 2.6331499814987183
399.0 2.6491477608680727
400.0 2.6525729298591614
401.0 2.661078417301178
402.0 2.6361568212509154
403.0 2.6635979413986206
404.0 2.6564313530921937
405.0 2.655196022987366
406.0 2.6361021280288695
407.0 2.62809442281723
408.0 2.6504644632339476
409.0 2.646620547771454
410.0 2.651755487918854
411.0 2.6641281723976133
412.0 2.6770528316497804
413.0 2.6510643124580384
414.0 2.652142012119293
415.0 2.651318895816803
416.0 2.6573920130729674
417.0 2.6512895941734316
418.0 2.651195740699768
419.0 2.679240894317627
420.0 2.6883352756500245
421.0 2.68011554479599
422.0 2.6643542289733886
423.0 2.6635028958320617
424.0 2.676725435256958
425.0 2.6593071579933167
426.0 2.674568068981171
427.0 2.650674831867218
428.0 2.649624300003052
429.0 2.6492032051086425
430.0 2.6702378034591674
431.0 2.6644004344940186
432.0 2.6701852560043333
433.0 2.6833895683288573
434.0 2.6702756524085998
435.0 2.6761277318000793
436.0 2.687077748775482
437.0 2.69120968580246
438.0 2.6729939460754393
439.0 2.6825631260871887
440.0 2.6772085070610045
441.0 2.6788082361221313
442.0 2.660759961605072
443.0 2.6816366314888
444.0 2.7148364067077635
445.0 2.69013911485672
446.0 2.7018052697181703
447.0 2.696961212158203
448.0 2.69862699508667
449.0 2.676002788543701
450.0 2.6823908567428587
451.0 2.68445770740509
452.0 2.6872252583503724
453.0 2.664312815666199
454.0 2.66323721408844
455.0 2.672740411758423
456.0 2.6672884821891785
457.0 2.682364654541016
458.0 2.6880578279495237
459.0 2.6743627190589905
460.0 2.6650741577148436
461.0 2.677032840251923
462.0 2.678635573387146
463.0 2.6922673106193544
464.0 2.6851465940475463
465.0 2.6795088052749634
466.0 2.677221620082855
467.0 2.6301610827445985
468.0 2.650563967227936
469.0 2.651332974433899
470.0 2.644372510910034
471.0 2.653608572483063
472.0 2.638971173763275
473.0 2.6307098984718325
474.0 2.6542994499206545
475.0 2.636509346961975
476.0 2.6368553280830382
477.0 2.627792203426361
478.0 2.6214467763900755
479.0 2.6227828741073607
480.0 2.6156070947647097
481.0 2.6385608553886413
482.0 2.626320505142212
483.0 2.611229419708252
484.0 2.6189647197723387
485.0 2.6014568567276
486.0 2.6349990248680113
487.0 2.6109004974365235
488.0 2.606967306137085
489.0 2.6131168603897095
490.0 2.617685043811798
491.0 2.626935887336731
492.0 2.6202976226806642
493.0 2.615333449840546
494.0 2.6235767602920532
495.0 2.607581412792206
496.0 2.6257405638694764
497.0 2.627480936050415
498.0 2.6005640029907227
499.0 2.609960699081421
500.0 2.622309720516205
501.0 2.627217102050781
502.0 2.621469795703888
503.0 2.6108838081359864
504.0 2.627259540557861
505.0 2.6316402912139893
506.0 2.6276571393013
507.0 2.6289228081703184
508.0 2.6426504373550417
509.0 2.6440125107765198
510.0 2.6287866950035097
511.0 2.6531229972839356
512.0 2.6426893711090087
513.0 2.6360329389572144
514.0 2.623194682598114
515.0 2.630817687511444
516.0 2.6404216170310972
517.0 2.6261516332626345
518.0 2.629745936393738
519.0 2.604613494873047
520.0 2.5936198949813845
521.0 2.6346566796302797
522.0 2.620626437664032
523.0 2.6208468317985534
524.0 2.628637635707855
525.0 2.6327083349227904
526.0 2.641108536720276
527.0 2.6423814415931703
528.0 2.6341891407966616
529.0 2.650080442428589
530.0 2.660492181777954
531.0 2.673977482318878
532.0 2.652140212059021
533.0 2.645579516887665
534.0 2.6663269877433775
535.0 2.6715293169021606
536.0 2.659582257270813
537.0 2.6503849267959594
538.0 2.65263454914093
539.0 2.673994755744934
540.0 2.674482274055481
541.0 2.6777360320091246
542.0 2.6829423785209654
543.0 2.6899745225906373
544.0 2.673327660560608
545.0 2.688123095035553
546.0 2.687325692176819
547.0 2.697292137145996
548.0 2.6866748452186586
549.0 2.7025152802467347
550.0 2.69206508398056
551.0 2.682131350040436
552.0 2.661598801612854
553.0 2.6723611831665037
554.0 2.6731240510940553
555.0 2.676092255115509
556.0 2.683750796318054
557.0 2.681050968170166
558.0 2.6906049728393553
559.0 2.694244360923767
560.0 2.6901552438735963
561.0 2.6918868899345396
562.0 2.677349853515625
563.0 2.678072190284729
564.0 2.6864490270614625
565.0 2.693672239780426
566.0 2.709068977832794
567.0 2.701693046092987
568.0 2.716724729537964
569.0 2.7026829719543457
570.0 2.7066786646842957
571.0 2.685286271572113
572.0 2.7018821954727175
573.0 2.6909109592437743
574.0 2.7063186526298524
575.0 2.7166301012039185
576.0 2.714827060699463
577.0 2.7175530552864076
578.0 2.715614151954651
579.0 2.714348292350769
580.0 2.6817936301231384
581.0 2.673028349876404
582.0 2.6812768459320067
583.0 2.6791634917259217
584.0 2.6975366711616515
585.0 2.6925107717514036
586.0 2.6855236172676085
587.0 2.6991251945495605
588.0 2.705848276615143
589.0 2.677832317352295
590.0 2.696182036399841
591.0 2.6808378219604494
592.0 2.6579691410064696
593.0 2.6531380891799925
594.0 2.638213741779327
595.0 2.6328946590423583
596.0 2.644259011745453
597.0 2.650806987285614
598.0 2.63705335855484
599.0 2.6289181113243103
600.0 2.6440417170524597
601.0 2.607688236236572
602.0 2.594856309890747
603.0 2.61695910692215
604.0 2.6174419641494753
605.0 2.5994218826293944
606.0 2.5900543451309206
607.0 2.574393892288208
608.0 2.583134484291077
609.0 2.578174889087677
610.0 2.5716298460960387
611.0 2.571982681751251
612.0 2.5497464179992675
613.0 2.535037064552307
614.0 2.529236710071564
615.0 2.5138851523399355
616.0 2.514646089076996
617.0 2.5152246832847593
618.0 2.514268326759338
619.0 2.504108262062073
620.0 2.501436638832092
621.0 2.495100736618042
622.0 2.4732218265533445
623.0 2.477154803276062
624.0 2.4725744843482973
625.0 2.4544484853744506
626.0 2.450516867637634
627.0 2.4393683671951294
628.0 2.4455307483673097
629.0 2.4421353578567504
630.0 2.436085379123688
631.0 2.4472963213920593
632.0 2.4536134958267213
633.0 2.4191936254501343
634.0 2.3974543809890747
635.0 2.4052889227867125
636.0 2.410236048698425
637.0 2.3727272152900696
638.0 2.3617839455604552
639.0 2.372064208984375
640.0 2.3557334780693053
641.0 2.344474971294403
642.0 2.329259431362152
643.0 2.332531678676605
644.0 2.3202940702438353
645.0 2.3329102396965027
646.0 2.2999757170677184
647.0 2.302266526222229
648.0 2.3125705242156984
649.0 2.3210273385047913
650.0 2.286446988582611
651.0 2.295164716243744
652.0 2.2899234533309936
653.0 2.260369837284088
654.0 2.2668519973754884
655.0 2.253616380691528
656.0 2.2478392720222473
657.0 2.2355255842208863
658.0 2.244017517566681
659.0 2.2284746527671815
660.0 2.248586583137512
661.0 2.2473286986351013
662.0 2.2537188053131105
663.0 2.237980365753174
664.0 2.2332867860794066
665.0 2.2417811870574953
666.0 2.2350115299224855
667.0 2.2400635838508607
668.0 2.216038203239441
669.0 2.2172370076179506
670.0 2.19865083694458
671.0 2.1908950448036193
672.0 2.188082695007324
673.0 2.179576051235199
674.0 2.1725837349891663
675.0 2.201767587661743
676.0 2.163681435585022
677.0 2.1681029915809633
678.0 2.1832481622695923
679.0 2.172525918483734
680.0 2.1714850068092346
681.0 2.153070294857025
682.0 2.1548593401908875
683.0 2.1533764004707336
684.0 2.1507310271263123
685.0 2.1504881262779234
686.0 2.1240424156188964
687.0 2.1382765054702757
688.0 2.141348719596863
689.0 2.130535054206848
690.0 2.131216275691986
691.0 2.128568196296692
692.0 2.1304437041282656
693.0 2.1331460237503053
694.0 2.129512345790863
695.0 2.1354225397109987
696.0 2.1477513790130613
697.0 2.1321590065956117
698.0 2.1241992831230165
699.0 2.131321442127228
700.0 2.117650032043457
701.0 2.126303720474243
702.0 2.13542445898056
703.0 2.1451831579208376
704.0 2.1424315333366395
705.0 2.1333486318588255
706.0 2.142450439929962
707.0 2.131769025325775
708.0 2.148335099220276
709.0 2.1564343094825746
710.0 2.156469666957855
711.0 2.1570926547050475
712.0 2.157401740550995
713.0 2.175511693954468
714.0 2.171217203140259
715.0 2.165167713165283
716.0 2.1752336978912354
717.0 2.181465709209442
718.0 2.1880813956260683
719.0 2.179697549343109
720.0 2.172661280632019
721.0 2.172791004180908
722.0 2.1995255827903746
723.0 2.1974309206008913
724.0 2.1858578443527223
725.0 2.180927801132202
726.0 2.179792106151581
727.0 2.1669254422187807
728.0 2.1846256852149963
729.0 2.1828391909599305
730.0 2.1766327738761904
731.0 2.1944300055503847
732.0 2.1854734897613524
733.0 2.176993227005005
734.0 2.182216763496399
735.0 2.184666645526886
736.0 2.189911115169525
737.0 2.1977715730667113
738.0 2.2104008316993715
739.0 2.1874719619750977
740.0 2.1888061285018923
741.0 2.1987828373908997
742.0 2.17131884098053
743.0 2.15395929813385
744.0 2.158279824256897
745.0 2.1591137170791628
746.0 2.147318708896637
747.0 2.164387810230255
748.0 2.172281634807587
749.0 2.1471452713012695
750.0 2.160949969291687
751.0 2.1531930208206176
752.0 2.150557827949524
753.0 2.1355897307395937
754.0 2.1440110921859743
755.0 2.125406301021576
756.0 2.1320736408233643
757.0 2.1290844917297362
758.0 2.1193530678749086
759.0 2.104436254501343
760.0 2.1158003330230715
761.0 2.135862648487091
762.0 2.118228590488434
763.0 2.092476010322571
764.0 2.119072937965393
765.0 2.123644244670868
766.0 2.1064639329910277
767.0 2.085323083400726
768.0 2.0937245965003966
769.0 2.1134981393814085
770.0 2.132274794578552
771.0 2.145036292076111
772.0 2.130869221687317
773.0 2.132719111442566
774.0 2.148408555984497
775.0 2.1590731024742125
776.0 2.1426612734794617
777.0 2.165866458415985
778.0 2.168001091480255
779.0 2.1564775705337524
780.0 2.1453906893730164
781.0 2.141691255569458
782.0 2.161208522319794
783.0 2.146662175655365
784.0 2.146596145629883
785.0 2.1528622627258303
786.0 2.147986388206482
787.0 2.1578250527381897
788.0 2.1487288951873778
789.0 2.1631508231163026
790.0 2.1564523816108703
791.0 2.152487003803253
792.0 2.15459862947464
793.0 2.1636934757232664
794.0 2.1490349650382994
795.0 2.187280023097992
796.0 2.175722324848175
797.0 2.1665821433067323
798.0 2.1673670649528503
799.0 2.1799110889434816
800.0 2.1721914291381834
801.0 2.1474576115608217
802.0 2.1699564456939697
803.0 2.167758512496948
804.0 2.1628209710121156
805.0 2.162965452671051
806.0 2.1599422216415407
807.0 2.134380519390106
808.0 2.1275131344795226
809.0 2.146796500682831
810.0 2.148539662361145
811.0 2.1510958909988402
812.0 2.1421488165855407
813.0 2.142621695995331
814.0 2.1613185882568358
815.0 2.151699090003967
816.0 2.1512643814086916
817.0 2.156551730632782
818.0 2.166952896118164
819.0 2.152691900730133
820.0 2.1477100610733033
821.0 2.1676508665084837
822.0 2.1768935680389405
823.0 2.170085835456848
824.0 2.1897813081741333
825.0 2.1686309218406676
826.0 2.1630335688591003
827.0 2.170784902572632
828.0 2.1661434173583984
829.0 2.1494031667709352
830.0 2.1597211241722105
831.0 2.17111941576004
832.0 2.150556468963623
833.0 2.144309103488922
834.0 2.1517269611358643
835.0 2.1721256613731383
836.0 2.1595728278160093
837.0 2.1544443726539613
838.0 2.1490208864212037
839.0 2.136515700817108
840.0 2.137077808380127
841.0 2.1353945255279543
842.0 2.10652836561203
843.0 2.1098201513290404
844.0 2.098480248451233
845.0 2.1090468645095823
846.0 2.1141796350479125
847.0 2.094798171520233
848.0 2.0943108797073364
849.0 2.078706216812134
850.0 2.081568789482117
851.0 2.078502321243286
852.0 2.0705280542373656
853.0 2.05918470621109
854.0 2.0572253942489622
855.0 2.0452492952346804
856.0 2.0589762210845945
857.0 2.072662627696991
858.0 2.0615201711654665
859.0 2.0639039635658265
860.0 2.0537434458732604
861.0 2.061923986673355
862.0 2.0518667578697203
863.0 2.0584986090660093
864.0 2.0665555000305176
865.0 2.059381675720215
866.0 2.050292819738388
867.0 2.043706399202347
868.0 2.059367674589157
869.0 2.047146439552307
870.0 2.0528655529022215
871.0 2.042610025405884
872.0 2.040674215555191
873.0 2.056178319454193
874.0 2.05853134393692
875.0 2.072604203224182
876.0 2.0613347947597505
877.0 2.059433674812317
878.0 2.0655304729938506
879.0 2.0833919048309326
880.0 2.092446541786194
881.0 2.0948656797409058
882.0 2.0940261840820313
883.0 2.0988090217113493
884.0 2.0945197105407716
885.0 2.079793930053711
886.0 2.0868590593338014
887.0 2.109906542301178
888.0 2.108481776714325
889.0 2.092205989360809
890.0 2.083185005187988
891.0 2.0807704985141755
892.0 2.0773066222667693
893.0 2.080947142839432
894.0 2.0726280331611635
895.0 2.0763266921043395
896.0 2.0654076397418977
897.0 2.0632946610450746
898.0 2.060682201385498
899.0 2.0590712070465087
900.0 2.0522042572498322
901.0 2.066533958911896
902.0 2.079379165172577
903.0 2.0705716967582704
904.0 2.0580825209617615
905.0 2.053925412893295
906.0 2.071252465248108
907.0 2.051723825931549
908.0 2.048318552970886
909.0 2.061938089132309
910.0 2.0678706049919127
911.0 2.058302694559097
912.0 2.0755460262298584
913.0 2.0894013047218323
914.0 2.083608937263489
915.0 2.088237464427948
916.0 2.095525121688843
917.0 2.0960513949394226
918.0 2.0949561834335326
919.0 2.1020716309547423
920.0 2.091865086555481
921.0 2.096113681793213
922.0 2.073388934135437
923.0 2.0674302220344543
924.0 2.0761624932289124
925.0 2.0589233100414277
926.0 2.061659109592438
927.0 2.0655617833137514
928.0 2.0642737209796906
929.0 2.0446626424789427
930.0 2.0499525725841523
931.0 2.0507683992385863
932.0 2.0554922103881834
933.0 2.053875482082367
934.0 2.0565791606903074
935.0 2.0325612008571623
936.0 2.0134624779224395
937.0 2.0072860419750214
938.0 2.0215161621570585
939.0 2.00992751121521
940.0 2.004876273870468
941.0 1.996543824672699
942.0 1.9946549236774445
943.0 1.9758677303791046
944.0 1.9775966644287108
945.0 1.9764391720294952
946.0 1.9615156650543213
947.0 1.966264194250107
948.0 1.9639332234859466
949.0 1.9594477117061615
950.0 1.9618233263492584
951.0 1.9654805541038514
952.0 1.958138918876648
953.0 1.9480386137962342
954.0 1.9593169271945954
955.0 1.9583563208580017
956.0 1.9555726170539856
957.0 1.9647192418575288
958.0 1.9554441928863526
959.0 1.973258101940155
960.0 1.971706509590149
961.0 1.960781192779541
962.0 1.9543879210948945
963.0 1.9628576815128327
964.0 1.9610660910606383
965.0 1.9549358665943146
966.0 1.9358585715293883
967.0 1.9376822888851166
968.0 1.9299978017807007
