1.0 3.2747381687164308
2.0 3.2631299018859865
3.0 3.2740976095199583
4.0 3.2971756219863892
5.0 3.2889883399009703
6.0 3.286630940437317
7.0 3.2839436173439025
8.0 3.276284372806549
9.0 3.285169816017151
10.0 3.298511302471161
11.0 3.2707289934158323
12.0 3.2669105648994448
13.0 3.2640119075775145
14.0 3.2966108322143555
15.0 3.279221069812775
16.0 3.295429027080536
17.0 3.2850544452667236
18.0 3.2639437079429627
19.0 3.2812122821807863
20.0 3.274484062194824
21.0 3.2719488859176638
22.0 3.2743029475212095
23.0 3.2605326414108275
24.0 3.2627771854400636
25.0 3.2604501605033875
26.0 3.2573517084121706
27.0 3.255496549606323
28.0 3.2722036361694338
29.0 3.2843809843063356
30.0 3.272971141338348
31.0 3.261650490760803
32.0 3.273705077171326
33.0 3.280319595336914
34.0 3.2873180389404295
35.0 3.2758137941360475
36.0 3.28718478679657
37.0 3.2763527393341065
38.0 3.2873698353767393
39.0 3.290016305446625
40.0 3.292037510871887
41.0 3.272454857826233
42.0 3.295152688026428
43.0 3.2785781621932983
44.0 3.279452908039093
45.0 3.2699533104896545
46.0 3.2885351181030273
47.0 3.285325801372528
48.0 3.2804901957511903
49.0 3.290748393535614
50.0 3.2990907788276673
51.0 3.286923146247864
52.0 3.2940619707107546
53.0 3.2857496619224547
54.0 3.2900082230567933
55.0 3.3072842955589294
56.0 3.297869610786438
57.0 3.2812568068504335
58.0 3.28378484249115
59.0 3.298019361495972
60.0 3.2968153238296507
61.0 3.290989673137665
62.0 3.291160297393799
63.0 3.277268922328949
64.0 3.2889444708824156
65.0 3.2900619387626646
66.0 3.297118091583252
67.0 3.3054956436157226
68.0 3.3163707971572878
69.0 3.2971300959587095
70.0 3.3108130574226378
71.0 3.2938471913337706
72.0 3.2997250080108644
73.0 3.311007785797119
74.0 3.3067732572555544
75.0 3.291926658153534
76.0 3.284242558479309
77.0 3.281407427787781
78.0 3.2908257961273195
79.0 3.2969082951545716
80.0 3.2909173727035523
81.0 3.2957502126693727
82.0 3.2846824288368226
83.0 3.274072051048279
84.0 3.2930570363998415
85.0 3.290186417102814
86.0 3.2763081908226015
87.0 3.268584704399109
88.0 3.2782877326011657
89.0 3.2728063583374025
90.0 3.2638675928115846
91.0 3.256272828578949
92.0 3.228961777687073
93.0 3.2346245646476746
94.0 3.244071435928345
95.0 3.245588791370392
96.0 3.240700566768646
97.0 3.237404930591583
98.0 3.227361738681793
99.0 3.244555401802063
100.0 3.247984778881073
101.0 3.240895175933838
102.0 3.23466295003891
103.0 3.215667450428009
104.0 3.209510934352875
105.0 3.223534858226776
106.0 3.221450674533844
107.0 3.233253812789917
108.0 3.235700273513794
109.0 3.231264317035675
110.0 3.2349082231521606
111.0 3.2056808352470396
112.0 3.207670843601227
113.0 3.209488320350647
114.0 3.2327064037323
115.0 3.237045240402222
116.0 3.193993091583252
117.0 3.2016573667526247
118.0 3.217351019382477
119.0 3.2395414233207704
120.0 3.232984459400177
121.0 3.2420422077178954
122.0 3.2365667104721068
123.0 3.229698121547699
124.0 3.2213574767112734
125.0 3.2216232895851133
126.0 3.2259549498558044
127.0 3.2266820073127747
128.0 3.232305979728699
129.0 3.2174753308296205
130.0 3.2282965540885926
131.0 3.2169296503067017
132.0 3.2242351174354553
133.0 3.208478558063507
134.0 3.2153316378593444
135.0 3.1888845443725584
136.0 3.2196021676063538
137.0 3.2155603051185606
138.0 3.22013201713562
139.0 3.1976082921028137
140.0 3.210989534854889
141.0 3.2062290787696837
142.0 3.214807558059692
143.0 3.2129498720169067
144.0 3.213087737560272
145.0 3.2100133538246154
146.0 3.2176997542381285
147.0 3.208129620552063
148.0 3.19827024936676
149.0 3.1919729471206666
150.0 3.2165083289146423
151.0 3.215767979621887
152.0 3.2050873279571532
153.0 3.1956057071685793
154.0 3.193414831161499
155.0 3.202149045467377
156.0 3.2036333084106445
157.0 3.2124490261077883
158.0 3.213859534263611
159.0 3.2235405325889586
160.0 3.201074004173279
161.0 3.2266955971717834
162.0 3.215287685394287
163.0 3.200237488746643
164.0 3.1954437851905824
165.0 3.1920037388801576
166.0 3.196208131313324
167.0 3.1785905361175537
168.0 3.195107340812683
169.0 3.188208746910095
170.0 3.1833277702331544
171.0 3.1878119587898253
172.0 3.1814075231552126
173.0 3.1782768964767456
174.0 3.1839680075645447
175.0 3.1795219659805296
176.0 3.1745434999465942
177.0 3.1547757267951964
178.0 3.1561502814292908
179.0 3.1593363285064697
180.0 3.154948425292969
181.0 3.133495366573334
182.0 3.134047532081604
183.0 3.1378695726394654
184.0 3.1252556920051573
185.0 3.1395710825920107
186.0 3.142670214176178
187.0 3.1206196308135987
188.0 3.127751421928406
189.0 3.099331963062286
190.0 3.1093039393424986
191.0 3.100306177139282
192.0 3.111144995689392
193.0 3.1067729353904725
194.0 3.0971148371696473
195.0 3.100968611240387
196.0 3.0871853590011598
197.0 3.0975229263305666
198.0 3.087306559085846
199.0 3.0656309604644774
200.0 3.070024836063385
201.0 3.0784886360168455
202.0 3.0713882207870484
203.0 3.0864405632019043
204.0 3.0741429209709166
205.0 3.079839551448822
206.0 3.10978479385376
207.0 3.1162914514541624
208.0 3.102050411701202
209.0 3.1050686836242676
210.0 3.1140619993209837
211.0 3.0953327059745788
212.0 3.100727677345276
213.0 3.108739173412323
214.0 3.109720778465271
215.0 3.11277996301651
216.0 3.1072919845581053
217.0 3.104722535610199
218.0 3.107630527019501
219.0 3.1041418313980103
220.0 3.1106919169425966
221.0 3.0922751903533934
222.0 3.101799428462982
223.0 3.096044671535492
224.0 3.1026942849159242
225.0 3.113656723499298
226.0 3.1108386278152467
227.0 3.1254435539245606
228.0 3.1430354475975038
229.0 3.1218732237815856
230.0 3.13050891160965
231.0 3.147001087665558
232.0 3.138052690029144
233.0 3.127052867412567
234.0 3.1418554186820984
235.0 3.141483724117279
236.0 3.1139156103134153
237.0 3.1224813580513002
238.0 3.1147107243537904
239.0 3.093575930595398
240.0 3.06877406835556
241.0 3.0954612612724306
242.0 3.071367609500885
243.0 3.0680680871009827
244.0 3.05219829082489
245.0 3.0734692454338073
246.0 3.0399871349334715
247.0 3.0413017868995667
248.0 3.081658732891083
249.0 3.028827130794525
250.0 3.0417532563209533
251.0 3.043052339553833
252.0 3.0289151310920714
253.0 3.0283414840698244
254.0 3.0357540607452393
255.0 3.0373718619346617
256.0 3.03022381067276
257.0 3.004151797294617
258.0 3.0029242634773254
259.0 3.0099126577377318
260.0 3.000571942329407
261.0 3.003425490856171
262.0 2.995427870750427
263.0 2.9921879053115843
264.0 2.9845088481903077
265.0 2.9488160729408266
266.0 2.9618287563323973
267.0 2.9422425985336305
268.0 2.9472830176353453
269.0 2.9411447525024412
270.0 2.946744990348816
271.0 2.939500880241394
272.0 2.949883234500885
273.0 2.9403231024742125
274.0 2.9324067354202272
275.0 2.938738250732422
276.0 2.912023496627808
277.0 2.9267555236816407
278.0 2.9190299272537232
279.0 2.9173802733421326
280.0 2.922216558456421
281.0 2.9250566720962525
282.0 2.9035337805747985
283.0 2.913153660297394
284.0 2.9089327812194825
285.0 2.91611852645874
286.0 2.9300985097885133
287.0 2.907407116889954
288.0 2.914590096473694
289.0 2.904300367832184
290.0 2.900345814228058
291.0 2.9051683068275453
292.0 2.8960026144981383
293.0 2.8980129599571227
294.0 2.900641620159149
295.0 2.893045926094055
296.0 2.897917997837067
297.0 2.8904654502868654
298.0 2.8897775292396544
299.0 2.8884761333465576
300.0 2.880563998222351
301.0 2.8807297945022583
302.0 2.8702945709228516
303.0 2.8810251116752625
304.0 2.8974714159965513
305.0 2.8842849254608156
306.0 2.8937600016593934
307.0 2.875752937793732
308.0 2.9022626757621763
309.0 2.861642861366272
310.0 2.8634929060935974
311.0 2.8796831369400024
312.0 2.8666654944419863
313.0 2.8824799060821533
314.0 2.889532768726349
315.0 2.8853472590446474
316.0 2.8967624425888063
317.0 2.875052785873413
318.0 2.8639225006103515
319.0 2.8743614196777343
320.0 2.873940145969391
321.0 2.872484731674194
322.0 2.874500811100006
323.0 2.8535213828086854
324.0 2.850097191333771
325.0 2.84523743391037
326.0 2.8414183020591737
327.0 2.8493804574012755
328.0 2.840742599964142
329.0 2.8440258383750914
330.0 2.866735506057739
331.0 2.8476782202720643
332.0 2.8363524794578554
333.0 2.838892602920532
334.0 2.8466063141822815
335.0 2.845788526535034
336.0 2.85021995306015
337.0 2.8535122871398926
338.0 2.850721287727356
339.0 2.8545648574829103
340.0 2.8507086396217347
341.0 2.8501877784729004
342.0 2.8549367904663088
343.0 2.8463957786560057
344.0 2.8580955386161806
345.0 2.857959973812103
346.0 2.8363037943840026
347.0 2.8412417650222777
348.0 2.8554123997688294
349.0 2.840338635444641
350.0 2.8216316223144533
351.0 2.84055358171463
352.0 2.843611466884613
353.0 2.8496111154556276
354.0 2.8518768072128298
355.0 2.845357871055603
356.0 2.8540828704833983
357.0 2.820557987689972
358.0 2.8370418548583984
359.0 2.838643205165863
360.0 2.8397709846496584
361.0 2.8363685965538026
362.0 2.847223138809204
363.0 2.857117736339569
364.0 2.8331263184547426
365.0 2.8437780499458314
366.0 2.8433478832244874
367.0 2.843405079841614
368.0 2.851427960395813
369.0 2.842327892780304
370.0 2.8438016533851624
371.0 2.832936406135559
372.0 2.832703673839569
373.0 2.820965850353241
374.0 2.833610677719116
375.0 2.833601009845734
376.0 2.8123992681503296
377.0 2.8125035166740417
378.0 2.8263174295425415
379.0 2.844261085987091
380.0 2.8356433510780334
381.0 2.832818055152893
382.0 2.8384732007980347
383.0 2.817950451374054
384.0 2.823646056652069
385.0 2.8415250539779664
386.0 2.8310574889183044
387.0 2.830874967575073
388.0 2.85140061378479
389.0 2.825316274166107
390.0 2.8293752908706664
391.0 2.817335510253906
392.0 2.8123926758766173
393.0 2.8184200048446657
394.0 2.830052149295807
395.0 2.808921694755554
396.0 2.790176260471344
397.0 2.8028321266174316
398.0 2.8046587109565735
399.0 2.813087749481201
400.0 2.785414469242096
401.0 2.80634845495224
402.0 2.8025070071220397
403.0 2.8082953572273253
404.0 2.823950433731079
405.0 2.811684453487396
406.0 2.8049312353134157
407.0 2.8098074793815613
408.0 2.807381236553192
409.0 2.8281811475753784
410.0 2.840779650211334
411.0 2.8460087060928343
412.0 2.839605188369751
413.0 2.8553643941879274
414.0 2.8670831322669983
415.0 2.8525774240493775
416.0 2.844941759109497
417.0 2.8382545828819277
418.0 2.853277313709259
419.0 2.851651155948639
420.0 2.855087196826935
421.0 2.8433393359184267
422.0 2.8486233711242677
423.0 2.839547276496887
424.0 2.8381934642791746
425.0 2.8529120802879335
426.0 2.8576063394546507
427.0 2.8410756468772886
428.0 2.838020920753479
429.0 2.8573988914489745
430.0 2.8672799587249758
431.0 2.8570246934890746
432.0 2.8421297669410706
433.0 2.8541308760643007
434.0 2.871780216693878
435.0 2.869978928565979
436.0 2.868089807033539
437.0 2.8636302828788756
438.0 2.853661584854126
439.0 2.8529916405677795
440.0 2.868709647655487
441.0 2.868933641910553
442.0 2.8701467990875242
443.0 2.8856208086013795
444.0 2.8796979069709776
445.0 2.8523590683937075
446.0 2.8589658617973326
447.0 2.8574556946754455
448.0 2.844690465927124
449.0 2.8283491373062133
450.0 2.8457086086273193
451.0 2.871011531352997
452.0 2.8604746580123903
453.0 2.8696452260017393
454.0 2.8423964977264404
455.0 2.870292580127716
456.0 2.884651803970337
457.0 2.86852080821991
458.0 2.874830198287964
459.0 2.874053752422333
460.0 2.8608948230743407
461.0 2.8704509258270265
462.0 2.8824493527412414
463.0 2.8680833101272585
464.0 2.8782177567481995
465.0 2.860828161239624
466.0 2.8755998253822326
467.0 2.8857583165168763
468.0 2.8699042558670045
469.0 2.856328511238098
470.0 2.8700684785842894
471.0 2.843028700351715
472.0 2.854237067699432
473.0 2.856175196170807
474.0 2.857781505584717
475.0 2.85435665845871
476.0 2.8582828283309936
477.0 2.8445879340171816
478.0 2.8793678164482115
479.0 2.8492548942565916
480.0 2.8542614936828614
481.0 2.8719491720199586
482.0 2.870268535614014
483.0 2.8651726961135866
484.0 2.868176257610321
485.0 2.8557540655136107
486.0 2.8602285861968992
487.0 2.847437882423401
488.0 2.8715592503547667
489.0 2.856977677345276
490.0 2.862312126159668
491.0 2.8804375767707824
492.0 2.8420294404029844
493.0 2.8632842659950257
494.0 2.8600391268730165
495.0 2.8502742528915403
496.0 2.858500123023987
497.0 2.8456970691680907
498.0 2.8484420657157896
499.0 2.8584322690963746
500.0 2.8720640540122986
501.0 2.867322862148285
502.0 2.8603946924209596
503.0 2.86778119802475
504.0 2.864418065547943
505.0 2.865196871757507
506.0 2.859806311130524
507.0 2.868878722190857
508.0 2.8738584399223326
509.0 2.85294086933136
510.0 2.8562211871147154
511.0 2.8790803074836733
512.0 2.858983409404755
513.0 2.8567535519599914
514.0 2.8568081140518187
515.0 2.860577440261841
516.0 2.859545123577118
517.0 2.8601825833320618
518.0 2.846770441532135
519.0 2.864175188541412
520.0 2.8453198313713073
521.0 2.8327650904655455
522.0 2.859373426437378
523.0 2.8511474251747133
524.0 2.8577715516090394
525.0 2.850850462913513
526.0 2.8446317672729493
527.0 2.854531967639923
528.0 2.8665531158447264
529.0 2.862502431869507
530.0 2.85397732257843
531.0 2.847093653678894
532.0 2.8672308802604674
533.0 2.8692002296447754
534.0 2.856295418739319
535.0 2.863736462593079
536.0 2.8502127051353456
537.0 2.8569822788238524
538.0 2.8515382289886473
539.0 2.8463108777999877
540.0 2.8441930055618285
541.0 2.86397500038147
542.0 2.883276093006134
543.0 2.874936890602112
544.0 2.873914158344269
545.0 2.8654449820518493
546.0 2.880633902549744
547.0 2.881753659248352
548.0 2.8772743940353394
549.0 2.8928425312042236
550.0 2.8669556021690368
551.0 2.8669491171836854
552.0 2.8590914607048035
553.0 2.837796854972839
554.0 2.8664815783500672
555.0 2.8384655475616456
556.0 2.84679970741272
557.0 2.8683624029159547
558.0 2.86803023815155
559.0 2.8701365113258364
560.0 2.899341917037964
561.0 2.8868700504302978
562.0 2.8906381607055662
563.0 2.8866443634033203
564.0 2.8889098167419434
565.0 2.903126060962677
566.0 2.9129388332366943
567.0 2.9104241490364076
568.0 2.9052929997444155
569.0 2.9036098599433897
570.0 2.9009163618087768
571.0 2.896030676364899
572.0 2.9128060936927795
573.0 2.89251127243042
574.0 2.882146751880646
575.0 2.8703482866287233
576.0 2.8691612005233766
577.0 2.859792101383209
578.0 2.8676942706108095
579.0 2.8505752801895143
580.0 2.837831950187683
581.0 2.826282227039337
582.0 2.8097471475601195
583.0 2.8087795615196227
584.0 2.79614200592041
585.0 2.7551624536514283
586.0 2.746322011947632
587.0 2.7060890555381776
588.0 2.720390725135803
589.0 2.675236904621124
590.0 2.6597807884216307
591.0 2.6638102293014527
592.0 2.65426310300827
593.0 2.639857864379883
594.0 2.6383534550666807
595.0 2.640454864501953
596.0 2.60229606628418
597.0 2.598499298095703
598.0 2.5758150577545167
599.0 2.5625367760658264
600.0 2.5449375748634337
601.0 2.541095221042633
602.0 2.555325138568878
603.0 2.5698339700698853
604.0 2.5314589500427247
605.0 2.5157758474349974
606.0 2.5275533199310303
607.0 2.5195764183998106
608.0 2.504821944236755
609.0 2.508510506153107
610.0 2.509493410587311
611.0 2.4857452273368836
612.0 2.496715486049652
613.0 2.474148225784302
614.0 2.4742446303367616
615.0 2.4688748598098753
616.0 2.4575615763664245
617.0 2.466034984588623
618.0 2.4330443501472474
619.0 2.4397512555122374
620.0 2.4432007551193236
621.0 2.429318380355835
622.0 2.431442141532898
623.0 2.428444576263428
624.0 2.4426242470741273
625.0 2.4362853884696962
626.0 2.43002907037735
627.0 2.4212923884391784
628.0 2.423116981983185
629.0 2.420631003379822
630.0 2.4086340188980104
631.0 2.399270069599152
632.0 2.420327389240265
633.0 2.412437307834625
634.0 2.375454568862915
635.0 2.342876672744751
636.0 2.337333858013153
637.0 2.3514559388160707
638.0 2.322828197479248
639.0 2.329665780067444
640.0 2.3104410409927367
641.0 2.2896902322769166
642.0 2.293869912624359
643.0 2.2942113399505617
644.0 2.2552796006202698
645.0 2.246660900115967
646.0 2.2415664315223696
647.0 2.2281437635421755
648.0 2.2206811547279357
649.0 2.2044580221176147
650.0 2.2042552709579466
651.0 2.2183258533477783
652.0 2.2218596220016478
653.0 2.2070529580116274
654.0 2.2183287143707275
655.0 2.2095656991004944
656.0 2.2185546875
657.0 2.2192501544952394
658.0 2.2104907512664793
659.0 2.2005580186843874
660.0 2.22728511095047
661.0 2.2224645614624023
662.0 2.232811677455902
663.0 2.2147883653640745
664.0 2.2245304346084596
665.0 2.2358301639556886
666.0 2.2385086178779603
667.0 2.2358366370201113
668.0 2.2250456690788267
669.0 2.212923753261566
670.0 2.196394670009613
671.0 2.1836718678474427
672.0 2.176103389263153
673.0 2.1734571933746336
674.0 2.1588374853134153
675.0 2.1420249819755552
676.0 2.14972403049469
677.0 2.1583994746208193
678.0 2.161366033554077
679.0 2.135495364665985
680.0 2.1297045707702638
681.0 2.1376868963241575
682.0 2.1408738613128664
683.0 2.134946954250336
684.0 2.149056589603424
685.0 2.1275849103927613
686.0 2.121787202358246
687.0 2.1124173760414124
688.0 2.1130008935928344
689.0 2.124217391014099
690.0 2.1190129995346068
691.0 2.117103934288025
692.0 2.1153822422027586
693.0 2.1300036787986754
694.0 2.1011872053146363
695.0 2.1104251027107237
696.0 2.1101248025894166
697.0 2.1069746255874633
698.0 2.1182342886924745
699.0 2.1104803919792174
700.0 2.1197582244873048
701.0 2.10408536195755
702.0 2.0991751074790956
703.0 2.1274341106414796
704.0 2.1226266384124757
705.0 2.1327105283737184
706.0 2.1375720500946045
707.0 2.1196635365486145
708.0 2.131507921218872
709.0 2.1218581080436705
710.0 2.1389262080192566
711.0 2.1379042267799377
712.0 2.1615002036094664
713.0 2.1576498985290526
714.0 2.1628257155418398
715.0 2.164452040195465
716.0 2.1550395846366883
717.0 2.160543942451477
718.0 2.1672197341918946
719.0 2.1676223993301393
720.0 2.16133371591568
721.0 2.1758598923683166
722.0 2.1675755620002746
723.0 2.1694453716278077
724.0 2.1895323991775513
725.0 2.1842411160469055
726.0 2.184262478351593
727.0 2.193619966506958
728.0 2.2024423480033875
729.0 2.2002819061279295
730.0 2.226196014881134
731.0 2.194153094291687
732.0 2.213647174835205
733.0 2.201786458492279
734.0 2.2198617339134215
735.0 2.208084774017334
736.0 2.199706697463989
737.0 2.207912254333496
738.0 2.203176474571228
739.0 2.187644827365875
740.0 2.1900920629501344
741.0 2.1933783531188964
742.0 2.1723316073417664
743.0 2.171275281906128
744.0 2.176953136920929
745.0 2.182425892353058
746.0 2.1788775086402894
747.0 2.1730646014213564
748.0 2.184975779056549
749.0 2.195764183998108
750.0 2.181691610813141
751.0 2.167838931083679
752.0 2.1602503418922425
753.0 2.1701013445854187
754.0 2.1621283411979677
755.0 2.156632959842682
756.0 2.150526285171509
757.0 2.140614640712738
758.0 2.132428562641144
759.0 2.1203626155853272
760.0 2.1313522815704347
761.0 2.1453282833099365
762.0 2.1452114462852476
763.0 2.1419089794158936
764.0 2.145709550380707
765.0 2.134848189353943
766.0 2.1358656764030455
767.0 2.123802351951599
768.0 2.112324905395508
769.0 2.134707581996918
770.0 2.1598007917404174
771.0 2.169045329093933
772.0 2.1521897077560426
773.0 2.1711584329605103
774.0 2.1766449332237245
775.0 2.189735460281372
776.0 2.184518909454346
777.0 2.1960851669311525
778.0 2.2158993601799013
779.0 2.2339305520057677
780.0 2.217935621738434
781.0 2.202957570552826
782.0 2.206270396709442
783.0 2.209424912929535
784.0 2.2150490999221804
785.0 2.192759132385254
786.0 2.213836300373077
787.0 2.2221900820732117
788.0 2.2153372883796694
789.0 2.204718732833862
790.0 2.205163848400116
791.0 2.2183781266212463
792.0 2.2159643292427065
793.0 2.227338361740112
794.0 2.2220425605773926
795.0 2.2314711213111877
796.0 2.2466782093048097
797.0 2.227764201164246
798.0 2.213451623916626
799.0 2.225856614112854
800.0 2.2237565875053407
801.0 2.2308740854263305
802.0 2.2181528210639954
803.0 2.219396722316742
804.0 2.1929516434669494
805.0 2.2194502115249635
806.0 2.208276128768921
807.0 2.2054390907287598
808.0 2.204394745826721
809.0 2.2033172249794006
810.0 2.2260363817214968
811.0 2.222415101528168
812.0 2.227601158618927
813.0 2.2179167747497557
814.0 2.2154170274734497
815.0 2.2316699028015137
816.0 2.2294714212417603
817.0 2.2339828610420227
818.0 2.2306806206703187
819.0 2.2495806574821473
820.0 2.249744009971619
821.0 2.228779685497284
822.0 2.221770429611206
823.0 2.2140289664268495
824.0 2.1914448499679566
825.0 2.173163640499115
826.0 2.15911785364151
827.0 2.15588116645813
828.0 2.1576387166976927
829.0 2.1464247941970824
830.0 2.158348631858826
831.0 2.1563236951828
832.0 2.1425144195556642
833.0 2.13309725522995
834.0 2.1540715098381042
835.0 2.130660378932953
836.0 2.1315921783447265
837.0 2.1388407230377195
838.0 2.1320876836776734
839.0 2.0977386355400087
840.0 2.100057899951935
841.0 2.0964142084121704
842.0 2.095832550525665
843.0 2.073484992980957
844.0 2.052675002813339
845.0 2.047753256559372
846.0 2.041092199087143
847.0 2.0371218502521513
848.0 2.043079376220703
849.0 2.0412778198719024
850.0 2.053230881690979
851.0 2.0401222467422486
852.0 2.0514578938484194
853.0 2.046872353553772
854.0 2.04336456656456
855.0 2.0659413576126098
856.0 2.09748260974884
857.0 2.0840736031532288
858.0 2.1060315012931823
859.0 2.069981950521469
860.0 2.063384544849396
861.0 2.076563000679016
862.0 2.088106232881546
863.0 2.0755069673061373
864.0 2.079799997806549
865.0 2.0855443120002746
866.0 2.099195384979248
867.0 2.0874574303627016
868.0 2.0950280666351317
869.0 2.076427626609802
870.0 2.100168287754059
871.0 2.0730199098587034
872.0 2.0903738021850584
873.0 2.1080498456954957
874.0 2.114592468738556
875.0 2.1336158514022827
876.0 2.115267741680145
877.0 2.135475277900696
878.0 2.1550973415374757
879.0 2.1535547018051147
880.0 2.1640079975128175
881.0 2.1708786249160767
882.0 2.1787819266319275
883.0 2.17640084028244
884.0 2.173354887962341
885.0 2.1789005637168883
886.0 2.1762383580207825
887.0 2.1727006793022157
888.0 2.1850913763046265
889.0 2.1610897898674013
890.0 2.1593526124954225
891.0 2.155175197124481
892.0 2.1446173787117004
893.0 2.129079592227936
894.0 2.14077912569046
895.0 2.1358866333961486
896.0 2.1315202593803404
897.0 2.1157838463783265
898.0 2.1021984577178956
899.0 2.1179067373275755
900.0 2.1418311953544618
901.0 2.1429582834243774
902.0 2.1392412543296815
903.0 2.133371925354004
904.0 2.1511916160583495
905.0 2.151646673679352
906.0 2.1382915139198304
907.0 2.131876254081726
908.0 2.1461522817611693
909.0 2.155609154701233
910.0 2.1606698751449587
911.0 2.1534244775772096
912.0 2.1648499011993407
913.0 2.1655295133590697
914.0 2.1737140297889708
915.0 2.1644893169403074
916.0 2.181513512134552
917.0 2.180420625209808
918.0 2.1860161781311036
919.0 2.1538974761962892
920.0 2.158661651611328
921.0 2.152053380012512
922.0 2.1663135528564452
923.0 2.175111985206604
924.0 2.1687122702598574
925.0 2.1758400797843933
926.0 2.178714966773987
927.0 2.149372673034668
928.0 2.16013617515564
929.0 2.150996732711792
930.0 2.15475070476532
931.0 2.1445187449455263
932.0 2.115769100189209
933.0 2.1070613741874693
934.0 2.118384003639221
935.0 2.114422655105591
936.0 2.102209222316742
937.0 2.0795202612876893
938.0 2.081445944309235
939.0 2.081284534931183
940.0 2.076257252693176
941.0 2.0759942531585693
942.0 2.0721287965774535
943.0 2.0469199061393737
944.0 2.029748612642288
945.0 2.018369549512863
946.0 2.0384187400341034
947.0 2.0287032663822173
948.0 2.012055093050003
949.0 2.006055623292923
950.0 2.0066742837429046
951.0 2.007824867963791
952.0 2.009225142002106
953.0 2.010620874166489
954.0 2.0004423022270204
955.0 2.012420153617859
956.0 2.007539927959442
957.0 2.010329270362854
958.0 2.019728124141693
959.0 2.026616817712784
960.0 2.026476687192917
961.0 2.034104883670807
962.0 2.0205500304698942
963.0 2.0259526491165163
964.0 2.02928963303566
965.0 2.0252929031848907
966.0 2.0149485230445863
967.0 2.0205803334712984
968.0 2.0202226758003237
