1.0 0.9684857785701751
2.0 0.9734273940324784
3.0 0.9763409972190857
4.0 0.9734070986509323
5.0 0.9759094595909119
6.0 0.9722406446933747
7.0 0.9679947167634964
8.0 0.9624782115221023
9.0 0.9637022078037262
10.0 0.9624621510505676
11.0 0.967954021692276
12.0 0.9584543377161026
13.0 0.9598427504301071
14.0 0.9561927020549774
15.0 0.961980727314949
16.0 0.9628344237804413
17.0 0.9542814165353775
18.0 0.9426882833242416
19.0 0.9449048280715943
20.0 0.9402645379304886
21.0 0.9553458034992218
22.0 0.963660928606987
23.0 0.9676996469497681
24.0 0.9479116946458817
25.0 0.9462765961885452
26.0 0.9515722393989563
27.0 0.9475044459104538
28.0 0.9436886936426163
29.0 0.9545886099338532
30.0 0.9615322023630142
31.0 0.9558461278676986
32.0 0.9544990211725235
33.0 0.9600539535284043
34.0 0.9557652443647384
35.0 0.9545676440000535
36.0 0.9523999929428101
37.0 0.9567869544029236
38.0 0.9566825300455093
39.0 0.950980368256569
40.0 0.9547140032052994
41.0 0.9638140499591827
42.0 0.9567341834306717
43.0 0.9543935328722
44.0 0.9525313258171082
45.0 0.9515420198440552
46.0 0.9513156741857529
47.0 0.9501323878765107
48.0 0.9528356283903122
49.0 0.9531843066215515
50.0 0.9607211381196976
51.0 0.978864598274231
52.0 0.9755832195281983
53.0 0.9679993271827698
54.0 0.9641742408275604
55.0 0.9738328039646149
56.0 0.9779246509075165
57.0 0.9687375277280807
58.0 0.9834673821926116
59.0 0.9859936982393265
60.0 0.9908126831054688
61.0 0.9959172308444977
62.0 0.9776467978954315
63.0 0.9901066184043884
64.0 0.9872705906629562
65.0 0.9845036029815674
66.0 0.9798680663108825
67.0 0.9854891300201416
68.0 0.9879789084196091
69.0 0.9927907139062881
70.0 0.9983559519052505
71.0 0.9889624565839767
72.0 0.9876835167407989
73.0 0.9943179726600647
74.0 0.9958162277936935
75.0 0.9861645549535751
76.0 0.9888883322477341
77.0 0.9954696625471116
78.0 0.9908041954040527
79.0 0.9827936500310898
80.0 0.9789844453334808
81.0 0.9804646968841553
82.0 0.9956906914710999
83.0 0.9872791945934296
84.0 0.9813359349966049
85.0 0.9926146447658539
86.0 0.9886934071779251
87.0 0.9900715917348861
88.0 0.9759434998035431
89.0 0.9748907119035721
90.0 0.9799998372793197
91.0 0.9731984704732894
92.0 0.9739728778600693
93.0 0.9784806042909622
94.0 0.9778656184673309
95.0 0.9779396235942841
96.0 0.9697781950235367
97.0 0.9579896122217179
98.0 0.9605677753686905
99.0 0.9804590761661529
100.0 0.9774957835674286
101.0 0.9687727004289627
102.0 0.9599821835756301
103.0 0.9535078644752503
104.0 0.9489894807338715
105.0 0.957482573390007
106.0 0.9539304852485657
107.0 0.964851376414299
108.0 0.9610431373119355
109.0 0.9511079579591751
110.0 0.964254766702652
111.0 0.9534220516681671
112.0 0.9507638067007065
113.0 0.954907876253128
114.0 0.9575569272041321
115.0 0.9542690634727478
116.0 0.9571715742349625
117.0 0.9473363727331161
118.0 0.9391555190086365
119.0 0.9431127786636353
120.0 0.9577937304973603
121.0 0.9518650591373443
122.0 0.9539769619703293
123.0 0.9418861389160156
124.0 0.9364017337560654
125.0 0.9409389883279801
126.0 0.9595467120409011
127.0 0.9549840778112412
128.0 0.9514551848173142
129.0 0.9394111275672913
130.0 0.9472850263118744
131.0 0.9447326540946961
132.0 0.9360157459974289
133.0 0.9426894426345825
134.0 0.9230191618204117
135.0 0.927721357345581
136.0 0.930747213959694
137.0 0.9272594064474106
138.0 0.9373269319534302
139.0 0.9371010720729828
140.0 0.9390346109867096
141.0 0.927323505282402
142.0 0.9326628267765045
143.0 0.9367448598146438
144.0 0.9335667788982391
145.0 0.9298369705677032
146.0 0.926884400844574
147.0 0.92442966401577
148.0 0.9199258625507355
149.0 0.9407497584819794
150.0 0.9317304849624634
151.0 0.9198201090097428
152.0 0.9246007114648819
153.0 0.9318370968103409
154.0 0.9294923156499862
155.0 0.9321815729141235
156.0 0.9181416928768158
157.0 0.9234684854745865
158.0 0.9373286306858063
159.0 0.9323037028312683
160.0 0.9207267969846725
161.0 0.9246786892414093
162.0 0.924775418639183
163.0 0.9222538739442825
164.0 0.914402374625206
165.0 0.9227350801229477
166.0 0.9286415606737137
167.0 0.9173938930034637
168.0 0.9128048896789551
169.0 0.9081801146268844
170.0 0.917388740181923
171.0 0.9141673147678375
172.0 0.9278356671333313
173.0 0.9242241591215133
174.0 0.9287361115217209
175.0 0.9365168809890747
176.0 0.9305660873651505
177.0 0.922115421295166
178.0 0.9043844938278198
179.0 0.913253253698349
180.0 0.9229139953851699
181.0 0.915988102555275
182.0 0.9051305085420609
183.0 0.9094857960939408
184.0 0.910887885093689
185.0 0.9018667489290237
186.0 0.9074182987213135
187.0 0.9218393713235855
188.0 0.9193451404571533
189.0 0.9056518882513046
190.0 0.8975352585315705
191.0 0.90446797311306
192.0 0.8990875571966171
193.0 0.9066512614488602
194.0 0.9004522264003754
195.0 0.8973074704408646
196.0 0.8894726306200027
197.0 0.9000685065984726
198.0 0.8988605201244354
199.0 0.9064701110124588
200.0 0.9095308423042298
201.0 0.9064054697751999
202.0 0.9049883395433426
203.0 0.9059813648462296
204.0 0.8969973176717758
205.0 0.8970226466655731
206.0 0.9067626953125
207.0 0.9021383404731751
208.0 0.901136189699173
209.0 0.9093603730201721
210.0 0.9141110897064209
211.0 0.9072832822799682
212.0 0.9052716284990311
213.0 0.9075561910867691
214.0 0.8986815720796585
215.0 0.8960119247436523
216.0 0.8929914146661758
217.0 0.896417960524559
218.0 0.898782879114151
219.0 0.8963974475860595
220.0 0.9085321485996246
221.0 0.8992190718650818
222.0 0.8947580635547638
223.0 0.8932395160198212
224.0 0.9071919411420822
225.0 0.8989800602197647
226.0 0.9027731090784072
227.0 0.9160018146038056
228.0 0.9066720873117446
229.0 0.9134463638067245
230.0 0.9156540274620056
231.0 0.9147351324558258
232.0 0.9132284462451935
233.0 0.9161604076623917
234.0 0.9118715763092041
235.0 0.893185731768608
236.0 0.911355608701706
237.0 0.9129659622907639
238.0 0.8964369595050812
239.0 0.9054663836956024
240.0 0.911415034532547
241.0 0.8928281933069229
242.0 0.8805507749319077
243.0 0.8766821175813675
244.0 0.8938363701105118
245.0 0.8953098267316818
246.0 0.9025317877531052
247.0 0.8991288840770721
248.0 0.889514172077179
249.0 0.8931028485298157
250.0 0.8896440505981446
251.0 0.8858364284038543
252.0 0.8856870770454407
253.0 0.8980976641178131
254.0 0.8818835645914078
255.0 0.8813883572816849
256.0 0.8724819779396057
257.0 0.8839545011520386
258.0 0.8840654700994491
259.0 0.8874520808458328
260.0 0.8830326080322266
261.0 0.8776904940605164
262.0 0.8819896966218949
263.0 0.8763540983200073
264.0 0.8712796539068222
265.0 0.8654629677534104
266.0 0.8603087276220321
267.0 0.8617282718420028
268.0 0.8707971215248108
269.0 0.8656306058168411
270.0 0.8689577102661132
271.0 0.8536375671625137
272.0 0.8577294081449509
273.0 0.8654286623001098
274.0 0.8580646395683289
275.0 0.8448209524154663
276.0 0.8454492807388305
277.0 0.8581953018903732
278.0 0.8540238231420517
279.0 0.8406839519739151
280.0 0.847016355395317
281.0 0.8597721695899964
282.0 0.8633795887231827
283.0 0.856248426437378
284.0 0.8457600444555282
285.0 0.8321869790554046
286.0 0.8382707476615906
287.0 0.8436547666788101
288.0 0.8425810486078262
289.0 0.8536726027727127
290.0 0.8513655215501785
291.0 0.848262894153595
292.0 0.8519483923912048
293.0 0.8522611945867539
294.0 0.8513566493988037
295.0 0.844937589764595
296.0 0.8554866969585418
297.0 0.8462083488702774
298.0 0.8339842885732651
299.0 0.8388125330209732
300.0 0.8395898759365081
301.0 0.8341224253177643
302.0 0.8346710562705993
303.0 0.8362223774194717
304.0 0.8555676758289337
305.0 0.87391497194767
306.0 0.8489707618951797
307.0 0.8507719665765763
308.0 0.8404929608106613
309.0 0.8357402622699738
310.0 0.8544599622488022
311.0 0.8455776661634445
312.0 0.8366874158382416
313.0 0.8427150636911392
314.0 0.8446503162384034
315.0 0.8463646292686462
316.0 0.8379378110170365
317.0 0.8485143035650253
318.0 0.846852856874466
319.0 0.8384392589330674
320.0 0.8289591938257217
321.0 0.840393191576004
322.0 0.8375839471817017
323.0 0.8400838673114777
324.0 0.8439638316631317
325.0 0.844889760017395
326.0 0.8470394790172577
327.0 0.8390965342521668
328.0 0.8416528433561326
329.0 0.842698585987091
330.0 0.8343660444021225
331.0 0.8359034061431885
332.0 0.8273097723722458
333.0 0.8360506862401962
334.0 0.8351619333028794
335.0 0.8367155164480209
336.0 0.8302399694919587
337.0 0.830971074104309
338.0 0.8309191316366196
339.0 0.8334191292524338
340.0 0.8479764848947525
341.0 0.8398578077554703
342.0 0.8367702007293701
343.0 0.8313527852296829
344.0 0.8344228804111481
345.0 0.8362036019563674
346.0 0.8344956874847412
347.0 0.8298628211021424
348.0 0.8338076740503311
349.0 0.8386619031429291
350.0 0.840007308125496
351.0 0.8399266272783279
352.0 0.8368475139141083
353.0 0.8359647572040558
354.0 0.8351371765136719
355.0 0.836169284582138
356.0 0.8298649936914444
357.0 0.8488226562738419
358.0 0.8400758802890778
359.0 0.8288046956062317
360.0 0.8331921547651291
361.0 0.844023796916008
362.0 0.8459235221147537
363.0 0.8413522958755493
364.0 0.8362675935029984
365.0 0.8456000953912735
366.0 0.8312693923711777
367.0 0.8214664280414581
368.0 0.842337480187416
369.0 0.8525115877389908
370.0 0.8520589739084243
371.0 0.8478671759366989
372.0 0.8457467705011368
373.0 0.8478484123945236
374.0 0.8494655132293701
375.0 0.8390809237957001
376.0 0.8345640391111374
377.0 0.8368948400020599
378.0 0.8332389831542969
379.0 0.8369364380836487
380.0 0.8309573203325271
381.0 0.8357797503471375
382.0 0.8304305374622345
383.0 0.8402606785297394
384.0 0.8336714535951615
385.0 0.8344888091087341
386.0 0.8323697447776794
387.0 0.8334210991859436
388.0 0.8291521012783051
389.0 0.8257584899663926
390.0 0.8387827575206757
391.0 0.8348991513252259
392.0 0.843183520436287
393.0 0.8327531725168228
394.0 0.8375011950731277
395.0 0.8367934495210647
396.0 0.835220393538475
397.0 0.8225193113088608
398.0 0.8261649161577225
399.0 0.8452775776386261
400.0 0.8402518630027771
401.0 0.8321536153554916
402.0 0.8262670814990998
403.0 0.8266527205705643
404.0 0.830321878194809
405.0 0.8400283217430115
406.0 0.8248673439025879
407.0 0.8204795062541962
408.0 0.8365563690662384
409.0 0.8346766233444214
410.0 0.8321650475263596
411.0 0.8371075809001922
412.0 0.8515639334917069
413.0 0.8507362395524979
414.0 0.838981106877327
415.0 0.8312333792448043
416.0 0.8411549299955368
417.0 0.8512792319059372
418.0 0.8343910813331604
419.0 0.8297191292047501
420.0 0.832282543182373
421.0 0.8466599643230438
422.0 0.8524809718132019
423.0 0.8509539812803268
424.0 0.8365699082612992
425.0 0.8391252517700195
426.0 0.8560855239629745
427.0 0.8438021332025528
428.0 0.8451708674430847
429.0 0.851736506819725
430.0 0.839932668209076
431.0 0.8294970095157623
432.0 0.8333990842103958
433.0 0.8332762211561203
434.0 0.8435999184846878
435.0 0.8439251989126205
436.0 0.8377119123935699
437.0 0.8422882437705994
438.0 0.8342309325933457
439.0 0.8322465270757675
440.0 0.8376703441143036
441.0 0.846293318271637
442.0 0.8422887712717056
443.0 0.8421460032463074
444.0 0.8492210268974304
445.0 0.8424063801765442
446.0 0.8551351100206375
447.0 0.8572459548711777
448.0 0.8402955710887909
449.0 0.84101881980896
450.0 0.8530372887849808
451.0 0.843247726559639
452.0 0.8375980377197265
453.0 0.8440390050411224
454.0 0.8565236806869507
455.0 0.8404686123132705
456.0 0.8442490547895432
457.0 0.8416144281625748
458.0 0.8423974096775055
459.0 0.8444954216480255
460.0 0.8423002064228058
461.0 0.848204955458641
462.0 0.8494775176048279
463.0 0.8444767624139786
464.0 0.8424181163311004
465.0 0.8439919888973236
466.0 0.8493650674819946
467.0 0.849411129951477
468.0 0.8533208250999451
469.0 0.859589621424675
470.0 0.8412123382091522
471.0 0.8398211777210236
472.0 0.8446329921483994
473.0 0.8424062907695771
474.0 0.8550126373767852
475.0 0.8478499710559845
476.0 0.841464975476265
477.0 0.8420217007398605
478.0 0.8404187053442002
479.0 0.8441034585237503
480.0 0.8411104857921601
481.0 0.8500391781330109
482.0 0.8404408127069474
483.0 0.8393952488899231
484.0 0.8411533445119858
485.0 0.8438380390405655
486.0 0.8567696124315262
487.0 0.8576107650995255
488.0 0.8577172309160233
489.0 0.8657365262508392
490.0 0.863992103934288
491.0 0.851860162615776
492.0 0.8607542991638184
493.0 0.8560708433389663
494.0 0.8474197179079056
495.0 0.8559677004814148
496.0 0.8424740701913833
497.0 0.8493987202644349
498.0 0.8481669038534164
499.0 0.8483293771743774
500.0 0.8488509863615036
501.0 0.8462094664573669
502.0 0.8560202211141587
503.0 0.8510331690311432
504.0 0.856734624505043
505.0 0.8488908350467682
506.0 0.8433563381433486
507.0 0.8416963577270508
508.0 0.8480851203203201
509.0 0.8465163111686707
510.0 0.8340758562088013
511.0 0.842641431093216
512.0 0.8407356351613998
513.0 0.8510881125926971
514.0 0.8513343632221222
515.0 0.8480625510215759
516.0 0.8443774431943893
517.0 0.8428723454475403
518.0 0.8453572869300843
519.0 0.8444978505373001
520.0 0.8369854480028153
521.0 0.8483067661523819
522.0 0.8473371386528015
523.0 0.8611383140087128
524.0 0.8453559637069702
525.0 0.8482700854539871
526.0 0.849981638789177
527.0 0.8433814525604248
528.0 0.84887875020504
529.0 0.8530852645635605
530.0 0.866796824336052
531.0 0.8565565973520279
532.0 0.8584069162607193
533.0 0.8629796296358109
534.0 0.8562166363000869
535.0 0.8642697095870971
536.0 0.8558666676282882
537.0 0.8493006885051727
538.0 0.8526878327131271
539.0 0.8547629982233047
540.0 0.8659439742565155
541.0 0.8664176613092422
542.0 0.8714063376188278
543.0 0.8709294199943542
544.0 0.8649028569459916
545.0 0.8716059237718582
546.0 0.8553877592086792
547.0 0.8477600634098053
548.0 0.8584238290786743
549.0 0.860994616150856
550.0 0.8604665964841842
551.0 0.8569304436445236
552.0 0.8495350688695907
553.0 0.8450567483901977
554.0 0.8514877498149872
555.0 0.8484095871448517
556.0 0.8608119487762451
557.0 0.8551328629255295
558.0 0.845752403140068
559.0 0.8560634016990661
560.0 0.8623605996370316
561.0 0.8533444076776504
562.0 0.844344612956047
563.0 0.8637886881828308
564.0 0.8692708045244217
565.0 0.8719415456056595
566.0 0.8782101064920426
567.0 0.8714306235313416
568.0 0.8717635571956635
569.0 0.8722245573997498
570.0 0.8573732107877732
571.0 0.8605883359909058
572.0 0.8579470932483673
573.0 0.8648527294397355
574.0 0.8781647592782974
575.0 0.8662142038345337
576.0 0.8500151127576828
577.0 0.8634943425655365
578.0 0.8645992279052734
579.0 0.8603128612041473
580.0 0.8479107677936554
581.0 0.8508573472499847
582.0 0.8469544976949692
583.0 0.8554770797491074
584.0 0.8512921243906021
585.0 0.8555348306894303
586.0 0.8408676087856293
587.0 0.8415021181106568
588.0 0.8312844902276992
589.0 0.8344981998205185
590.0 0.8251114964485169
591.0 0.8428519755601883
592.0 0.8375424802303314
593.0 0.8350287616252899
594.0 0.8374459177255631
595.0 0.8415533840656281
596.0 0.8407576262950898
597.0 0.8365698516368866
598.0 0.8311976909637451
599.0 0.8312058925628663
600.0 0.8207907915115357
601.0 0.8193485409021377
602.0 0.8258606851100921
603.0 0.8303412139415741
604.0 0.8261571168899536
605.0 0.8210404217243195
606.0 0.8085478216409683
607.0 0.8070689469575882
608.0 0.8140676289796829
609.0 0.8169623434543609
610.0 0.8225836157798767
611.0 0.8004573822021485
612.0 0.8009896486997604
613.0 0.8021514564752579
614.0 0.8081386655569076
615.0 0.8132432699203491
616.0 0.8081266194581985
617.0 0.8008332312107086
618.0 0.8152086824178696
619.0 0.8107114404439926
620.0 0.8112765640020371
621.0 0.8128806352615356
622.0 0.8074478834867478
623.0 0.8147408783435821
624.0 0.8072334945201873
625.0 0.8146718978881836
626.0 0.8041560560464859
627.0 0.8030311912298203
628.0 0.8037699460983276
629.0 0.8068983107805252
630.0 0.8019823789596557
631.0 0.8050526916980744
632.0 0.8032092273235321
633.0 0.802523934841156
634.0 0.8059855729341507
635.0 0.792028957605362
636.0 0.7909658223390579
637.0 0.7898291170597076
638.0 0.7940662205219269
639.0 0.7999377608299255
640.0 0.7903453916311264
641.0 0.7880529224872589
642.0 0.7831816613674164
643.0 0.7913161844015122
644.0 0.792194077372551
645.0 0.7866738975048065
646.0 0.7834795773029327
647.0 0.7879853636026383
648.0 0.7960039258003235
649.0 0.7927678912878037
650.0 0.7846813201904297
651.0 0.783853393793106
652.0 0.7774579077959061
653.0 0.7791680604219436
654.0 0.768113973736763
655.0 0.7723172008991241
656.0 0.7660847157239914
657.0 0.7758024334907532
658.0 0.7909668534994125
659.0 0.7825737625360489
660.0 0.7862033188343048
661.0 0.772329768538475
662.0 0.7680259376764298
663.0 0.7851798862218857
664.0 0.792784395813942
665.0 0.7854828894138336
666.0 0.7808774888515473
667.0 0.7817315757274628
668.0 0.7786591559648514
669.0 0.7767652094364166
670.0 0.7718087166547776
671.0 0.7751967906951904
672.0 0.7677322506904602
673.0 0.766761976480484
674.0 0.7658382743597031
675.0 0.7697083830833436
676.0 0.7615054458379745
677.0 0.7686851978302002
678.0 0.7694790601730347
679.0 0.7724581152200699
680.0 0.7719868123531342
681.0 0.770391383767128
682.0 0.7675626784563064
683.0 0.7642173022031784
684.0 0.7655183941125869
685.0 0.7669098526239395
686.0 0.7559248030185699
687.0 0.7532112061977386
688.0 0.7679325759410858
689.0 0.7639592349529266
690.0 0.7551987379789352
691.0 0.7630958676338195
692.0 0.7506791353225708
693.0 0.7487825989723206
694.0 0.7506105154752731
695.0 0.7630647778511047
696.0 0.7603924334049225
697.0 0.7601176679134369
698.0 0.7570789396762848
699.0 0.7610875040292739
700.0 0.7575249910354614
701.0 0.7550046026706696
702.0 0.7540893822908401
703.0 0.7531170517206192
704.0 0.748928564786911
705.0 0.7454070806503296
706.0 0.7544005692005158
707.0 0.7531863510608673
708.0 0.75687655210495
709.0 0.7655477792024612
710.0 0.7549403131008148
711.0 0.764541819691658
712.0 0.7544192790985107
713.0 0.7572239100933075
714.0 0.7698186963796616
715.0 0.7744621634483337
716.0 0.7790695935487747
717.0 0.7707345873117447
718.0 0.7790735691785813
719.0 0.7722975164651871
720.0 0.7730520009994507
721.0 0.7814004361629486
722.0 0.7670257389545441
723.0 0.7675220280885696
724.0 0.771117776632309
725.0 0.7698001474142074
726.0 0.7695864617824555
727.0 0.7729219436645508
728.0 0.7751207172870636
729.0 0.7810713618993759
730.0 0.7813853710889817
731.0 0.7794765710830689
732.0 0.7707182705402374
733.0 0.7740993469953537
734.0 0.7670389801263809
735.0 0.7747882544994354
736.0 0.7849269270896911
737.0 0.7864555239677429
738.0 0.7809105545282364
739.0 0.7753309607505798
740.0 0.7774668455123901
741.0 0.7683518588542938
742.0 0.7640060544013977
743.0 0.7687121123075485
744.0 0.7735991150140762
745.0 0.7653080314397812
746.0 0.7604832738637924
747.0 0.7616309553384781
748.0 0.766304326057434
749.0 0.7692985832691193
750.0 0.7619132786989212
751.0 0.7656846314668655
752.0 0.7626861721277237
753.0 0.7657119512557984
754.0 0.7571730792522431
755.0 0.7506917536258697
756.0 0.7504583269357681
757.0 0.7565201759338379
758.0 0.7642359226942063
759.0 0.7730353802442551
760.0 0.7631140023469924
761.0 0.7524239301681519
762.0 0.7506579369306564
763.0 0.7575549185276031
764.0 0.7527846217155456
765.0 0.7636656314134598
766.0 0.7497683525085449
767.0 0.7564793676137924
768.0 0.7607866525650024
769.0 0.76424800157547
770.0 0.7530982881784439
771.0 0.75182746052742
772.0 0.7818314284086227
773.0 0.7851964056491851
774.0 0.776487872004509
775.0 0.7707748591899872
776.0 0.7591630846261979
777.0 0.7834293067455291
778.0 0.7829231679439544
779.0 0.7751224428415299
780.0 0.7741376638412476
781.0 0.7783875346183777
782.0 0.7659383445978165
783.0 0.7743292957544327
784.0 0.7721116870641709
785.0 0.7765288889408112
786.0 0.7684196442365646
787.0 0.7572361558675766
788.0 0.7683456748723984
789.0 0.762196734547615
790.0 0.758696773648262
791.0 0.758523240685463
792.0 0.7676955997943878
793.0 0.7689574629068374
794.0 0.7691230267286301
795.0 0.7717287003993988
796.0 0.7786216765642167
797.0 0.7707243412733078
798.0 0.7685586005449295
799.0 0.7713149517774582
800.0 0.7713391959667206
801.0 0.7693597882986069
802.0 0.7788384467363357
803.0 0.7882215142250061
804.0 0.7769532859325409
805.0 0.7704332739114761
806.0 0.7647572815418243
807.0 0.7599724441766739
808.0 0.7650441020727158
809.0 0.7748282343149185
810.0 0.7755988597869873
811.0 0.7720803380012512
812.0 0.7722234547138214
813.0 0.7601407527923584
814.0 0.777365094423294
815.0 0.7852501630783081
816.0 0.7896062135696411
817.0 0.786553543806076
818.0 0.7832303583621979
819.0 0.7813493371009826
820.0 0.7851500153541565
821.0 0.7885650932788849
822.0 0.7868865430355072
823.0 0.7809128999710083
824.0 0.7851862162351608
825.0 0.7835903078317642
826.0 0.7824420958757401
827.0 0.7783381253480911
828.0 0.7790861874818802
829.0 0.7818344414234162
830.0 0.7758177787065506
831.0 0.7763360291719437
832.0 0.7868425786495209
833.0 0.7762045830488205
834.0 0.7731932103633881
835.0 0.7786109745502472
836.0 0.7739926248788833
837.0 0.7729224234819412
838.0 0.7733884453773499
839.0 0.7729843080043792
840.0 0.7714194267988205
841.0 0.7633839637041092
842.0 0.7522587388753891
843.0 0.760210993885994
844.0 0.7596242010593415
845.0 0.7531929820775985
846.0 0.7520894914865494
847.0 0.7640548318624496
848.0 0.7563517481088639
849.0 0.745846289396286
850.0 0.7487122267484665
851.0 0.7499855697154999
852.0 0.7594612628221512
853.0 0.7660936057567597
854.0 0.7579917818307876
855.0 0.7533794730901718
856.0 0.7554771929979325
857.0 0.7538362324237824
858.0 0.7508823126554489
859.0 0.7533971011638642
860.0 0.7572510749101639
861.0 0.7512954711914063
862.0 0.75604749917984
863.0 0.7495333105325699
864.0 0.7437931537628174
865.0 0.7413704097270966
866.0 0.7506837278604508
867.0 0.7543883323669434
868.0 0.7527196854352951
869.0 0.7512258589267731
870.0 0.7481424391269684
871.0 0.7478417307138443
872.0 0.7567754864692688
873.0 0.7475413978099823
874.0 0.7437811553478241
875.0 0.7434528827667236
876.0 0.7477070689201355
877.0 0.7513460040092468
878.0 0.7478367447853088
879.0 0.7607233792543411
880.0 0.7569053262472153
881.0 0.7651937127113342
882.0 0.7576504856348037
883.0 0.7540081113576889
884.0 0.7585667788982391
885.0 0.7525468975305557
886.0 0.7526158958673477
887.0 0.7550713270902634
888.0 0.7513175696134567
889.0 0.7597326636314392
890.0 0.7694244474172592
891.0 0.7657958120107651
892.0 0.7558890074491501
893.0 0.7574563890695571
894.0 0.7599203437566757
895.0 0.76245818734169
896.0 0.7533008873462677
897.0 0.7465791642665863
898.0 0.7567481517791748
899.0 0.771482452750206
900.0 0.7641143590211869
901.0 0.7594081133604049
902.0 0.7566750466823577
903.0 0.763728815317154
904.0 0.7557814121246338
905.0 0.7578639209270477
906.0 0.7552289098501206
907.0 0.7564305275678634
908.0 0.7547930032014847
909.0 0.7521383255720139
910.0 0.754206320643425
911.0 0.7597634613513946
912.0 0.7623973399400711
913.0 0.758830600976944
914.0 0.7645813584327698
915.0 0.7659369796514511
916.0 0.7687368810176849
917.0 0.7625095009803772
918.0 0.7601782828569412
919.0 0.7695745944976806
920.0 0.7719026803970337
921.0 0.7640649497509002
922.0 0.7624917268753052
923.0 0.7593707174062729
924.0 0.7649477034807205
925.0 0.7636443853378296
926.0 0.7544283628463745
927.0 0.765921550989151
928.0 0.7640871584415436
929.0 0.7638602584600449
930.0 0.7682431221008301
931.0 0.7647857457399369
932.0 0.7590865135192871
933.0 0.7710893541574478
934.0 0.7684217154979706
935.0 0.7538253247737885
936.0 0.7513821661472321
937.0 0.758796539902687
938.0 0.7468826919794083
939.0 0.7562982708215713
940.0 0.7608132988214493
941.0 0.745586770772934
942.0 0.7397137075662613
943.0 0.7447909593582154
944.0 0.7544416040182114
945.0 0.7435353308916092
946.0 0.7531453162431717
947.0 0.7497670352458954
948.0 0.7579279005527496
949.0 0.745538541674614
950.0 0.741600388288498
951.0 0.7420670002698898
952.0 0.7484353691339493
953.0 0.7385935932397842
954.0 0.7400539308786392
955.0 0.7456252545118331
956.0 0.7460743069648743
957.0 0.7437417894601822
958.0 0.7474284529685974
959.0 0.739016181230545
960.0 0.7565695971250535
961.0 0.7533373743295669
962.0 0.7442876130342484
963.0 0.7480375647544861
964.0 0.7554594129323959
965.0 0.7387430846691132
966.0 0.7423507302999497
967.0 0.7559995263814926
968.0 0.7498035669326782
