1.0 1.2986065745353699
2.0 1.2968694031238557
3.0 1.2792366325855256
4.0 1.2846766114234924
5.0 1.2881132066249847
6.0 1.2753992080688477
7.0 1.28614000082016
8.0 1.30218563079834
9.0 1.2876208484172822
10.0 1.2931069910526276
11.0 1.295539093017578
12.0 1.286574250459671
13.0 1.2861074924468994
14.0 1.2943287134170531
15.0 1.2853416085243226
16.0 1.2785179376602174
17.0 1.28516805768013
18.0 1.2860016584396363
19.0 1.2915909826755523
20.0 1.3059583485126496
21.0 1.2827158987522125
22.0 1.2794305324554442
23.0 1.2827817499637604
24.0 1.2621564209461211
25.0 1.2684455811977386
26.0 1.2786712527275086
27.0 1.293119692802429
28.0 1.2867607474327087
29.0 1.2777399480342866
30.0 1.2937576532363892
31.0 1.2868292868137359
32.0 1.2831123054027558
33.0 1.2737534761428833
34.0 1.2840735614299774
35.0 1.296597421169281
36.0 1.2827828884124757
37.0 1.2802684247493743
38.0 1.3073024153709412
39.0 1.295336627960205
40.0 1.2956716954708098
41.0 1.2910212874412537
42.0 1.2880381345748901
43.0 1.2911473035812377
44.0 1.289716613292694
45.0 1.2899503529071807
46.0 1.3054235816001891
47.0 1.300524067878723
48.0 1.2871980547904969
49.0 1.3049627780914306
50.0 1.3133329391479491
51.0 1.305343073606491
52.0 1.2954980731010437
53.0 1.307789546251297
54.0 1.3025780320167542
55.0 1.3026865422725677
56.0 1.307561606168747
57.0 1.3148734331130982
58.0 1.307963639497757
59.0 1.3137065947055817
60.0 1.3105794548988343
61.0 1.3103399574756622
62.0 1.3253455221652986
63.0 1.3327213644981384
64.0 1.3265953242778779
65.0 1.308573317527771
66.0 1.3156064808368684
67.0 1.3332236588001252
68.0 1.3312285482883452
69.0 1.3279795527458191
70.0 1.320998841524124
71.0 1.3371973514556885
72.0 1.3420549929141998
73.0 1.3532771110534667
74.0 1.3429527521133422
75.0 1.3367468178272248
76.0 1.3157403290271759
77.0 1.318136352300644
78.0 1.3333532392978669
79.0 1.3393782317638396
80.0 1.3262755632400514
81.0 1.3276876032352447
82.0 1.3298412084579467
83.0 1.3320886135101317
84.0 1.3236244201660157
85.0 1.3229847073554992
86.0 1.3280310928821564
87.0 1.3090213060379028
88.0 1.313864105939865
89.0 1.3145687103271484
90.0 1.320360791683197
91.0 1.3139143466949463
92.0 1.3031906485557556
93.0 1.3014621436595917
94.0 1.2979185461997986
95.0 1.2884485483169557
96.0 1.2989314079284668
97.0 1.3002926886081696
98.0 1.3112222850322723
99.0 1.4341717064380646
100.0 1.3188067436218263
101.0 1.2899849712848663
102.0 1.2768425047397614
103.0 1.2719061255455018
104.0 1.2781713545322417
105.0 1.2867633521556854
106.0 1.2724829196929932
107.0 1.2730856001377107
108.0 1.2909063160419465
109.0 1.2714297413825988
110.0 1.2800610661506653
111.0 1.2714586973190307
112.0 1.2720889329910279
113.0 1.2719446778297425
114.0 1.2716236293315888
115.0 1.2773524403572083
116.0 1.2629436612129212
117.0 1.2744228899478913
118.0 1.2789320945739746
119.0 1.27541041970253
120.0 1.2713886499404907
121.0 1.2624379634857177
122.0 1.2782545328140258
123.0 1.2615732610225678
124.0 1.282121217250824
125.0 1.2657750606536866
126.0 1.267358809709549
127.0 1.2901687562465667
128.0 1.2818823754787445
129.0 1.2710781931877135
130.0 1.2632658541202546
131.0 1.2703060686588288
132.0 1.2625111162662506
133.0 1.2632787108421326
134.0 1.2611703097820282
135.0 1.2611845076084136
136.0 1.2628912508487702
137.0 1.256116557121277
138.0 1.251843947172165
139.0 1.2577620685100555
140.0 1.2527261912822723
141.0 1.2608641922473907
142.0 1.2590216398239136
143.0 1.2619052588939668
144.0 1.258801770210266
145.0 1.2656884849071504
146.0 1.2599963247776031
147.0 1.2511187255382539
148.0 1.2557728707790374
149.0 1.256091845035553
150.0 1.2429021358489991
151.0 1.2354179263114928
152.0 1.2493436336517334
153.0 1.2387296915054322
154.0 1.2452840447425841
155.0 1.2607204794883728
156.0 1.2403781116008759
157.0 1.2401960909366607
158.0 1.2550773680210114
159.0 1.2432473003864288
160.0 1.2516183614730836
161.0 1.2536033034324645
162.0 1.2484266579151153
163.0 1.2524500727653503
164.0 1.253032910823822
165.0 1.2473385691642762
166.0 1.2532950043678284
167.0 1.2475281715393067
168.0 1.2442270696163178
169.0 1.2361299335956573
170.0 1.248809576034546
171.0 1.2493674635887146
172.0 1.2434996128082276
173.0 1.24355246424675
174.0 1.2390500128269195
175.0 1.2345522105693818
176.0 1.244997614622116
177.0 1.2532743632793426
178.0 1.241251927614212
179.0 1.2369116306304933
180.0 1.2339771509170532
181.0 1.2284959197044372
182.0 1.2339647471904756
183.0 1.233708643913269
184.0 1.2368516445159912
185.0 1.2340775012969971
186.0 1.2136786043643952
187.0 1.2047926664352417
188.0 1.2072251081466674
189.0 1.2136604905128479
190.0 1.2064916968345643
191.0 1.2202558279037476
192.0 1.2232731401920318
193.0 1.216007697582245
194.0 1.2131892561912536
195.0 1.2081396877765656
196.0 1.199630045890808
197.0 1.2055412113666535
198.0 1.2239941000938415
199.0 1.205232286453247
200.0 1.21387779712677
201.0 1.2060611844062805
202.0 1.2159221827983857
203.0 1.21434206366539
204.0 1.2203699111938477
205.0 1.2315311431884766
206.0 1.224342292547226
207.0 1.2191737413406372
208.0 1.2166511595249176
209.0 1.222606599330902
210.0 1.2134375512599944
211.0 1.2221121907234191
212.0 1.2244706749916077
213.0 1.2323231995105743
214.0 1.232639628648758
215.0 1.2319267511367797
216.0 1.215617161989212
217.0 1.232536154985428
218.0 1.2413118422031402
219.0 1.2225322008132935
220.0 1.2312242448329926
221.0 1.2299849271774292
222.0 1.2402291893959045
223.0 1.2326595664024353
224.0 1.2317215740680694
225.0 1.222140610218048
226.0 1.2332137763500213
227.0 1.223664802312851
228.0 1.2260184466838837
229.0 1.245886081457138
230.0 1.2553870260715485
231.0 1.2568436563014984
232.0 1.2519120037555695
233.0 1.2525531709194184
234.0 1.2443817973136901
235.0 1.242334771156311
236.0 1.235847955942154
237.0 1.230714875459671
238.0 1.2266130566596984
239.0 1.2210069119930267
240.0 1.224378377199173
241.0 1.2223666250705718
242.0 1.2171501755714416
243.0 1.2126528203487397
244.0 1.2121195256710053
245.0 1.2019633591175078
246.0 1.2132869124412538
247.0 1.2020426630973815
248.0 1.2009962260723115
249.0 1.1936343610286713
250.0 1.2063148736953735
251.0 1.1993439853191377
252.0 1.1939738631248473
253.0 1.1837113857269288
254.0 1.1834288954734802
255.0 1.1942706644535064
256.0 1.1877746045589448
257.0 1.174660438299179
258.0 1.1937084794044495
259.0 1.193035113811493
260.0 1.192811870574951
261.0 1.196174192428589
262.0 1.1856213688850403
263.0 1.1824963092803955
264.0 1.1927716135978699
265.0 1.1886562824249267
266.0 1.181655651330948
267.0 1.1621325016021729
268.0 1.1649021744728087
269.0 1.164581537246704
270.0 1.1749577283859254
271.0 1.1676458418369293
272.0 1.1663085162639617
273.0 1.1666707634925841
274.0 1.1735945403575898
275.0 1.150502473115921
276.0 1.1611019909381866
277.0 1.1595556557178497
278.0 1.1566363751888276
279.0 1.1499213397502899
280.0 1.1601952612400055
281.0 1.1632756054401399
282.0 1.1672120690345764
283.0 1.1711449384689332
284.0 1.1577272593975068
285.0 1.1581097662448883
286.0 1.1560074031352996
287.0 1.142331999540329
288.0 1.1487422823905944
289.0 1.1591452717781068
290.0 1.1464005649089812
291.0 1.1361795961856842
292.0 1.1465530693531036
293.0 1.1490688979625703
294.0 1.1503773391246797
295.0 1.1634817838668823
296.0 1.15891193151474
297.0 1.1558538496494293
298.0 1.1523083984851836
299.0 1.1492782413959504
300.0 1.148330521583557
301.0 1.1546175181865692
302.0 1.1662923634052276
303.0 1.1629702389240264
304.0 1.147408926486969
305.0 1.1362372636795044
306.0 1.1501119971275329
307.0 1.1454292356967926
308.0 1.139838707447052
309.0 1.1472920596599578
310.0 1.1587801277637482
311.0 1.1474759519100188
312.0 1.1300292611122131
313.0 1.1496078193187713
314.0 1.156594741344452
315.0 1.1559970200061798
316.0 1.1459162414073945
317.0 1.1532183945178986
318.0 1.1580665707588196
319.0 1.1493253469467164
320.0 1.1337236523628236
321.0 1.1442116022109985
322.0 1.1428961098194121
323.0 1.1207566022872926
324.0 1.1290569245815276
325.0 1.1346753120422364
326.0 1.138253778219223
327.0 1.1346238136291504
328.0 1.1299684166908264
329.0 1.1292095601558685
330.0 1.135531085729599
331.0 1.1342524230480193
332.0 1.1359402060508728
333.0 1.1260830581188201
334.0 1.1125738084316255
335.0 1.133471292257309
336.0 1.1314721763134004
337.0 1.1234551548957825
338.0 1.1278680562973022
339.0 1.1199043929576873
340.0 1.1272761344909668
341.0 1.1239262223243713
342.0 1.1339509963989258
343.0 1.1287622928619385
344.0 1.1315065801143647
345.0 1.1210112988948822
346.0 1.129001295566559
347.0 1.1263376772403717
348.0 1.124014550447464
349.0 1.1398748874664306
350.0 1.1429470419883727
351.0 1.130381029844284
352.0 1.1305074036121368
353.0 1.1385787785053254
354.0 1.1282825291156768
355.0 1.128427642583847
356.0 1.1328528106212616
357.0 1.1390921950340271
358.0 1.1311373591423035
359.0 1.132835727930069
360.0 1.1220409154891968
361.0 1.126008003950119
362.0 1.1179376780986785
363.0 1.1262723505496979
364.0 1.1307011663913726
365.0 1.1271912395954131
366.0 1.1162695586681366
367.0 1.131174772977829
368.0 1.1375885725021362
369.0 1.1358954310417175
370.0 1.129353666305542
371.0 1.138705599308014
372.0 1.130357164144516
373.0 1.1247132658958434
374.0 1.1286801755428315
375.0 1.1333201467990874
376.0 1.129180359840393
377.0 1.130981183052063
378.0 1.1301153361797334
379.0 1.123713845014572
380.0 1.1247875273227692
381.0 1.1309587240219117
382.0 1.1304138481616974
383.0 1.140303474664688
384.0 1.1311867237091064
385.0 1.1204807937145234
386.0 1.1289458990097045
387.0 1.125618189573288
388.0 1.134944999217987
389.0 1.1302213609218597
390.0 1.1240946292877196
391.0 1.133644664287567
392.0 1.118541991710663
393.0 1.1246069073677063
394.0 1.1350910902023315
395.0 1.1240684270858765
396.0 1.1385554015636443
397.0 1.1331385552883149
398.0 1.1288054585456848
399.0 1.1227652728557587
400.0 1.1340338945388795
401.0 1.1398436307907105
402.0 1.142090195417404
403.0 1.1345000445842743
404.0 1.1382303476333617
405.0 1.1411195158958436
406.0 1.1417964458465577
407.0 1.1381176233291626
408.0 1.131272792816162
409.0 1.1466788828372956
410.0 1.140540212392807
411.0 1.1336179077625275
412.0 1.1422913074493408
413.0 1.1436875641345978
414.0 1.146304005384445
415.0 1.1469358325004577
416.0 1.1373269975185394
417.0 1.1436652839183807
418.0 1.1406987309455872
419.0 1.1315382301807404
420.0 1.1344675064086913
421.0 1.1510603308677674
422.0 1.1584438502788543
423.0 1.1592759668827057
424.0 1.1471093893051147
425.0 1.1387950360774994
426.0 1.1392807960510254
427.0 1.1347821474075317
428.0 1.1392468333244323
429.0 1.1517588198184967
430.0 1.1480155885219574
431.0 1.1407790660858155
432.0 1.1515270590782165
433.0 1.1419910788536072
434.0 1.1495429039001466
435.0 1.142182207107544
436.0 1.1535407662391663
437.0 1.151770108938217
438.0 1.1371833205223083
439.0 1.1410417199134826
440.0 1.1446450710296632
441.0 1.163590133190155
442.0 1.1495515644550323
443.0 1.1662860095500946
444.0 1.1533035635948181
445.0 1.1548743903636933
446.0 1.1457404673099518
447.0 1.1470113754272462
448.0 1.137871617078781
449.0 1.146617579460144
450.0 1.1437109231948852
451.0 1.1483286380767823
452.0 1.1463429391384126
453.0 1.1658142864704133
454.0 1.1555687665939331
455.0 1.1547584652900695
456.0 1.1438267886638642
457.0 1.1446293592453003
458.0 1.1593694508075714
459.0 1.1560063242912293
460.0 1.148379236459732
461.0 1.1434362351894378
462.0 1.14524667263031
463.0 1.1434450566768646
464.0 1.1363316774368286
465.0 1.1392873048782348
466.0 1.1407188713550567
467.0 1.1463732063770293
468.0 1.1431689262390137
469.0 1.1440608859062196
470.0 1.1344058156013488
471.0 1.1356866836547852
472.0 1.134912359714508
473.0 1.1522060751914978
474.0 1.14833105802536
475.0 1.1340095281600953
476.0 1.1374528527259826
477.0 1.1487279176712035
478.0 1.1396742641925812
479.0 1.1351303517818452
480.0 1.1411817789077758
481.0 1.14019336104393
482.0 1.1294440031051636
483.0 1.1261199414730072
484.0 1.1312867760658265
485.0 1.1270665407180787
486.0 1.1299784243106843
487.0 1.133098119497299
488.0 1.134582132101059
489.0 1.132146167755127
490.0 1.1518898844718932
491.0 1.1378830909729003
492.0 1.1358279407024383
493.0 1.1288905560970306
494.0 1.143315362930298
495.0 1.125320988893509
496.0 1.1295868456363678
497.0 1.1324413657188415
498.0 1.1374528050422668
499.0 1.13336580991745
500.0 1.1356138825416564
501.0 1.139815443754196
502.0 1.1436606168746948
503.0 1.1222865521907806
504.0 1.1228014409542084
505.0 1.1274616181850434
506.0 1.1361141979694367
507.0 1.1416348338127136
508.0 1.1357595205307007
509.0 1.1238537311553956
510.0 1.1335514605045318
511.0 1.1321807980537415
512.0 1.130372941493988
513.0 1.118656188249588
514.0 1.1241340398788453
515.0 1.1283498048782348
516.0 1.1198976695537568
517.0 1.1268277227878571
518.0 1.1296373069286347
519.0 1.125325733423233
520.0 1.1266031861305237
521.0 1.1202986598014832
522.0 1.1353210747241973
523.0 1.1320606827735902
524.0 1.1319581627845765
525.0 1.123101681470871
526.0 1.1237443268299103
527.0 1.1249089241027832
528.0 1.1399706423282623
529.0 1.1339949071407318
530.0 1.13095663189888
531.0 1.1221392095088958
532.0 1.1337958753108979
533.0 1.1448304772377014
534.0 1.150182068347931
535.0 1.1537158489227295
536.0 1.1383834064006806
537.0 1.1420704483985902
538.0 1.1489197611808777
539.0 1.1422307670116425
540.0 1.1503868222236633
541.0 1.15579234957695
542.0 1.1456777930259705
543.0 1.15013507604599
544.0 1.1492866337299348
545.0 1.1536828875541687
546.0 1.1517884314060212
547.0 1.1575595378875732
548.0 1.1516354441642762
549.0 1.1546632826328278
550.0 1.1567220330238341
551.0 1.1633127093315125
552.0 1.160887026786804
553.0 1.1674085974693298
554.0 1.1725632786750793
555.0 1.1596611380577087
556.0 1.1497502386569978
557.0 1.1471211969852448
558.0 1.1582000434398652
559.0 1.1731988906860351
560.0 1.169090348482132
561.0 1.1602992594242096
562.0 1.1667711853981018
563.0 1.1680821359157563
564.0 1.1583065867424012
565.0 1.1651535272598266
566.0 1.163719540834427
567.0 1.1695663392543794
568.0 1.1764228403568269
569.0 1.170210951566696
570.0 1.1688227891921996
571.0 1.168018877506256
572.0 1.1674404799938203
573.0 1.1571367144584657
574.0 1.164877474308014
575.0 1.1679945290088654
576.0 1.165168136358261
577.0 1.1569416344165802
578.0 1.1710044324398041
579.0 1.1607179462909698
580.0 1.1801035106182098
581.0 1.178097552061081
582.0 1.1709555506706237
583.0 1.1674228191375733
584.0 1.1770006179809571
585.0 1.1687320113182067
586.0 1.1700876593589782
587.0 1.181239366531372
588.0 1.1950021088123322
589.0 1.183950126171112
590.0 1.1648801863193512
591.0 1.1826053261756897
592.0 1.164871346950531
593.0 1.1672674715518951
594.0 1.1804309248924256
595.0 1.166815060377121
596.0 1.1718127965927123
597.0 1.1665558159351348
598.0 1.1588136315345765
599.0 1.1701373338699341
600.0 1.1785877108573914
601.0 1.174815034866333
602.0 1.1633986592292787
603.0 1.1585583209991455
604.0 1.1461993515491486
605.0 1.1613284349441528
606.0 1.1651913046836853
607.0 1.1524749159812928
608.0 1.153781807422638
609.0 1.154372864961624
610.0 1.1504746317863463
611.0 1.1519581139087678
612.0 1.1555435538291932
613.0 1.1598640859127045
614.0 1.142130619287491
615.0 1.1457347750663758
616.0 1.1372173428535461
617.0 1.1481720089912415
618.0 1.1445344626903533
619.0 1.1482911825180053
620.0 1.1430471539497375
621.0 1.1161848664283753
622.0 1.1232918560504914
623.0 1.1255167305469513
624.0 1.1325674533843995
625.0 1.1211239576339722
626.0 1.1242286741733551
627.0 1.1348229348659515
628.0 1.1226770162582398
629.0 1.1172663509845733
630.0 1.1225043475627898
631.0 1.1285261273384095
632.0 1.1214631795883179
633.0 1.1184369802474976
634.0 1.1145352184772492
635.0 1.1093240916728973
636.0 1.12544886469841
637.0 1.1089391350746154
638.0 1.112813127040863
639.0 1.1125353753566742
640.0 1.107168710231781
641.0 1.106610894203186
642.0 1.1082699418067932
643.0 1.099234676361084
644.0 1.089775288105011
645.0 1.0989628672599792
646.0 1.0988111793994904
647.0 1.101734495162964
648.0 1.1017638385295867
649.0 1.0912947535514832
650.0 1.0936850607395172
651.0 1.0875475764274598
652.0 1.0992702901363374
653.0 1.099847012758255
654.0 1.0870849072933197
655.0 1.0810675203800202
656.0 1.0687124252319335
657.0 1.0781298518180846
658.0 1.0688235223293305
659.0 1.0851675152778626
660.0 1.0780185759067535
661.0 1.0726369082927705
662.0 1.079747986793518
663.0 1.0708729088306428
664.0 1.0871424674987793
665.0 1.0751631677150726
666.0 1.083452719449997
667.0 1.076186442375183
668.0 1.0687727868556975
669.0 1.0794810950756073
670.0 1.0724008440971375
671.0 1.070249432325363
672.0 1.073086941242218
673.0 1.0655085861682891
674.0 1.0660708665847778
675.0 1.0675838887691498
676.0 1.0716046273708344
677.0 1.068367785215378
678.0 1.0620585709810257
679.0 1.0576752960681914
680.0 1.066751194000244
681.0 1.0652853757143022
682.0 1.0567200422286986
683.0 1.0660175144672395
684.0 1.053698480129242
685.0 1.0559767305850982
686.0 1.056409227848053
687.0 1.0434593915939332
688.0 1.0391927629709243
689.0 1.0380284994840623
690.0 1.046165829896927
691.0 1.0432352155447007
692.0 1.0381707906723023
693.0 1.0418299436569214
694.0 1.0336964428424835
695.0 1.033710503578186
696.0 1.0363812357187272
697.0 1.0368895739316941
698.0 1.0541461884975434
699.0 1.0499347448349
700.0 1.0457832127809525
701.0 1.0525512516498565
702.0 1.0538317084312439
703.0 1.0559122741222382
704.0 1.0508607745170593
705.0 1.0310484230518342
706.0 1.0432524174451827
707.0 1.0513447105884552
708.0 1.0582690715789795
709.0 1.0577022075653075
710.0 1.0502479553222657
711.0 1.0572656452655793
712.0 1.0607336938381196
713.0 1.068229079246521
714.0 1.0560194432735444
715.0 1.0469483494758607
716.0 1.0519493639469146
717.0 1.050121194124222
718.0 1.0630992293357848
719.0 1.0689596235752106
720.0 1.0581874430179596
721.0 1.0588581919670106
722.0 1.0597050607204437
723.0 1.0601129531860352
724.0 1.065188503265381
725.0 1.0673446774482727
726.0 1.0559758484363555
727.0 1.0644804894924165
728.0 1.0629681527614594
729.0 1.0553692042827607
730.0 1.0511005640029907
731.0 1.0548469811677932
732.0 1.058462980389595
733.0 1.0661274373531342
734.0 1.0779558002948761
735.0 1.0817157208919526
736.0 1.074913227558136
737.0 1.0558502137660981
738.0 1.0668854296207428
739.0 1.0653514802455901
740.0 1.0685810208320619
741.0 1.0621595621109008
742.0 1.0577459394931794
743.0 1.057971680164337
744.0 1.0601580440998077
745.0 1.065465074777603
746.0 1.069510668516159
747.0 1.0656337499618531
748.0 1.0600725412368774
749.0 1.065885502099991
750.0 1.0697522163391113
751.0 1.0741593301296235
752.0 1.0633010298013688
753.0 1.053469079732895
754.0 1.061258727312088
755.0 1.0475807815790177
756.0 1.0489309787750245
757.0 1.0575655221939086
758.0 1.0519203305244447
759.0 1.0521635591983796
760.0 1.0538944631814957
761.0 1.0509842872619628
762.0 1.0372395396232605
763.0 1.0433152496814728
764.0 1.0490562945604325
765.0 1.04940367937088
766.0 1.0391533613204955
767.0 1.056747815012932
768.0 1.0500329554080963
769.0 1.0509978353977203
770.0 1.0493849724531175
771.0 1.0588168382644654
772.0 1.053407746553421
773.0 1.0496685802936554
774.0 1.0654276072978974
775.0 1.0502037346363067
776.0 1.0646730542182923
777.0 1.0631467759609223
778.0 1.0604891300201416
779.0 1.065798133611679
780.0 1.0526139110326767
781.0 1.0508943617343902
782.0 1.0489541649818421
783.0 1.046740821003914
784.0 1.0500100046396255
785.0 1.060867393016815
786.0 1.0522685050964355
787.0 1.048379436135292
788.0 1.0635254740715028
789.0 1.0638169825077057
790.0 1.0627660572528839
791.0 1.0679431557655334
792.0 1.0588295817375184
793.0 1.060675048828125
794.0 1.050725382566452
795.0 1.0525237262248992
796.0 1.0689528584480286
797.0 1.0810377806425095
798.0 1.072334361076355
799.0 1.085720044374466
800.0 1.066021889448166
801.0 1.0696840435266495
802.0 1.070222446322441
803.0 1.059595912694931
804.0 1.0673119664192199
805.0 1.063074630498886
806.0 1.0421164989471436
807.0 1.0587603181600571
808.0 1.0608241438865662
809.0 1.0645560801029206
810.0 1.0615619778633119
811.0 1.0711512088775634
812.0 1.0569804668426515
813.0 1.0507474362850189
814.0 1.0651264429092406
815.0 1.0652901530265808
816.0 1.060749325156212
817.0 1.056011539697647
818.0 1.0689895749092102
819.0 1.0750167548656464
820.0 1.0820039808750153
821.0 1.077204304933548
822.0 1.0764353334903718
823.0 1.0782185435295104
824.0 1.082637619972229
825.0 1.0878821551799773
826.0 1.0713431119918824
827.0 1.075479692220688
828.0 1.0774589657783509
829.0 1.0883533120155335
830.0 1.0821945786476135
831.0 1.0822300374507905
832.0 1.0898930430412292
833.0 1.0813998699188232
834.0 1.0745431005954742
835.0 1.078264492750168
836.0 1.0817092478275299
837.0 1.0827527463436126
838.0 1.0738388478755951
839.0 1.070497876405716
840.0 1.0725906133651733
841.0 1.0735956668853759
842.0 1.074176412820816
843.0 1.0767084658145905
844.0 1.051388117671013
845.0 1.0554732024669646
846.0 1.0639438152313232
847.0 1.0467007607221603
848.0 1.0792828321456909
849.0 1.0648932576179504
850.0 1.0600185334682464
851.0 1.0539835095405579
852.0 1.0701655328273774
853.0 1.0575158655643464
854.0 1.0521810054779053
855.0 1.0529274761676788
856.0 1.0587744116783142
857.0 1.0567020058631897
858.0 1.0542330503463746
859.0 1.0517453134059906
860.0 1.0611626863479615
861.0 1.0586075723171233
862.0 1.0467719674110412
863.0 1.0502373814582824
864.0 1.0422968178987504
865.0 1.0426623463630675
866.0 1.0329680353403092
867.0 1.0308463990688324
868.0 1.0489449203014374
869.0 1.0400552451610565
870.0 1.040159821510315
871.0 1.02696173787117
872.0 1.0331512361764907
873.0 1.03665771484375
874.0 1.0309928953647614
875.0 1.0358869671821593
876.0 1.031927341222763
877.0 1.035011738538742
878.0 1.0410767018795013
879.0 1.0420228213071823
880.0 1.0425914466381072
881.0 1.0449503481388092
882.0 1.047005259990692
883.0 1.052880209684372
884.0 1.0538997769355773
885.0 1.0403096795082092
886.0 1.0364238768815994
887.0 1.0261248081922532
888.0 1.0369200229644775
889.0 1.0346660763025284
890.0 1.035448995232582
891.0 1.0461424171924592
892.0 1.0439166218042373
893.0 1.0388150185346603
894.0 1.0320768892765044
895.0 1.0249494850635528
896.0 1.0349558204412461
897.0 1.0286578595638276
898.0 1.0243191987276077
899.0 1.026021808385849
900.0 1.0483318328857423
901.0 1.0599409699440003
902.0 1.0462351799011231
903.0 1.038067215681076
904.0 1.0292712569236755
905.0 1.0351995885372163
906.0 1.0343649208545684
907.0 1.0378997802734375
908.0 1.0411581575870514
909.0 1.035688641667366
910.0 1.0179122596979142
911.0 1.0249315917491912
912.0 1.0325704276561738
913.0 1.0239474475383759
914.0 1.0327289402484894
915.0 1.0401921212673186
916.0 1.034525790810585
917.0 1.0210981905460357
918.0 1.0319324344396592
919.0 1.0369865834712981
920.0 1.0350313931703568
921.0 1.0254290163517
922.0 1.0329691499471665
923.0 1.0275137543678283
924.0 1.0267627507448196
925.0 1.0342173099517822
926.0 1.0414039701223374
927.0 1.0385949075222016
928.0 1.0246041059494018
929.0 1.033046555519104
930.0 1.0294368058443069
931.0 1.0203845024108886
932.0 1.0117268443107605
933.0 1.0147888988256455
934.0 1.0245883971452714
935.0 1.0149428516626358
936.0 1.0151718437671662
937.0 1.0026367634534836
938.0 1.009188860654831
939.0 1.0020810693502427
940.0 1.0182479649782181
941.0 1.0105351269245149
942.0 1.0070302098989488
943.0 1.0136645317077637
944.0 1.006992045044899
945.0 0.9978042811155319
946.0 1.0020810306072234
947.0 0.99032062292099
948.0 1.0017543345689774
949.0 1.008140653371811
950.0 1.0079858779907227
951.0 1.008467787504196
952.0 1.0026530563831328
953.0 0.9919715225696564
954.0 0.9956591844558715
955.0 0.9871764779090881
956.0 0.9796991676092148
957.0 1.0006984680891038
958.0 0.9951578319072724
959.0 0.9912197679281235
960.0 1.003409406542778
961.0 0.9964121818542481
962.0 0.9909043610095978
963.0 0.9841390371322631
964.0 0.9866595596075058
965.0 0.9880114167928695
966.0 0.9969338297843933
967.0 0.9800667285919189
968.0 0.9870686531066895
