1.0 12.732014656066895
2.0 12.85518741607666
3.0 13.065960884094238
4.0 12.910307884216309
5.0 12.881031036376953
6.0 12.964515686035156
7.0 12.97141170501709
8.0 13.125629425048828
9.0 13.263866424560547
10.0 13.122998237609863
11.0 12.97097110748291
12.0 13.120731353759766
13.0 12.897562026977539
14.0 13.005375862121582
15.0 12.939435958862305
16.0 12.939435958862305
17.0 12.99973201751709
18.0 13.076603889465332
19.0 13.157431602478027
20.0 13.170111656188965
21.0 12.921479225158691
22.0 12.517993927001953
23.0 12.28447151184082
24.0 12.162267684936523
25.0 12.09857177734375
26.0 11.897513389587402
27.0 11.63071346282959
28.0 11.396462440490723
29.0 10.8035888671875
30.0 10.004249572753906
31.0 8.528626441955566
32.0 6.645959854125977
33.0 6.4925103187561035
34.0 7.207214832305908
35.0 7.627106189727783
36.0 25.343381881713867
37.0 71.75627136230469
38.0 108.65959930419922
39.0 143.93136596679688
40.0 204.67544555664063
41.0 205.66429138183594
42.0 204.78126525878906
43.0 204.78126525878906
44.0 206.47195434570313
45.0 204.47921752929688
46.0 197.4174346923828
47.0 162.6513214111328
48.0 43.389984130859375
49.0 30.81429100036621
50.0 23.523826599121094
51.0 6.550785064697266
52.0 8.030091285705566
53.0 10.08153247833252
54.0 10.425873756408691
55.0 10.744856834411621
56.0 10.999428749084473
57.0 11.086713790893555
58.0 10.82618236541748
59.0 11.023422241210938
60.0 11.03614616394043
61.0 10.889130592346191
62.0 11.293890953063965
63.0 11.339035034179688
64.0 11.325711250305176
65.0 11.29991626739502
66.0 11.102402687072754
67.0 11.079194068908691
68.0 11.35032844543457
69.0 11.35032844543457
70.0 11.293601036071777
71.0 11.242734909057617
72.0 11.369229316711426
73.0 11.2080078125
74.0 11.01624870300293
75.0 11.01651382446289
76.0 11.14395523071289
77.0 10.862452507019043
78.0 10.761682510375977
79.0 10.598993301391602
80.0 10.65392780303955
81.0 10.647624015808105
82.0 10.572713851928711
