1.0 37.367027282714844
2.0 37.59233856201172
3.0 37.55693817138672
4.0 37.28410339355469
5.0 37.3859748840332
6.0 37.39878845214844
7.0 36.80430221557617
8.0 36.90438461303711
9.0 36.5036735534668
10.0 36.532196044921875
11.0 36.861541748046875
12.0 37.26118850708008
13.0 37.27246856689453
14.0 37.525325775146484
15.0 37.71065139770508
16.0 37.86726760864258
17.0 37.86726760864258
18.0 37.83763122558594
19.0 37.767417907714844
20.0 37.27732849121094
21.0 37.15296936035156
22.0 36.43329620361328
23.0 35.80081558227539
24.0 35.39802551269531
25.0 34.84120178222656
26.0 34.14075469970703
27.0 32.70610427856445
28.0 30.807758331298828
29.0 28.072509765625
30.0 23.450450897216797
31.0 17.914810180664063
32.0 13.450469017028809
33.0 10.603193283081055
34.0 9.657455444335938
35.0 11.537103652954102
36.0 14.4874849319458
37.0 117.55597686767578
38.0 186.13180541992188
39.0 231.0548858642578
40.0 239.810302734375
41.0 245.3433380126953
42.0 244.24522399902344
43.0 241.76829528808594
44.0 220.787353515625
45.0 147.6964874267578
46.0 83.04212188720703
47.0 40.18708038330078
48.0 12.175196647644043
49.0 9.496539115905762
50.0 8.505448341369629
51.0 10.597756385803223
52.0 17.327003479003906
53.0 23.378366470336914
54.0 28.079742431640625
55.0 30.30375099182129
56.0 30.99137306213379
57.0 31.252273559570313
58.0 31.34918975830078
59.0 31.475818634033203
60.0 31.426973342895508
61.0 31.28931999206543
62.0 31.380908966064453
63.0 31.48837661743164
64.0 31.35112953186035
65.0 31.187705993652344
66.0 31.345714569091797
67.0 30.937726974487305
68.0 31.36308479309082
69.0 31.255861282348633
70.0 31.017528533935547
71.0 31.017528533935547
72.0 30.877216339111328
73.0 30.863630294799805
74.0 30.59547996520996
75.0 30.239274978637695
76.0 29.739187240600586
77.0 29.438478469848633
78.0 29.253461837768555
79.0 29.090425491333008
80.0 29.281803131103516
81.0 29.35193634033203
82.0 29.25483512878418
