1.0 1.2182953879237175
2.0 1.2222682411472003
3.0 1.2117121112015512
4.0 1.2038263388805919
5.0 1.2153843889633815
6.0 1.2084416076540947
7.0 1.2080220290356212
8.0 1.2094619133406215
9.0 1.2238168294231098
10.0 1.216149160431491
11.0 1.215688900815116
12.0 1.2354807406663895
13.0 1.213343390987979
14.0 1.2095216280884213
15.0 1.2119509081045787
16.0 1.2023270949721336
17.0 1.2187483509381611
18.0 1.214966695341799
19.0 1.1954775344994333
20.0 1.1898691886001163
21.0 1.198503565457132
22.0 1.2234600683053334
23.0 1.2031661470731099
24.0 1.2075166039996676
25.0 1.2637712698843744
26.0 1.2702326277891796
27.0 1.2114281530181568
28.0 1.1959806655844052
29.0 1.1821841332647536
30.0 1.1942308396100998
31.0 1.1982967737648222
32.0 1.1916964824000995
33.0 1.1906556478805013
34.0 1.1881996774011188
35.0 1.1941843380530675
36.0 1.1920222664872806
37.0 1.1973524681395955
38.0 1.1825200526250734
39.0 1.1830839100811217
40.0 1.186759515768952
41.0 1.1894888033469517
42.0 1.1878036484122276
43.0 1.185580588877201
44.0 1.1858868242965803
45.0 1.1935415888826053
46.0 1.1921142447325919
47.0 1.1918501746323373
48.0 1.1876632678839896
49.0 1.1916584132446184
50.0 1.1843412071466446
51.0 1.187936320900917
52.0 1.197529810998175
53.0 1.198931998676724
54.0 1.1911254756980472
55.0 1.1919588620464008
56.0 1.1943648921118841
57.0 1.1943911694818072
58.0 1.1995756667521265
59.0 1.1964236944913864
60.0 1.191110108461645
61.0 1.2012087065312598
62.0 1.2011060979631212
63.0 1.198478016588423
64.0 1.1937016058299277
65.0 1.1984563362267282
66.0 1.202968653705385
67.0 1.2025645408365462
68.0 1.2253530480795436
69.0 1.2062590130501323
70.0 1.204082893828551
71.0 1.2005493938922882
72.0 1.200924288895395
73.0 1.2071864166193538
74.0 1.2529759597447183
75.0 1.2933683312601514
76.0 1.2372624236676428
77.0 1.21032944901122
78.0 1.2122767625583544
79.0 1.2164768452445667
80.0 1.2099416471189923
81.0 1.2319939227567778
82.0 1.2151641175150871
83.0 1.2149143268664677
84.0 1.2163454434937901
85.0 1.2093373040358226
86.0 1.210612490773201
87.0 1.2137682371669345
88.0 1.2203002182973757
89.0 1.2204231719175975
90.0 1.2307067977057562
91.0 1.219484318461683
92.0 1.215366755094793
93.0 1.2182771141330402
94.0 1.213725817700227
95.0 1.2119507036275334
96.0 1.215103494624297
97.0 1.2097572195861075
98.0 1.2145987153053284
99.0 1.2137203473183844
100.0 1.215155524512132
101.0 1.217935998406675
102.0 1.218576071990861
103.0 1.2442407425906923
104.0 1.2394602952731981
105.0 1.2126977716883023
106.0 1.206779457628727
107.0 1.217108474837409
108.0 1.2139444905850623
109.0 1.2110571447345946
110.0 1.2331239903966587
111.0 1.2332998489340146
112.0 1.225753991968102
113.0 1.2245702718695004
114.0 1.2256656189759572
115.0 1.2350917864176962
116.0 1.2196556404232979
117.0 1.2208210991488562
118.0 1.2181057863765292
119.0 1.2179537283049688
120.0 1.2186439509193103
121.0 1.217860971060064
122.0 1.2156844817929797
123.0 1.218741496404012
124.0 1.2153093872798815
125.0 1.2106188088655472
126.0 1.2267428164680798
127.0 1.2604936295085483
128.0 1.3079498087366421
129.0 1.2499954087866678
130.0 1.2307983330554433
131.0 1.2221341737442546
132.0 1.2177948107322056
133.0 1.2244277099768321
134.0 1.22151327961021
135.0 1.2193409676353137
136.0 1.2234068794382944
137.0 1.2281714156270027
138.0 1.2264995723962784
139.0 1.2201479838954077
140.0 1.3157101629508867
141.0 1.2672333402766123
142.0 1.2311383709311485
143.0 1.2239060956570837
144.0 1.2169762021965451
145.0 1.2202650441063776
146.0 1.2277020009027586
147.0 1.2517367063297167
148.0 1.2386686702569325
149.0 1.228329303363959
150.0 1.2194502221213446
151.0 1.2414849326014519
152.0 1.2367124814126227
153.0 1.2341099000639386
154.0 1.2246662105123203
155.0 1.2249732522500887
156.0 1.2289246246218681
157.0 1.2335185069176886
158.0 1.2387649855679936
159.0 1.2336239276660814
160.0 1.2329543845521078
161.0 1.2334453438719113
162.0 1.2441347175174289
163.0 1.2435815061132114
164.0 1.2304839922322168
165.0 1.2347854516572423
166.0 1.2624141168263223
167.0 1.2552930000755522
168.0 1.242917010353671
169.0 1.2511777861250772
170.0 1.2501777807871501
171.0 1.2395598921510909
172.0 1.2411968741152022
173.0 1.2453081442250147
174.0 1.239644522468249
175.0 1.234408283399211
176.0 1.2387252267864015
177.0 1.2408322931991682
178.0 1.244526319205761
179.0 1.243327759206295
180.0 1.2599119941393535
181.0 1.2859633473886385
182.0 1.279217696024312
183.0 1.25721489224169
184.0 1.2471847832202911
185.0 1.2521300183402166
186.0 1.2648835687173738
187.0 1.280875677863757
188.0 1.2624840810894966
189.0 1.2466935796870127
190.0 1.246366784804397
191.0 1.2496690021620855
192.0 1.2542074488268957
193.0 1.2483339409033458
194.0 1.252980956600772
195.0 1.2533842374881108
196.0 1.2668607094221644
197.0 1.2555401474237442
198.0 1.2567369399799242
199.0 1.262431883977519
200.0 1.2751813357075055
201.0 1.2672282283504803
202.0 1.2562460684114032
203.0 1.2530484721064568
204.0 1.266485718389352
205.0 1.3236530605289671
206.0 1.279247533943918
207.0 1.2798711972104178
208.0 1.3087552570634418
209.0 1.2777611646387312
210.0 1.271410954495271
211.0 1.284068235920535
212.0 1.289074632856581
213.0 1.2909340427981482
214.0 1.3193127041061719
215.0 1.2905455024705992
216.0 1.2937611871295505
217.0 1.2802084941003058
218.0 1.2831540198789702
219.0 1.2842535691128836
220.0 1.281470821963416
221.0 1.2824535162912474
222.0 1.2899179516567125
223.0 1.2875446660651102
224.0 1.2953884593314595
225.0 1.3001956765850384
226.0 1.2837508353922102
227.0 1.2883528661396768
228.0 1.2846859676970377
229.0 1.284104151858224
230.0 1.2875811805327733
231.0 1.3083188699351416
232.0 1.3112809277243085
233.0 1.289032573501269
234.0 1.2800775584247377
235.0 1.2844304508633084
236.0 1.294794175359938
237.0 1.2920154904325802
238.0 1.2875204765134387
239.0 1.2793799349003367
240.0 1.281252019935184
241.0 1.2986075124806828
242.0 1.2846822895937495
243.0 1.3182579891549215
244.0 1.3078253062234984
245.0 1.2737620530856981
246.0 1.2744448706507683
247.0 1.2783601565493479
248.0 1.2783023301098082
249.0 1.2757389744122822
250.0 1.271804283062617
251.0 1.2845959555771616
252.0 1.2840134617355135
253.0 1.2818337447113461
254.0 1.2849826200140848
255.0 1.2861120709114604
256.0 1.3096703464786212
257.0 1.30209831148386
258.0 1.337541826069355
259.0 1.3123255065745778
260.0 1.298860412504938
261.0 1.2906428227821987
262.0 1.303147479891777
263.0 1.299522125058704
264.0 1.3600456631845899
265.0 1.3557634088728163
266.0 1.3046200772126515
267.0 1.2933247627483473
268.0 1.291533230079545
269.0 1.2953449131713972
270.0 1.2870624653167195
271.0 1.292450341085593
272.0 1.2938983680473433
273.0 1.2862334441807535
274.0 1.2941375821828842
275.0 1.291887942287657
276.0 1.295235959192117
277.0 1.2937009591195319
278.0 1.299771940542592
279.0 1.3076599273416731
280.0 1.2991234842273924
281.0 1.2955614634686046
282.0 1.293606812755267
283.0 1.2912153692709074
284.0 1.2978115479151409
285.0 1.2970185610983107
286.0 1.2982410465677579
287.0 1.2924490140544043
288.0 1.2898408513930109
289.0 1.2900253517760172
290.0 1.290623394979371
291.0 1.2948443210787244
292.0 1.2937347673707538
293.0 1.29078129099475
294.0 1.2889580643839307
295.0 1.2938310296999083
296.0 1.2859175470140245
297.0 1.288785408768389
298.0 1.2837526069747076
299.0 1.2837940098510847
300.0 1.2787141940659947
301.0 1.2798167020082474
302.0 1.2888708056675062
303.0 1.2999080419540405
304.0 1.2897149879071448
305.0 1.2974702508913145
306.0 1.3016322313083544
307.0 1.2941534734434552
308.0 1.2907405230734084
309.0 1.3190820730394788
310.0 1.3025808955232303
311.0 1.2943946619828541
312.0 1.2834005968438253
313.0 1.2848047125670645
314.0 1.2964211056629817
315.0 1.3240011549658246
316.0 1.3060881329907312
317.0 1.2860585144824452
318.0 1.3011195643080606
319.0 1.285891844994492
320.0 1.2773048505187035
321.0 1.2851486388179991
322.0 1.2841990763942401
323.0 1.2888461442457304
324.0 1.290674979488055
325.0 1.2915693728460207
326.0 1.2816096395254135
327.0 1.284042090177536
328.0 1.2879001374046009
329.0 1.2760370506180658
330.0 1.2633127669493358
331.0 1.2625440019700263
332.0 1.272538862294621
333.0 1.2682125998867884
334.0 1.2725288851393595
335.0 1.2548181696070566
336.0 1.2470576986670494
337.0 1.2504179237617388
338.0 1.2677972101502948
339.0 1.2634936115807958
340.0 1.256630755133099
341.0 1.2512579825189378
342.0 1.2565189856621954
343.0 1.2575039797359042
344.0 1.2570840045809746
345.0 1.2555555179715157
346.0 1.3073642121420965
347.0 1.357631420923604
348.0 1.2706754530469577
349.0 1.2501681389080153
350.0 1.2484462699956365
351.0 1.2693348684244685
352.0 1.2771980298890009
353.0 1.2523575002948444
354.0 1.2532568805747561
355.0 1.2528154816892412
356.0 1.2584066689014435
357.0 1.2576921631892521
358.0 1.2597650041182835
359.0 1.2657786690526538
360.0 1.2521394201450877
361.0 1.2512622980607881
362.0 1.2573830750253465
363.0 1.2493509252866108
364.0 1.2700594257977273
365.0 1.2665844021572008
366.0 1.2662176953421698
367.0 1.2929385635587904
368.0 1.2830394175317552
369.0 1.2628738987776968
370.0 1.2674029709564314
371.0 1.280194519294633
372.0 1.3019280301200018
373.0 1.3093560934066772
374.0 1.2758948240015242
375.0 1.257705095741484
376.0 1.2684040913979213
377.0 1.2712136581540108
378.0 1.3648355371422238
379.0 1.3144653224282794
380.0 1.2617414999339316
381.0 1.2577010633216963
382.0 1.255082993871636
383.0 1.2581550263696246
384.0 1.2556521478626463
385.0 1.2550437574585278
386.0 1.2573223445150588
387.0 1.2571768404708967
388.0 1.2554792496893141
389.0 1.2579615894291136
390.0 1.2585198614332411
391.0 1.2685335179169972
392.0 1.252239651978016
393.0 1.2547383556763332
394.0 1.2708049515883129
395.0 1.256461179918713
396.0 1.2539152652025223
397.0 1.261523460348447
398.0 1.2668222412467003
399.0 1.267212671538194
400.0 1.2637538454598851
401.0 1.262033012178209
402.0 1.271779672967063
403.0 1.2648712942997615
404.0 1.2797259497973654
405.0 1.3102214005258348
406.0 1.301609938343366
407.0 1.2812698880831401
408.0 1.2971855012906923
409.0 1.4375213227338262
410.0 1.4133678964442677
411.0 1.347445575727357
412.0 1.2847300850682788
413.0 1.2914177858167224
414.0 1.297695967886183
415.0 1.3033331077959802
416.0 1.2946791019704607
417.0 1.2987572335534625
418.0 1.2941553418835003
419.0 1.2941045289238293
420.0 1.2976600271132257
421.0 1.3071075768934355
422.0 1.29982990026474
423.0 1.3043835875060823
424.0 1.3111626323726442
425.0 1.3268650273482006
426.0 1.3259495024879773
427.0 1.320604799522294
428.0 1.322990438176526
429.0 1.3249366970525847
430.0 1.3187889862391684
431.0 1.3234664772947629
432.0 1.3259534099035792
433.0 1.3444358516070578
434.0 1.3806201103660796
435.0 1.3938897748788197
436.0 1.367656444509824
437.0 1.3315128145946398
438.0 1.3410740635461278
439.0 1.3368296929531627
440.0 1.3358068433072832
441.0 1.3395106370250385
442.0 1.3437276134888332
443.0 1.3452726834350162
444.0 1.3402083979712591
445.0 1.3430115977923076
446.0 1.339912227458424
447.0 1.3347461678915553
448.0 1.3404666632413864
449.0 1.3429174158308241
450.0 1.3447314252456029
451.0 1.3466397151350975
452.0 1.343991601632701
453.0 1.3426462072465155
454.0 1.3479403207699459
455.0 1.346552235384782
456.0 1.3516489151451323
457.0 1.352992668747902
458.0 1.360077340569761
459.0 1.359430354502466
460.0 1.3616355905930202
461.0 1.3686364615956943
462.0 1.3743226726849873
463.0 1.3775350037548277
464.0 1.3601014506485727
465.0 1.3651311041580305
466.0 1.3669374518924289
467.0 1.3652946733766131
468.0 1.3655309337708685
469.0 1.372202177842458
470.0 1.3796511797441378
471.0 1.3798585525817342
472.0 1.371394851969348
473.0 1.3783782935804791
474.0 1.3837407305836678
475.0 1.4114488636453946
476.0 1.3935728445649147
477.0 1.378378029498789
478.0 1.3800079060925379
479.0 1.3802931466036372
480.0 1.382322468691402
481.0 1.3912348904543452
482.0 1.3861087850398488
483.0 1.389852813548512
484.0 1.3912400611572795
485.0 1.395151596930292
486.0 1.3957694056961272
487.0 1.3978569441371493
488.0 1.390240430004067
489.0 1.399054533077611
490.0 1.4074177692333858
491.0 1.4112835634085867
492.0 1.408878901766406
493.0 1.4102682885196474
494.0 1.416002212299241
495.0 1.4121387211812868
496.0 1.4171115068925753
497.0 1.4152902969055705
498.0 1.4223989620804787
499.0 1.415762438542313
500.0 1.4158954951498244
501.0 1.421141516831186
502.0 1.434978812105126
503.0 1.4745838873916202
504.0 1.477612242102623
505.0 1.4417166991366281
506.0 1.422645889222622
507.0 1.4279775354597304
508.0 1.4416186528073416
509.0 1.4517388600442145
510.0 1.4643457151121564
511.0 1.4662836367885272
512.0 1.4450743421912193
513.0 1.4420399376087718
514.0 1.434687852859497
515.0 1.4370098147127364
516.0 1.4401375071869955
517.0 1.437224547068278
518.0 1.433877287639512
519.0 1.44199055681626
520.0 1.4421060706178348
521.0 1.4296898535556264
522.0 1.4456939465469785
523.0 1.4516498727930918
524.0 1.4454753796259563
525.0 1.4330395153827138
526.0 1.4289686034123104
527.0 1.4347626401318445
528.0 1.4323190218872495
529.0 1.4334966565171878
530.0 1.4342173288265865
531.0 1.4326033923361037
532.0 1.4333043876621459
533.0 1.4359118110603757
534.0 1.4328752218021288
535.0 1.4277468770742416
536.0 1.4276224929425452
537.0 1.4269914858871036
538.0 1.4196736108925607
539.0 1.4436892867088318
540.0 1.4489229636059866
541.0 1.4282448904381857
542.0 1.4231250890427165
543.0 1.4247378814551566
544.0 1.425618465575907
545.0 1.4481533583667543
546.0 1.4432732189695041
547.0 1.4312131678064663
548.0 1.4259579132000606
549.0 1.4275580520431201
550.0 1.4272119576732318
551.0 1.4251902343498335
552.0 1.4195874805251758
553.0 1.420682777961095
554.0 1.4330336600542068
555.0 1.4306871501935854
556.0 1.4270243578486972
557.0 1.4198211804032326
558.0 1.4230691567063332
559.0 1.4266708576016955
560.0 1.4215899068448279
561.0 1.4191434631745021
562.0 1.4558356975515683
563.0 1.4851748843987782
564.0 1.4668752749760945
565.0 1.4346372667286131
566.0 1.4222672333319981
567.0 1.433819669816229
568.0 1.4706116086906857
569.0 1.4756218526098464
570.0 1.4488560582200687
571.0 1.4325645334190793
572.0 1.4167167296012242
573.0 1.4130467217829492
574.0 1.4122295959128275
575.0 1.4103000602788396
576.0 1.4109327909019258
577.0 1.4081520777609613
578.0 1.4070868318279584
579.0 1.4045450944039557
580.0 1.4012790363695886
581.0 1.4247469968265958
582.0 1.4183296006586816
583.0 1.46906276130014
584.0 1.4625610162814457
585.0 1.3953403491112921
586.0 1.3946246893869505
587.0 1.3962245335181553
588.0 1.399620460967223
589.0 1.4371367022395134
590.0 1.4139295336272981
591.0 1.3824250681532755
592.0 1.3862322395046551
593.0 1.3888106495141983
594.0 1.3960235656963453
595.0 1.3960819186435804
596.0 1.390869028866291
597.0 1.3823049366474152
598.0 1.3740479813681707
599.0 1.384192360772027
600.0 1.3741529981295268
601.0 1.3782986766762204
602.0 1.3851475508676634
603.0 1.3992368289166026
604.0 1.3828117690152593
605.0 1.381375941965315
606.0 1.3895020203457937
607.0 1.3950815316703584
608.0 1.4578878374563322
609.0 1.4139402972327337
610.0 1.3954503875639703
611.0 1.4493096470832825
612.0 1.411035567522049
613.0 1.3737185705039237
614.0 1.3927887744373746
615.0 1.380923158592648
616.0 1.3730129549900691
617.0 1.3753044837050967
618.0 1.3827346654401884
619.0 1.3954156032866902
620.0 1.3853951485620604
621.0 1.3751917721496687
622.0 1.3805236551496718
623.0 1.3950222358107567
624.0 1.387531696094407
625.0 1.3742840323183272
626.0 1.3909046658211284
627.0 1.4412133047978084
628.0 1.4171355706122186
629.0 1.427338616715537
630.0 1.4060405103696718
631.0 1.3895011138584878
632.0 1.3797288553582296
633.0 1.377442752321561
634.0 1.401259260873
635.0 1.3853386466701825
636.0 1.3776949950390391
637.0 1.3739619370963838
638.0 1.375508300960064
639.0 1.3796564324034586
640.0 1.37783964143859
641.0 1.391041148867872
642.0 1.4508828148245811
643.0 1.4988412004378107
644.0 1.3980352613661025
645.0 1.384937619169553
646.0 1.3809659100241132
647.0 1.3840080127120018
648.0 1.3810525644156668
649.0 1.3833805388874478
650.0 1.3821712045205965
651.0 1.3846762362453673
652.0 1.3812910715738933
653.0 1.3773488716946707
654.0 1.3837868712014623
655.0 1.3820620444085863
656.0 1.3753151504529848
657.0 1.3738271196683247
658.0 1.3720571042762861
659.0 1.3699331457416217
660.0 1.3823319259617064
661.0 1.37237662408087
662.0 1.3694515890545316
663.0 1.3680141096313794
664.0 1.3656411874625418
665.0 1.36692037847307
666.0 1.367303439312511
667.0 1.366399510867066
668.0 1.3649082746770647
669.0 1.3575224752227466
670.0 1.3655507490038872
671.0 1.3808578559094005
672.0 1.3590308452645938
673.0 1.360251933336258
674.0 1.3590285645590887
675.0 1.3558678817417886
676.0 1.349778884814845
677.0 1.3488195265332859
678.0 1.3516782290405698
679.0 1.3486029331882794
680.0 1.355581218169795
681.0 1.350520374874274
682.0 1.3504010174009535
683.0 1.3536197137501504
684.0 1.3435657686657376
685.0 1.3365764692425728
686.0 1.3382787067029212
687.0 1.3396484611762896
688.0 1.3438250331415071
689.0 1.3367257300350401
690.0 1.3451655904452007
691.0 1.363072851465808
692.0 1.3521202305952709
693.0 1.3445970979001787
694.0 1.3334610958894093
695.0 1.3370056566264894
696.0 1.3349697498811617
697.0 1.3294271272089746
698.0 1.3333776344855626
699.0 1.3363668570915859
700.0 1.334978762600157
701.0 1.33313074376848
702.0 1.336180742416117
703.0 1.3336384420593579
704.0 1.3615712192323473
705.0 1.3932101560963526
706.0 1.354185356034173
707.0 1.3489834459291563
708.0 1.3379366778665118
709.0 1.33872016850445
710.0 1.3356483355164528
711.0 1.346950412624412
712.0 1.3682375873128574
713.0 1.3551876437332895
714.0 1.3582210060622957
715.0 1.354392372071743
716.0 1.3522034312287967
717.0 1.353182843161954
718.0 1.3560832134551473
719.0 1.360425482193629
720.0 1.367011960181925
721.0 1.368962724175718
722.0 1.3700688042574458
723.0 1.3720085902346506
724.0 1.3767390449841816
725.0 1.375918020804723
726.0 1.3873794277509053
727.0 1.3910816667808428
728.0 1.3978014861543973
729.0 1.403554571999444
730.0 1.4103415343496535
731.0 1.4153441397680178
732.0 1.4226469289925363
733.0 1.4247416199909315
734.0 1.4605684768822458
735.0 1.4788624031676187
736.0 1.444314494729042
737.0 1.445391894214683
738.0 1.451971756087409
739.0 1.4860028392738767
740.0 1.4887788544098537
741.0 1.4681950418485537
742.0 1.4804370452960331
743.0 1.4894112290607557
744.0 1.4980239222447078
745.0 1.5102323815226555
746.0 1.5132356310884159
747.0 1.5052257196770773
748.0 1.5117456416289012
749.0 1.5201447423961427
750.0 1.52328020417028
751.0 1.5278879462016954
752.0 1.5430515830715497
753.0 1.5429533479942217
754.0 1.5485306911998324
755.0 1.5654989605148633
756.0 1.5684130589167278
757.0 1.5786822156773672
758.0 1.589862561888165
759.0 1.6028231986694865
760.0 1.612564280629158
761.0 1.6145401837097273
762.0 1.6270338884658284
763.0 1.635198204053773
764.0 1.6364665892389085
765.0 1.6526892731587093
766.0 1.6704741997851267
767.0 1.673433140748077
768.0 1.6760094563166301
769.0 1.6889175077279408
770.0 1.6992165082030826
771.0 1.7005193167262607
772.0 1.7081362331906955
773.0 1.7123625485433474
774.0 1.725817905531989
775.0 1.7355244035522144
776.0 1.74605828937557
777.0 1.7522769222656887
778.0 1.7506564905246098
779.0 1.760114656554328
780.0 1.774032086133957
781.0 1.7830742183658812
782.0 1.7797630917694833
783.0 1.781216209133466
784.0 1.7876685998506017
785.0 1.7955190398626857
786.0 1.8051037498646312
787.0 1.827453174524837
788.0 1.8177154883742332
789.0 1.8210422901643648
790.0 1.8379811404479875
791.0 1.8116381524337664
792.0 1.8150498453113768
793.0 1.8161939200427797
794.0 1.8052651948399014
795.0 1.8097938497861226
796.0 1.813145651585526
797.0 1.9163126092818048
798.0 1.962284840643406
799.0 1.8143628868791792
800.0 1.8116786943541632
801.0 1.8132468983530998
802.0 1.8176917922165658
803.0 1.806225698027346
804.0 1.8101673151055973
805.0 1.8152122870087624
806.0 1.8100256621837616
807.0 1.8167571168806818
808.0 1.8266469819678202
809.0 1.8377867481774754
810.0 1.8360108410318692
811.0 1.8323961653643184
812.0 1.8394037849373288
813.0 1.8341641525427501
814.0 1.8369241928060849
815.0 1.8534967717197206
816.0 1.8539169538352225
817.0 1.8444697981079419
818.0 1.8290242329239845
819.0 1.848193183541298
820.0 1.8423972146378622
821.0 1.8420594251818128
822.0 1.8360629735721483
823.0 1.835028318895234
824.0 1.842632690237628
825.0 1.8886353141731687
826.0 1.8901775454481442
827.0 1.825592583252324
828.0 1.8181071629126866
829.0 1.825371676021152
830.0 1.825049799349573
831.0 1.8278489742014143
832.0 1.8197543082965746
833.0 1.8217854698499043
834.0 1.8273052987125185
835.0 1.8296466991305351
836.0 1.8275732745726903
837.0 1.8293492943048477
838.0 1.8313386688629787
839.0 1.8292951004372702
840.0 1.854526236653328
841.0 1.8477972638275888
842.0 1.8447665597001712
843.0 1.8421669511331453
844.0 1.8404347350200017
845.0 1.8514363608426518
846.0 1.8654083535075188
847.0 1.846404478781753
848.0 1.8527900071607695
849.0 1.8742278218269348
850.0 1.8608636905749638
851.0 1.8594912307129965
852.0 1.8618943128320906
853.0 1.878950108256605
854.0 1.8657732547985182
855.0 1.8652429911825392
856.0 1.8655116483569145
857.0 1.8705488600664668
858.0 1.8653767050968275
859.0 1.8648199496997728
860.0 1.8752464047736592
861.0 1.8786514823635418
862.0 1.8727969576915104
863.0 1.8715114833580122
864.0 1.8682583272457123
865.0 1.8734531857901149
866.0 1.881250557800134
867.0 1.885406993329525
868.0 1.9001600825124316
869.0 1.8965771032704248
870.0 1.8925983516706362
871.0 1.8808464805285137
872.0 1.874879861043559
873.0 1.8795504743854206
874.0 1.8750925130314298
875.0 1.8839293776286974
876.0 1.8804806470870972
877.0 1.8841145262122154
878.0 1.8867029142048624
879.0 1.8895169645547867
880.0 1.8924562392963304
881.0 1.8925531084338825
882.0 1.898958232667711
883.0 1.9025352779361937
884.0 1.8954458841019206
885.0 1.9041394889354706
886.0 1.8920938033196661
887.0 1.8863378539681435
888.0 1.888185100422965
889.0 1.8795234867268138
890.0 1.8905932555596034
891.0 1.8852032365070448
892.0 1.8771741862098377
893.0 1.8868850469589233
894.0 1.8899283210436504
895.0 1.8801154022415478
896.0 1.8740531876683235
897.0 1.8777991541557841
898.0 1.8805825519892905
899.0 1.884325646691852
900.0 1.902243277264966
901.0 1.883031970096959
902.0 1.868193695942561
903.0 1.8599849277072482
904.0 1.879621712697877
905.0 1.8795801392859883
906.0 1.8823057934641838
907.0 1.8721662685275078
908.0 1.8563533996542294
909.0 1.8616166901257303
910.0 1.8585833004779286
911.0 1.8646864228778415
912.0 1.8483872214953105
913.0 1.8503530282113287
914.0 1.8537037099401157
915.0 1.8598457500338554
916.0 1.862039020491971
917.0 1.865463223722246
918.0 1.8475707661774423
919.0 1.8490257279740439
920.0 1.8506543876396284
921.0 1.8508372613125377
922.0 1.8489767793152068
923.0 1.8496271007590823
924.0 1.8456240089403257
925.0 1.8393996846344736
926.0 1.837016387946076
927.0 1.840435644818677
928.0 1.8369527955849965
929.0 1.8356821628080473
930.0 1.8429589263266988
931.0 1.8369077170888584
932.0 1.8280210345983505
933.0 1.8395272849334612
934.0 1.8475532490346167
935.0 1.8331022759278615
936.0 1.8457978632715013
937.0 1.8498734194371436
938.0 1.8333770599630144
939.0 1.8166470651825268
940.0 1.8036670295728578
941.0 1.8059394417537584
942.0 1.8147792807883687
943.0 1.8075500619080331
944.0 1.799697891705566
945.0 1.802357617351744
946.0 1.8018494248390198
947.0 1.806886268986596
948.0 1.8042267743084166
949.0 1.8001859138409297
950.0 1.797286371390025
951.0 1.7949277170830302
952.0 1.7829648529489834
953.0 1.7760924357506964
954.0 1.7791380832592647
955.0 1.7880113563603826
956.0 1.7958194671405687
957.0 1.7804105521904097
958.0 1.7854198987285297
959.0 1.7632726381222408
960.0 1.7589687382181485
961.0 1.7576724282569356
962.0 1.7636350360181596
963.0 1.7514044890801113
964.0 1.7516338378190994
965.0 1.7458466581172414
966.0 1.7498227233688037
967.0 1.7502342470818095
968.0 1.8563141980104976
969.0 1.907359695269002
970.0 1.841430101957586
971.0 1.7497279081079695
972.0 1.7324069547984335
973.0 1.7210282650258806
974.0 1.7457773230142064
975.0 1.7540730784336727
976.0 1.7376001162661447
977.0 1.7298369531830151
978.0 1.7429242274827428
979.0 1.7166512194606993
980.0 1.6980824462241597
981.0 1.6985829869906108
982.0 1.707346788711018
983.0 1.717067430416743
984.0 1.7130829575988982
985.0 1.7032395328084629
986.0 1.6893908066882029
987.0 1.6900957723458607
988.0 1.6890586680836148
989.0 1.6938807061976857
990.0 1.6828910277949438
991.0 1.68130907167991
992.0 1.6844979400436084
993.0 1.6742775688568752
994.0 1.6676202573710017
995.0 1.6663031180699666
996.0 1.6628941736287541
997.0 1.6652402099635866
998.0 1.6634050317936473
999.0 1.6583636783891254
1000.0 1.6615153468317456
1001.0 1.6478288637267218
1002.0 1.6325028439362843
1003.0 1.6441650357511308
1004.0 1.646872046093146
1005.0 1.6317285762892828
1006.0 1.649345642162694
1007.0 1.6610544075568516
1008.0 1.6542017708222072
1009.0 1.656501023305787
1010.0 1.6463264011674457
1011.0 1.6369116049673822
1012.0 1.620955352154043
1013.0 1.613555982708931
1014.0 1.6053616892960336
1015.0 1.6042973920702934
1016.0 1.589441751440366
1017.0 1.591995254986816
1018.0 1.589944053027365
1019.0 1.5909067226780786
1020.0 1.5844552492101986
1021.0 1.5830846536490653
1022.0 1.5878315319617589
1023.0 1.583088641365369
1024.0 1.576514666279157
1025.0 1.572614664832751
1026.0 1.5647791549563408
1027.0 1.5672266019715204
1028.0 1.5713304372297392
1029.0 1.577978069583575
1030.0 1.5645376990238826
1031.0 1.5620585059126217
1032.0 1.5626979461974568
1033.0 1.5651080161333084
1034.0 1.563208517101076
1035.0 1.557612256043487
1036.0 1.553382373518414
1037.0 1.5731638082199626
1038.0 1.5620224989122815
1039.0 1.5425295506914456
1040.0 1.5428285027543704
1041.0 1.5528426667054493
1042.0 1.547865259150664
1043.0 1.538449390894837
1044.0 1.5364759696854486
1045.0 1.5386598135034244
1046.0 1.5266571616133053
1047.0 1.5290158432390955
1048.0 1.5239740684628487
1049.0 1.5301724390851126
1050.0 1.5308415599995189
1051.0 1.5294800938831434
1052.0 1.5315192151400778
1053.0 1.546664808359411
1054.0 1.535513007806407
1055.0 1.5385956466197968
1056.0 1.5185126256611612
1057.0 1.5044097817606397
1058.0 1.5138346958491538
1059.0 1.5146927071942224
1060.0 1.513763674431377
1061.0 1.5201455760333273
1062.0 1.5745505467057228
1063.0 1.5731882726152737
1064.0 1.5098938453528616
1065.0 1.505573955674966
1066.0 1.5096587108241186
1067.0 1.5097231989105542
1068.0 1.519784161614047
1069.0 1.5162735788358583
1070.0 1.5251998321877585
1071.0 1.5150363519787788
1072.0 1.4987684529688623
1073.0 1.5028031518061955
1074.0 1.5027629203266568
1075.0 1.4989353211389647
1076.0 1.5109630558225844
1077.0 1.5290187812513776
1078.0 1.4988109121719997
1079.0 1.5013391027847927
1080.0 1.500716091858016
1081.0 1.4907329438461199
1082.0 1.4905487878455057
1083.0 1.490145539244016
1084.0 1.4890412473016315
1085.0 1.4832948355211153
1086.0 1.483378181854884
1087.0 1.488322015437815
1088.0 1.4882057160139084
1089.0 1.4872663004530802
1090.0 1.4844756258858576
1091.0 1.4827755995922618
1092.0 1.4877614693509207
1093.0 1.4815515387389395
1094.0 1.4904473175605137
1095.0 1.4934205330080457
1096.0 1.4963857183853786
1097.0 1.5267536747786734
1098.0 1.5355168382326763
1099.0 1.5020214741428692
1100.0 1.5036478522751067
