1.0 0.8238959925042258
2.0 0.8259900808334351
3.0 0.8314478000005087
4.0 0.8378750934369035
5.0 0.8295572441485193
6.0 0.8258199890454611
7.0 0.8278281750778357
8.0 0.8311662566330698
9.0 0.8260546115537485
10.0 0.8263302159806093
11.0 0.8279189289444022
12.0 0.8221522205405765
13.0 0.8221312976545758
14.0 0.8421206018990941
15.0 0.851668417867687
16.0 0.8368183631036017
17.0 0.8256871555414464
18.0 0.8218599077728059
19.0 0.8177588292294078
20.0 0.8205197888116041
21.0 0.8185085265172852
22.0 0.8228940537406338
23.0 0.8241011264423529
24.0 0.8274650722742081
25.0 0.8298636467920409
26.0 0.8261771835386753
27.0 0.8208204093906615
28.0 0.8275197893381119
29.0 0.8234634556704097
30.0 0.8217526405221887
31.0 0.8272790991597705
32.0 0.834037804355224
33.0 0.8288394953641627
34.0 0.8222913096348444
35.0 0.8212485197517607
36.0 0.8283749537335502
37.0 0.8238302452696694
38.0 0.8244810787340006
39.0 0.8254047040310171
40.0 0.8285601288080215
41.0 0.8243833738896582
42.0 0.8247970839341482
43.0 0.8271121051576402
44.0 0.8289842017822795
45.0 0.8352015813191732
46.0 0.8305852483544085
47.0 0.8489598267608218
48.0 0.8672371171414852
49.0 0.879028670489788
50.0 0.899803647150596
51.0 0.9410011764201853
52.0 1.1036820494466357
53.0 0.9793102968898084
54.0 0.9138641643027464
55.0 0.8907116651535034
56.0 0.8496812726888392
57.0 0.8799078580405977
58.0 0.8717244350247912
59.0 0.8600084073841572
60.0 0.8567649117774434
61.0 0.8533184515933195
62.0 0.8495359963013066
63.0 0.8387140188780096
64.0 0.8290551470385658
65.0 0.8335380541781584
66.0 0.8373058777716424
67.0 0.8381452908118566
68.0 0.8328036181628704
69.0 0.8332933696607748
70.0 0.8675222947365708
71.0 0.9141255948278639
72.0 0.8378931341899766
73.0 0.8514555535382695
74.0 0.8674871015052
75.0 0.8500912148091528
76.0 0.8387031430999438
77.0 0.8346160782708062
78.0 0.8357395976781845
79.0 0.8306910461849637
80.0 0.831217348575592
81.0 0.8326245608429114
82.0 0.8351008800996674
83.0 0.8482981224854788
84.0 0.8334099389612675
85.0 0.83979889874657
86.0 0.8370692046980063
87.0 0.8337909537884924
88.0 0.8469201024207804
89.0 0.8653688389394019
90.0 0.8487365456918875
91.0 0.8545627672639158
92.0 0.8458200312323041
93.0 0.8476539022392697
94.0 0.8528541007803546
95.0 0.8674073053730859
96.0 0.8598388110597929
97.0 0.8445991737147173
98.0 0.8359762893782722
99.0 0.8391775079071522
100.0 0.8505464374191232
101.0 0.8459316024349796
102.0 0.8475388950771756
103.0 0.8589030065470271
104.0 0.8665160296691788
105.0 0.8397544303701984
106.0 0.8413791184624037
107.0 0.8457396522992187
108.0 0.8452839284307427
109.0 0.8411739886634879
110.0 0.8351669108702077
111.0 0.8448274421195189
112.0 0.8391478587355878
113.0 0.8311439119279385
114.0 0.8283981585668193
115.0 0.8385750109122859
116.0 0.8378556304507785
117.0 0.8435893265737427
118.0 0.8496920155982176
119.0 0.8435643017292023
120.0 0.842389802965853
121.0 0.8512357721726099
122.0 0.8908962789509032
123.0 0.839019387960434
124.0 0.842842901746432
125.0 0.8454151492979791
126.0 0.8388757262792852
127.0 0.8428538255393505
128.0 0.8441575090918276
129.0 0.8382694212098917
130.0 0.8327886855436696
131.0 0.8331922768718667
132.0 0.8337346812089285
133.0 0.8410473614931107
134.0 0.8438581778771348
135.0 0.8673429422908359
136.0 0.8665596565438641
137.0 0.8587627530925803
138.0 0.8425530360804664
139.0 0.8609098734127151
140.0 0.8820318314764235
141.0 0.8953041632970175
142.0 0.9010732356044981
143.0 0.9199071112606261
144.0 0.9022662296063371
145.0 0.9205729195641147
146.0 0.9333025080462297
147.0 0.9323622588482168
148.0 0.900658170796103
149.0 0.870230865975221
150.0 0.8439665300150713
151.0 0.8445343813962407
152.0 0.8518509467442831
153.0 0.8495778776705265
154.0 0.8725419864058495
155.0 0.9142342031829886
156.0 0.8974738998545541
157.0 0.8626964982185099
158.0 0.8516273382637236
159.0 0.8441745974123478
160.0 0.8453763326009115
161.0 0.8417351808812883
162.0 0.8510162370900313
163.0 0.8518383089039061
164.0 0.8499708092874951
165.0 0.8536441177129745
166.0 0.8456671055820253
167.0 0.8525457253886594
168.0 0.8522703486184279
169.0 0.8473893503348032
170.0 0.8453279104497697
171.0 0.86097934593757
172.0 0.8798767481413152
173.0 0.9515435211360455
174.0 0.8907056810955206
175.0 0.8557657814688153
176.0 0.8671511556539271
177.0 0.8510554875764582
178.0 0.8566789022750325
179.0 0.8594064650436243
180.0 0.8525789082050323
181.0 0.8608657833602693
182.0 0.8539297903577486
183.0 0.8524838503864076
184.0 0.8461553384032514
185.0 0.8492273593114482
186.0 0.8494824994769361
187.0 0.8783034367693795
188.0 1.016818857855267
189.0 1.021166758818759
190.0 0.9289530710213714
191.0 0.8665047983328501
192.0 0.8640223157902559
193.0 0.985387697401974
194.0 1.0039343854619398
195.0 0.9418206334941917
196.0 0.874165160374509
197.0 0.8607319568594297
198.0 0.8533345481587781
199.0 0.8571196579270892
200.0 0.8512056440942817
201.0 0.8543251049187448
202.0 0.8667611930933263
203.0 0.8610401865508821
204.0 0.8557732204596201
205.0 0.8543810554676585
206.0 0.8614730702506171
207.0 0.8603616534835763
208.0 0.8615342929131455
209.0 0.8569274726841185
210.0 0.8593337568971846
211.0 0.8622367572453287
212.0 0.86460506502125
213.0 0.8607393619087007
214.0 0.8628220765127076
215.0 0.8615518895288309
216.0 0.863791754676236
217.0 0.85970623501473
218.0 0.8637926259802448
219.0 0.8679086346593168
220.0 0.8653100517888864
221.0 0.8633928410708904
222.0 0.869073430283202
223.0 0.8786608738203844
224.0 0.8992923585077127
225.0 0.9108101038469208
226.0 0.8693909537461069
227.0 0.8630024985306792
228.0 0.8646072803272141
229.0 0.8661199058923457
230.0 0.8681017259756724
231.0 0.8693542600505881
232.0 0.8688642581303915
233.0 0.8664658384190665
234.0 0.8761193822655413
235.0 0.8758075920244058
236.0 0.8773913557330767
237.0 0.8944713783760866
238.0 0.8939945250749588
239.0 0.8685385253694322
240.0 0.8615032500690885
241.0 0.8759626779291365
242.0 1.0711152690152328
243.0 1.0047427374455664
244.0 0.8913533546858363
245.0 0.8677969728079107
246.0 0.8635795269575384
247.0 0.8612219264937772
248.0 0.8634912752442889
249.0 0.8640562159319719
250.0 0.8601275732119879
251.0 0.8573032336102592
252.0 0.8622576246658961
253.0 0.85849955264065
254.0 0.858515263431602
255.0 0.8630461105042033
256.0 0.8619966941575209
257.0 0.8710198096103139
258.0 0.8642797006501092
259.0 0.8599323303335242
260.0 0.8654464847511716
261.0 0.8622362410856618
262.0 0.8621795641051399
263.0 0.86164424320062
264.0 0.8596925623714924
265.0 0.8747079244090451
266.0 0.8739484411974748
267.0 0.8669248819351196
268.0 0.8651845790445805
269.0 0.8916880873342355
270.0 0.8760909980369939
271.0 0.8752693728440337
272.0 0.8718334539896913
273.0 0.8655408831934134
274.0 0.9116853177547455
275.0 0.9724975973367691
276.0 0.89196452870965
277.0 0.8695736870997481
278.0 0.904053945094347
279.0 0.9672590432067713
280.0 0.891577367981275
281.0 0.8703277053104507
282.0 0.8687786550985442
283.0 0.8711825091805723
284.0 0.8790159904294543
285.0 1.008299378471242
286.0 0.9012114600174956
287.0 0.8882687468495634
288.0 0.8751870898736848
289.0 0.8616160415112972
290.0 0.8641729959183269
291.0 0.8720112480223179
292.0 0.869787622243166
293.0 0.8662510286602709
294.0 0.8596916057997279
295.0 0.8567023567027516
296.0 0.8557633641693327
297.0 0.8625314285357794
298.0 0.8559639673266146
299.0 0.8557318593892786
300.0 0.861950552297963
301.0 0.8699542093608115
302.0 0.8755997377965186
303.0 0.8773147463798523
304.0 0.8656455096271303
305.0 0.8625431776874595
306.0 0.8605904537770483
307.0 0.8719677345620261
308.0 0.8739874656829569
309.0 0.8666224152677588
310.0 0.8636233674155341
311.0 0.875037007447746
312.0 0.8683473322954443
313.0 0.865144044574764
314.0 0.8605916024082236
315.0 0.8675032754739126
316.0 0.8616048354241583
317.0 0.8599088229238987
318.0 0.8579548651145564
319.0 0.8634077409903208
320.0 0.8632128549118837
321.0 0.8563419572181172
322.0 0.8577750813629892
323.0 0.8625423179732429
324.0 0.860014113287131
325.0 0.8585852819184462
326.0 0.8716716563536061
327.0 0.8789348722332053
328.0 0.8586820575098196
329.0 0.8538533916903867
330.0 0.8490894412000974
331.0 0.8600435116224818
332.0 0.8712077186339431
333.0 0.8645999112890826
334.0 0.8641912150714133
335.0 0.8545589769879977
336.0 0.8514443619383706
337.0 0.851227182481024
338.0 0.8472004301018186
339.0 0.8530611735251215
340.0 0.8446906018588278
341.0 0.8485801286167569
342.0 0.850825097411871
343.0 0.8534890669915411
344.0 0.8593444439272085
345.0 0.8537600181168981
346.0 0.8485389542248514
347.0 0.8652511826819844
348.0 0.8651953107780881
349.0 0.8522704355418682
350.0 0.8497529729372926
351.0 0.8440310826732053
352.0 0.8445379585027695
353.0 0.8449067419601811
354.0 0.8650557568503751
355.0 0.8431698725455337
356.0 0.8435770981013775
357.0 0.8519752042161094
358.0 0.846898417092032
359.0 0.8417394426133897
360.0 0.8426374565396044
361.0 0.8440698099633058
362.0 0.8463679663836956
363.0 0.8461307026445866
364.0 0.8478154515226682
365.0 0.853858875317706
366.0 0.8584894467559125
367.0 0.8580790157947276
368.0 0.8731601552830802
369.0 0.8672880654533704
370.0 0.8614216302004125
371.0 0.8647119953400559
372.0 0.8597281711796919
373.0 0.8560420167114999
374.0 0.8551370799541473
375.0 0.8495110952191882
376.0 0.8555083870887756
377.0 0.8620059817201562
378.0 0.926263500832849
379.0 0.9217148692243629
380.0 0.8735266903208362
381.0 0.8770152458714114
382.0 0.8658599017394913
383.0 0.8598919904066457
384.0 0.8587564788758755
385.0 0.8560755675037702
386.0 0.8582095719046063
387.0 0.8647875123553805
388.0 0.8555342857208517
389.0 0.8541353407005469
390.0 0.8565130316548877
391.0 0.8536596149206161
392.0 0.8560161834789647
393.0 0.8535340291758379
394.0 0.8575447677738137
395.0 0.8571226369175646
396.0 0.8702491418355041
397.0 0.9124857419066958
398.0 0.8924857560131285
399.0 0.8887754194438457
400.0 0.8587664808664057
401.0 0.857689957237906
402.0 0.8602362896005312
403.0 0.8551201886600919
404.0 0.8576629869639874
405.0 0.8556349443064796
406.0 0.8581906445324421
407.0 0.8635153364804056
408.0 0.8590284147196345
409.0 0.8632295202049944
410.0 0.8677362820340527
411.0 0.8667733267777495
412.0 0.8661640969415506
413.0 0.865289052327474
414.0 0.8679493794010745
415.0 0.8745879659222232
416.0 0.8749676644802094
417.0 0.8732952926721838
418.0 0.8742821779516008
419.0 0.9028960085577435
420.0 0.9137051271067725
421.0 0.8761892716089884
422.0 0.8747856447266208
423.0 0.8755989260971546
424.0 0.8729734048247337
425.0 0.8768856790330675
426.0 0.8801236140231291
427.0 0.8819499636689822
428.0 0.8757564119166799
429.0 0.8805672178665797
430.0 0.8830961684385935
431.0 0.8825258927212821
432.0 0.8854680119289292
433.0 0.881472299910254
434.0 0.8815108690824773
435.0 0.9130341389940845
436.0 0.9654883473283715
437.0 0.9760033024681939
438.0 0.928750888341003
439.0 0.8961549893849425
440.0 0.8966818522248003
441.0 0.8938835432959927
442.0 0.9123807417021857
443.0 1.0045637008216646
444.0 0.9996867382691966
445.0 0.9378622025251389
446.0 0.922227227439483
447.0 0.888354683915774
448.0 0.8923406671318743
449.0 0.8886846800645193
450.0 0.9018565225932333
451.0 0.9135289477805296
452.0 0.9051147310270203
453.0 0.9122597248189979
454.0 0.9047351802388827
455.0 0.8945444338023663
456.0 0.9053450537224611
457.0 0.9207135724524657
458.0 0.9183165977398554
459.0 0.9060838727487458
460.0 0.8944705054163933
461.0 0.8956358987424109
462.0 0.8943579548762904
463.0 0.899713804324468
464.0 0.9009672386778725
465.0 0.9043953898880217
466.0 0.9038472452925311
467.0 0.9144527684483263
468.0 0.910115748229954
469.0 0.9105430526865853
470.0 0.9049366484913561
471.0 0.9039484022392167
472.0 0.9104185530708896
473.0 0.929194264113903
474.0 0.9233174150188764
475.0 0.9164240985280938
476.0 0.9264506221645408
477.0 0.9399096684323417
478.0 0.9352257914013333
479.0 0.9812461075683435
480.0 0.9282835241821077
481.0 0.9182093615333239
482.0 0.9176614578399394
483.0 0.9196492859886752
484.0 0.9162525108291043
485.0 0.918503176420927
486.0 0.9230473169849979
487.0 0.9209811145232784
488.0 0.9172781859007146
489.0 0.9224305186006758
490.0 0.9223625481956534
491.0 0.9297802994648615
492.0 0.919229463984569
493.0 0.9214904122054577
494.0 0.9201682979861895
495.0 0.9266144720216593
496.0 0.9296249403721757
497.0 0.9595095391074816
498.0 0.9795481496387057
499.0 0.9994087339275413
500.0 0.9509006771776412
501.0 0.937608138554626
502.0 0.9463287542263666
503.0 0.9677884032328924
504.0 0.9364512757294707
505.0 0.928400304996305
506.0 0.9406429078016016
507.0 0.9400414687891802
508.0 0.9334298748936918
509.0 0.9376714887718359
510.0 0.9361133463680744
511.0 0.9396217717892594
512.0 0.9490522282818953
513.0 0.9476644818981489
514.0 0.9419481079611514
515.0 0.9419396668672562
516.0 0.948610794213083
517.0 0.949449297454622
518.0 0.9480292627380954
519.0 0.9453155924048688
520.0 0.9381356711188952
521.0 0.9383786722189851
522.0 0.9536554486387305
523.0 0.9535191448198425
524.0 0.9783478064669503
525.0 0.9788062986400392
526.0 0.9508640749586953
527.0 0.9414031385547585
528.0 0.9431036512056986
529.0 0.9419814608991146
530.0 0.9461069996986124
531.0 0.9435097873210907
532.0 0.9471563688582845
533.0 0.9378147862023778
534.0 0.9346041066779031
535.0 0.9360447691546546
536.0 0.9393904080821408
537.0 0.9431937763260471
538.0 0.9474680237472057
539.0 1.0051403447157807
540.0 1.0761652237011328
541.0 0.9919994924631383
542.0 0.9412254165444109
543.0 0.9336911448174052
544.0 0.930420756753948
545.0 0.9367928066187434
546.0 0.943767834868696
547.0 0.9381106272339821
548.0 0.9381647271414598
549.0 0.9398232383860482
550.0 0.931233229736487
551.0 0.9336336308883296
552.0 0.9591378826234076
553.0 0.9649252332746983
554.0 0.9481728735069433
555.0 0.9567696708771918
556.0 0.9478110070857737
557.0 0.9385354796217548
558.0 0.9384317244920466
559.0 0.9398151135279073
560.0 0.931382148216168
561.0 0.9371086892982324
562.0 0.939273996071683
563.0 0.9368668335179487
564.0 0.9377829573220677
565.0 0.9360815899239646
566.0 0.9379368730717235
567.0 0.9429910865922769
568.0 0.9439516514539719
569.0 0.9321090309984155
570.0 0.935534391966131
571.0 0.9384450250201755
572.0 0.9368067541056209
573.0 0.9327752933733993
574.0 0.9367980592780643
575.0 0.9386228683094183
576.0 0.9412286712063683
577.0 0.9467453559239706
578.0 0.938208299378554
579.0 0.9344381723139021
580.0 0.9349772892892361
581.0 0.9370605535805225
582.0 0.938158943835232
583.0 0.9344502228001753
584.0 0.9357850977944003
585.0 0.9379892850087749
586.0 0.9403427135613229
587.0 0.9416116269098388
588.0 0.9447322231200006
589.0 0.9381761190791925
590.0 0.9314746057821645
591.0 0.9330974361962743
592.0 0.9343579332861636
593.0 0.9289804278976388
594.0 0.9333210099074576
595.0 0.9437447471751107
596.0 0.9763612312575182
597.0 0.9699604821701845
598.0 0.9396837916639116
599.0 0.9323180831140943
600.0 0.933082815259695
601.0 0.9276168259481589
602.0 0.9260242498583264
603.0 0.9443443748686049
604.0 0.9647225443687704
605.0 0.9479990113112662
606.0 0.9345220447414451
607.0 0.9379826846222082
608.0 0.9345923285517428
609.0 0.9309164434671402
610.0 0.9376205110715495
611.0 0.9348137469755279
612.0 0.9635148723092344
613.0 0.9489750278492769
614.0 0.9626241955492232
615.0 0.9310891653100649
616.0 0.928938564327028
617.0 0.9351532409588496
618.0 0.9352599585221874
619.0 0.928685331510173
620.0 0.9359784656100802
621.0 0.940258267439074
622.0 0.9502269170350499
623.0 0.9351602680981159
624.0 0.9398963385158114
625.0 0.9297230839729309
626.0 0.9345986665123038
627.0 0.9399362959795527
628.0 0.9315380325747861
629.0 0.9314659531745646
630.0 0.9238381075362364
631.0 0.9254257314734988
632.0 0.9316320783562131
633.0 0.9341923495133718
634.0 0.9864730880492263
635.0 0.9677307767172655
636.0 0.9321518006424109
637.0 0.9286991250183847
638.0 0.9343931265175343
639.0 0.9302150242858462
640.0 0.928982408096393
641.0 0.9271860184768835
642.0 0.9288232872883478
643.0 0.9279608362250857
644.0 0.9284110855725076
645.0 0.9312140949898295
646.0 0.9370089984602399
647.0 0.9358334504067898
648.0 0.9335200145012803
649.0 0.9342381983167596
650.0 0.9435646819571654
651.0 0.9250939339399338
652.0 0.9248197707864974
653.0 0.9286261449257532
654.0 0.9288275059726503
655.0 0.9304734563661946
656.0 0.9398635435435507
657.0 0.941710811936193
658.0 0.943645403203037
659.0 0.9228776151107417
660.0 0.9185179600285159
661.0 0.9225901261799865
662.0 0.9326593863467375
663.0 0.9629847663972113
664.0 0.9449556676877869
665.0 0.9480067201786571
666.0 0.9274839113156
667.0 0.9224585977693399
668.0 0.9288639529711671
669.0 0.9839993868437078
670.0 1.0629301704466343
671.0 0.977116622030735
672.0 0.9296918134722445
673.0 0.9490578828586472
674.0 0.9488070578210883
675.0 0.9260696052677102
676.0 0.9200128536257479
677.0 0.9132828087442451
678.0 0.9252140811747975
679.0 0.9595880909926362
680.0 0.9470125453339683
681.0 0.9376718223922782
682.0 0.9372950378391478
683.0 0.9244747211535772
684.0 0.9328070601655377
685.0 0.9934879926343759
686.0 0.9683585551877817
687.0 0.919213977538877
688.0 0.9175348352226946
689.0 0.9234122133089436
690.0 0.9220462044080099
691.0 0.918268755906158
692.0 0.9272598384155167
693.0 0.9271940485470824
694.0 0.9189706693092982
695.0 0.9211538537508912
696.0 0.9171524871554639
697.0 0.9253464390834173
698.0 0.9477258767518733
699.0 0.9556280929181311
700.0 0.936701682706674
701.0 0.9207162463830577
702.0 0.9176197900540299
703.0 0.924496610959371
704.0 0.925261114206579
705.0 0.9229675816992918
706.0 0.9210691360963715
707.0 0.9199301248623265
708.0 0.9302048082980845
709.0 0.9366438591645824
710.0 0.9286996883650621
711.0 0.9288416293760141
712.0 0.9336941395368841
713.0 0.9362677103943295
714.0 0.9369778095020188
715.0 0.9338058456778526
716.0 0.951828466107448
717.0 0.9328843231002489
718.0 0.9364784571031729
719.0 0.934516022602717
720.0 0.9262980562117364
721.0 0.9329816065728664
722.0 0.9294489928417735
723.0 0.9316563262707658
724.0 0.9429803283678161
725.0 0.9437157056397862
726.0 0.9463814476297961
727.0 0.9469027556478977
728.0 0.9517951040632195
729.0 0.9498277232050896
730.0 0.9649878947271241
731.0 0.9701643151541551
732.0 0.9664289330442747
733.0 0.9633405713571442
734.0 0.9589462636245621
735.0 0.9625292540424399
736.0 0.9755019884970453
737.0 0.9747934444910951
738.0 0.9814456635051303
739.0 0.9733715032537779
740.0 0.9961998922129472
741.0 0.9975329128404459
742.0 0.9972848205102814
743.0 1.0060703704754512
744.0 0.992339215758774
745.0 0.9894567910167906
746.0 0.989171165559027
747.0 0.9967227640251318
748.0 1.0333866725365322
749.0 1.0016611189477973
750.0 1.0097477469179366
751.0 1.0172459255490038
752.0 1.0012657100127802
753.0 1.0029034448994532
754.0 1.0137245402567916
755.0 1.0206230787767305
756.0 1.0346240194307432
757.0 1.025394414861997
758.0 1.0198338747852378
759.0 1.021894117610322
760.0 1.0275121819641855
761.0 1.0294510875311162
762.0 1.0356914177536964
763.0 1.040035889380508
764.0 1.0385526563558314
765.0 1.0518874120381143
766.0 1.0876658865147166
767.0 1.1189950501753225
768.0 1.061598627931542
769.0 1.0641190935340192
770.0 1.0708459843364027
771.0 1.0810749733613596
772.0 1.0870231323772006
773.0 1.0832845233380795
774.0 1.081225809123781
775.0 1.091323197301891
776.0 1.1019141988621817
777.0 1.1210142618252172
778.0 1.1222223854727216
779.0 1.1078158012694783
780.0 1.105971258547571
781.0 1.120272807776928
782.0 1.1177822301785152
783.0 1.1234280359413888
784.0 1.1357416866554155
785.0 1.1343019555012386
786.0 1.140487468077077
787.0 1.1618039674229093
788.0 1.1675321840577655
789.0 1.1539896900455158
790.0 1.152452017698023
791.0 1.150976188480854
792.0 1.147073765595754
793.0 1.1502098706033494
794.0 1.1474072419934802
795.0 1.158531746102704
796.0 1.1827226380507152
797.0 1.1657263230946329
798.0 1.1552672237157822
799.0 1.1668786654869716
800.0 1.1569786154561572
801.0 1.1456973850727081
802.0 1.1476917440692584
803.0 1.1513618934485648
804.0 1.158512523604764
805.0 1.209783297446039
806.0 1.2021779881583319
807.0 1.1715032781163852
808.0 1.161049606071578
809.0 1.1646860283282068
810.0 1.1587440719207127
811.0 1.1569522925549083
812.0 1.167469549510214
813.0 1.2672218763166003
814.0 1.2341403679715262
815.0 1.1717610640658274
816.0 1.164164504243268
817.0 1.1538922347956233
818.0 1.1588461895783742
819.0 1.1624013019932642
820.0 1.1583862106005351
821.0 1.158200379047129
822.0 1.1628125997053251
823.0 1.1625578958127234
824.0 1.1627792368332546
825.0 1.161109298467636
826.0 1.1640897575351927
827.0 1.1597078285283513
828.0 1.1705811338292227
829.0 1.1916029378771782
830.0 1.1674763932824135
831.0 1.1671594257156055
832.0 1.1667072102427483
833.0 1.1682175000508626
834.0 1.199041322701507
835.0 1.197938730733262
836.0 1.1761324695414968
837.0 1.1660000392132335
838.0 1.1742960562308629
839.0 1.1657852455973625
840.0 1.1665279078814719
841.0 1.1645049386554294
842.0 1.1708792655004396
843.0 1.1679200323091612
844.0 1.170300551586681
845.0 1.1778640035125945
846.0 1.1799558185868793
847.0 1.1911494317981932
848.0 1.1976539476050272
849.0 1.1876243642634816
850.0 1.205859752992789
851.0 1.245909223953883
852.0 1.2194341694315274
853.0 1.1919242499603167
854.0 1.1973705548379157
855.0 1.1993220299482346
856.0 1.1943695122996967
857.0 1.203722653289636
858.0 1.2227908770243328
859.0 1.2035481888386939
860.0 1.1999074891209602
861.0 1.2088110653890505
862.0 1.1993217782841787
863.0 1.2005537938740518
864.0 1.2005535082684622
865.0 1.2054892712169223
866.0 1.2046980485320091
867.0 1.2066077581710286
868.0 1.2008467200729582
869.0 1.201975861357318
870.0 1.2093485858705308
871.0 1.2054899632930756
872.0 1.2182432926363416
873.0 1.2292723771598604
874.0 1.209042761888769
875.0 1.2062128782272339
876.0 1.2078515821033053
877.0 1.209158460299174
878.0 1.2160711313287418
879.0 1.2239338565203879
880.0 1.2189614814188745
881.0 1.2204707802997694
882.0 1.2394041220347087
883.0 1.2282991980512936
884.0 1.226748256219758
885.0 1.214849645892779
886.0 1.2205143744746845
887.0 1.2309889238741663
888.0 1.2560769377483263
889.0 1.2623472238580387
890.0 1.2350970746742354
891.0 1.2246252654327288
892.0 1.2293309660421476
893.0 1.222156421177917
894.0 1.2197157277001276
895.0 1.2175316595368915
896.0 1.2207568900452719
897.0 1.2261549457907677
898.0 1.2208141461014748
899.0 1.2179040892256632
900.0 1.2233098265197542
901.0 1.2234087925818231
902.0 1.2403040818042226
903.0 1.2471614819433954
904.0 1.280260985924138
905.0 1.2684033397171233
906.0 1.2304455132948027
907.0 1.2136525097820494
908.0 1.2171482741832733
909.0 1.2182107302877638
910.0 1.2315064494808514
911.0 1.2423238861891959
912.0 1.2435871991846297
913.0 1.2316348163617983
914.0 1.2298496150308185
915.0 1.22643108252022
916.0 1.224389322929912
917.0 1.2269040611055162
918.0 1.228231011165513
919.0 1.227306139965852
920.0 1.2286536387271352
921.0 1.2238015648391511
922.0 1.2306870313154326
923.0 1.2406608851419554
924.0 1.2488132591048877
925.0 1.247925355202622
926.0 1.2339030628403027
927.0 1.241332732141018
928.0 1.2357638619012303
929.0 1.2379792978366215
930.0 1.2409226803316011
931.0 1.236903460489379
932.0 1.232236657705572
933.0 1.2429778310987685
934.0 1.2386962622404099
935.0 1.242081028719743
936.0 1.240783321360747
937.0 1.2389507682787047
938.0 1.2394351495636835
939.0 1.2366085855497255
940.0 1.2390251954396565
941.0 1.236628185543749
942.0 1.2455777765976057
943.0 1.243778771824307
944.0 1.241293561955293
945.0 1.2368746341930494
946.0 1.2378482934501436
947.0 1.2461009720961254
948.0 1.2393393052948847
949.0 1.2353362499011888
950.0 1.2311256089144282
951.0 1.233973643845982
952.0 1.2310775129331484
953.0 1.2325876388284895
954.0 1.2426272903879483
955.0 1.2593147663606539
956.0 1.2384119886491034
957.0 1.2445040146509807
958.0 1.242956378393703
959.0 1.2254649591114786
960.0 1.218854611946477
961.0 1.2204350191685889
962.0 1.2168947300977178
963.0 1.2245651334524155
964.0 1.2242451334993045
965.0 1.211888559990459
966.0 1.208105484644572
967.0 1.2087671591175928
968.0 1.210547335445881
969.0 1.205681098004182
970.0 1.221620901591248
971.0 1.2218160008390744
972.0 1.214481056564384
973.0 1.2040584459900856
974.0 1.2010220752822027
975.0 1.2029210949937503
976.0 1.1972590544157558
977.0 1.19711095177465
978.0 1.1993640321824286
979.0 1.2216265615489748
980.0 1.2020087589820225
981.0 1.1881541394525104
982.0 1.1968511508570776
983.0 1.2134847169121106
984.0 1.2004873139990702
985.0 1.190389223396778
986.0 1.187695597608884
987.0 1.1844111225671239
988.0 1.1959326018889744
989.0 1.2007407289412286
990.0 1.1725310054090288
991.0 1.1667935219075944
992.0 1.1734526082873344
993.0 1.1684275873833232
994.0 1.1700497526261542
995.0 1.1716499684585466
996.0 1.1705876522594028
997.0 1.1639123542441263
998.0 1.167116742167208
999.0 1.162042745285564
1000.0 1.1599231618973944
1001.0 1.1606261167261336
1002.0 1.164936200612121
1003.0 1.184128382967578
1004.0 1.181881578432189
1005.0 1.1667888139684994
1006.0 1.1556519038147397
1007.0 1.151720915403631
1008.0 1.1494003890289202
1009.0 1.1476892746157117
1010.0 1.15116455571519
1011.0 1.1579705758227243
1012.0 1.1455327139960394
1013.0 1.1452331849270396
1014.0 1.1390627374251683
1015.0 1.1343489678369627
1016.0 1.1333963101108868
1017.0 1.1357577451401286
1018.0 1.1407494139340189
1019.0 1.1372983215583696
1020.0 1.1346444048815303
1021.0 1.139036140508122
1022.0 1.1375574949714873
1023.0 1.1317075582014189
1024.0 1.1288178654180632
1025.0 1.1330226336916287
1026.0 1.1373414976729288
1027.0 1.1277968270911112
1028.0 1.1672982176144917
1029.0 1.4220999073651102
1030.0 1.321620388991303
1031.0 1.1416808689634006
1032.0 1.1289423381288846
1033.0 1.1154930748873286
1034.0 1.1248033920096026
1035.0 1.1167659883697827
1036.0 1.120330549776554
1037.0 1.130485626972384
1038.0 1.127465609047148
1039.0 1.1365055383907423
1040.0 1.1411534539527364
1041.0 1.1314144788516893
1042.0 1.1278934238685503
1043.0 1.12450711387727
1044.0 1.127361303402318
1045.0 1.1317321219378047
1046.0 1.1285728464523952
1047.0 1.121275736225976
1048.0 1.1262892087300618
1049.0 1.1261923520101442
1050.0 1.1470203946034114
1051.0 1.1421649166279368
1052.0 1.1416342018379106
1053.0 1.1292161742846172
1054.0 1.1267921071913507
1055.0 1.12154720723629
1056.0 1.1220067772600386
1057.0 1.124715834028191
1058.0 1.1306791380047798
1059.0 1.1216328615943592
1060.0 1.1295474006070032
1061.0 1.1303300203548536
1062.0 1.1247421933545008
1063.0 1.1236169694198503
1064.0 1.1343279944525824
1065.0 1.1399942338466644
1066.0 1.1803574346833758
1067.0 1.1570960275000997
1068.0 1.1690869794951544
1069.0 1.1490368412600622
1070.0 1.1319479876094394
1071.0 1.1385605989231005
1072.0 1.1387599292728636
1073.0 1.1257520069678624
1074.0 1.1241236072447565
1075.0 1.1261095793710814
1076.0 1.1312118801805708
1077.0 1.1300562851958804
1078.0 1.1362495323022206
1079.0 1.1474631147252188
1080.0 1.1393213727407985
1081.0 1.2339557715588145
1082.0 1.421926653219594
1083.0 1.3221094260613124
1084.0 1.1935579288336966
1085.0 1.1431007898516126
1086.0 1.1363990041944716
1087.0 1.1316371858119965
1088.0 1.155451912018988
1089.0 1.1480334947506587
1090.0 1.1456765052345064
1091.0 1.1419518035319116
1092.0 1.1320578613215022
1093.0 1.130049390097459
1094.0 1.1315941512584686
1095.0 1.1305798424614801
1096.0 1.1339600558082263
1097.0 1.1315910576118364
1098.0 1.1308016288611624
1099.0 1.1300521915157635
1100.0 1.1334748557872243
