1.0 0.012888718803142067
2.0 0.013041897517735069
3.0 0.013021359284986047
4.0 0.012903954603862537
5.0 0.012945000707065757
6.0 0.012883397190584034
7.0 0.012841793513986507
8.0 0.012931672310975344
9.0 0.012925948700101315
10.0 0.012840242602544117
11.0 0.012894155357410259
12.0 0.012865887465592049
13.0 0.012843631119526263
14.0 0.012967472324218554
15.0 0.012949488337941562
16.0 0.012800156309776291
17.0 0.012856694816647075
18.0 0.012923780563464271
19.0 0.012910382509750278
20.0 0.012820998047584598
21.0 0.01277937128833389
22.0 0.012726814668814215
23.0 0.0127058986727667
24.0 0.012760081629068413
25.0 0.012896939392991458
26.0 0.012898215605535461
27.0 0.012870401297283323
28.0 0.012863159368309793
29.0 0.01290329111315593
30.0 0.012899891190419469
31.0 0.012894405276054823
32.0 0.012776919027578227
33.0 0.012813973995043507
34.0 0.01286388052438822
35.0 0.012865928320001952
36.0 0.012804595971645056
37.0 0.012677477189351487
38.0 0.012649120279599595
39.0 0.012709526356922674
40.0 0.012806422371841684
41.0 0.012885439227323365
42.0 0.012834380522276027
43.0 0.012755052811360057
44.0 0.012730724502449171
45.0 0.012718516838135598
46.0 0.01267627502284661
47.0 0.01266668564816819
48.0 0.012641501288766725
49.0 0.012678251637122299
50.0 0.012704119858438079
51.0 0.01259014239723358
52.0 0.012644890171204563
53.0 0.01281588144977636
54.0 0.01279105891508958
55.0 0.012791946430136508
56.0 0.012820762635173299
57.0 0.01278418243591544
58.0 0.012714321919587216
59.0 0.012655360193899538
60.0 0.012679734025622093
61.0 0.012721108514344014
62.0 0.012836811474606961
63.0 0.012790324761756237
64.0 0.012753265190728103
65.0 0.012747320611784352
66.0 0.012790650771812925
67.0 0.012991179169827624
68.0 0.012963519679217399
69.0 0.012835736333427928
70.0 0.012817946303918769
71.0 0.012888174067852618
72.0 0.012850492391027982
73.0 0.012778187082208034
74.0 0.012766363983384417
75.0 0.012644333187254924
76.0 0.012617582290232935
77.0 0.012694257712345334
78.0 0.01271515148043444
79.0 0.012739546490903897
80.0 0.01272222888950683
81.0 0.012815137617761575
82.0 0.012904961611132455
83.0 0.012854614896298964
84.0 0.012800408456521698
85.0 0.012864870125357109
86.0 0.012871600787709409
87.0 0.012847400859847098
88.0 0.01284609682551479
89.0 0.012909644159570903
90.0 0.012889686211519227
91.0 0.012791657437204937
92.0 0.012778988184666709
93.0 0.012802704119512552
94.0 0.012759535367117275
95.0 0.012797461256762094
96.0 0.012792374207815038
97.0 0.012691497643584316
98.0 0.012699805536083405
99.0 0.012704635769883288
100.0 0.012611753468643402
101.0 0.012692374861769709
102.0 0.012862149508127684
103.0 0.012810498635178502
104.0 0.012671981018649626
105.0 0.012623337144621565
106.0 0.012735578101835673
107.0 0.012814316763012092
108.0 0.012782919456404222
109.0 0.012814015161859083
110.0 0.012917297721333518
111.0 0.012921952029477947
112.0 0.01275445453681146
113.0 0.012648760800874686
114.0 0.012686742281046095
115.0 0.012786314345283222
116.0 0.012772058796939215
117.0 0.012726419068920084
118.0 0.012661798014246587
119.0 0.012671747645716878
120.0 0.012686018484255558
121.0 0.012755387332997744
122.0 0.012820477898032227
123.0 0.012937961376118886
124.0 0.012814175496703084
125.0 0.012686677253510378
126.0 0.012658913342777309
127.0 0.012769356199033275
128.0 0.012791770062397552
129.0 0.012897818414140729
130.0 0.012910839512095422
131.0 0.012793691622541297
132.0 0.012827457182250823
133.0 0.012921258748237845
134.0 0.012922101548012299
135.0 0.012894446042048025
136.0 0.01288085676069501
137.0 0.012899669565118944
138.0 0.01291009852709838
139.0 0.012845295917572854
140.0 0.0127172825410019
141.0 0.01272252981279847
142.0 0.01290842784049956
143.0 0.013001605025433663
144.0 0.012951828109076883
145.0 0.012863763843816293
146.0 0.012806671282535867
147.0 0.01273014919266482
148.0 0.012746515536468618
149.0 0.012865064718725183
150.0 0.012868085504757076
151.0 0.012782665323230285
152.0 0.012715267123583751
153.0 0.012768091380454694
154.0 0.012816587268504539
155.0 0.01288045139370274
156.0 0.012931807243701401
157.0 0.012926162656726716
158.0 0.012791429510740917
159.0 0.012700747244673061
160.0 0.012623321795482425
161.0 0.012676614383825018
162.0 0.012761111412480285
163.0 0.012822757993789412
164.0 0.012833511120863731
165.0 0.012789110228702237
166.0 0.01282279699734306
167.0 0.012785318042328464
168.0 0.0128133439199551
169.0 0.012889949858330096
170.0 0.01296572586450773
171.0 0.013014330063015223
172.0 0.013021716853910232
173.0 0.012932360077960581
174.0 0.012923420029633407
175.0 0.013005193181430237
176.0 0.013081758171084184
177.0 0.013074193692094163
178.0 0.013007904679950657
179.0 0.012880515884843808
180.0 0.012764473663808047
181.0 0.012753218783749432
182.0 0.012962305841708108
183.0 0.013017040812940915
184.0 0.012901643915927108
185.0 0.01295106323388747
186.0 0.013051836963601505
187.0 0.013021666874896877
188.0 0.012956206462805785
189.0 0.012951374389938538
190.0 0.01292160190523991
191.0 0.012961451217673624
192.0 0.013016460817071456
193.0 0.01289000838429113
194.0 0.012875540046422164
195.0 0.013033557064312546
196.0 0.01305001234942222
197.0 0.013032093708981065
198.0 0.012972233752142402
199.0 0.012990917839534297
200.0 0.013012046017978765
201.0 0.012964051599979778
202.0 0.01307499192395731
203.0 0.013127561894398702
204.0 0.013113761515226922
205.0 0.013102817384502556
206.0 0.013105511759655386
207.0 0.013101313575583546
208.0 0.013030002453612
209.0 0.013000906633708295
210.0 0.013082922536502534
211.0 0.013074193250010663
212.0 0.013147426940076336
213.0 0.013217242122215183
214.0 0.013212016282626722
215.0 0.013174615452608352
216.0 0.013103664127661835
217.0 0.01308328384250591
218.0 0.013120234920348547
219.0 0.01312448365519507
220.0 0.013122040383470587
221.0 0.01320167789471489
222.0 0.013279504290062792
223.0 0.0131133671413777
224.0 0.013003650610629894
225.0 0.013035227868800299
226.0 0.013123044219528195
227.0 0.013133378705316329
228.0 0.01313513929991028
229.0 0.013060621475164272
230.0 0.013140013736165777
231.0 0.013193163006931921
232.0 0.013163570685995907
233.0 0.013281244796382475
234.0 0.013175527753803548
235.0 0.013009039195891045
236.0 0.013062579557299614
237.0 0.013240852858871222
238.0 0.013256214358667029
239.0 0.013175159975697723
240.0 0.013168646564966515
241.0 0.013197066987381328
242.0 0.013236247616100915
243.0 0.013317229273387148
244.0 0.013256147315230551
245.0 0.013213701728920016
246.0 0.013182536150694271
247.0 0.013164622461588322
248.0 0.01320444326258347
249.0 0.013344803883965257
250.0 0.01338135192312206
251.0 0.013484060528534876
252.0 0.013390033547118117
253.0 0.013339342290087592
254.0 0.013275598264240388
255.0 0.013245939801718239
256.0 0.013294137454344124
257.0 0.01339166216505102
258.0 0.01331917570809586
259.0 0.013282370983469712
260.0 0.013317391553398552
261.0 0.013197149491951436
262.0 0.013088092390636477
263.0 0.01311219313264459
264.0 0.013152387069797591
265.0 0.013154172544850956
266.0 0.013112908299965195
267.0 0.013169215555904033
268.0 0.013214937888698864
269.0 0.013135555760251194
270.0 0.013193495777918946
271.0 0.013213110297824009
272.0 0.013142137405097107
273.0 0.0131277974836434
274.0 0.013139970476821632
275.0 0.013313092680388614
276.0 0.013357757490505523
277.0 0.0131668041908194
278.0 0.01322474160314172
279.0 0.013253812318597036
280.0 0.013148304982747458
281.0 0.013068876518054476
282.0 0.013085108144279522
283.0 0.01315258614294514
284.0 0.013221023409757057
285.0 0.013269702467737319
286.0 0.01318582097846496
287.0 0.013051770438876334
288.0 0.013058440830511383
289.0 0.013084044638738225
290.0 0.013171325732446924
291.0 0.013190975501143102
292.0 0.013150970593000515
293.0 0.013138202897308372
294.0 0.013130794615260784
295.0 0.013119222454821007
296.0 0.013242177883328139
297.0 0.013307396858883432
298.0 0.013323458660205331
299.0 0.013378916001772578
300.0 0.013381073557877843
301.0 0.013292992074938514
302.0 0.013174081899084245
303.0 0.013139371937022934
304.0 0.013270263501171824
305.0 0.013362767475456753
306.0 0.013325503113667798
307.0 0.013330747603285538
308.0 0.013356929391481077
309.0 0.013365126739527229
310.0 0.013315478946919306
311.0 0.013334758703514367
312.0 0.013414327114160303
313.0 0.013358355617692953
314.0 0.01316757671110615
315.0 0.013234291078310602
316.0 0.013263413900674521
317.0 0.013264085555189773
318.0 0.013269778293899344
319.0 0.013256066797088973
320.0 0.013231976606140408
321.0 0.013296687374292295
322.0 0.013378884702260736
323.0 0.013355685344932578
324.0 0.013250550714946246
325.0 0.013258069741857958
326.0 0.013328907333455885
327.0 0.013348833716745619
328.0 0.0133374511217109
329.0 0.013278686282331054
330.0 0.013196605092645445
331.0 0.013134264452029256
332.0 0.012991206178182288
333.0 0.013060428060685532
334.0 0.013219534472527005
335.0 0.013255134272047235
336.0 0.013184886832450386
337.0 0.013221568593024454
338.0 0.013293618153592077
339.0 0.013231150181138818
340.0 0.013209320775740132
341.0 0.013199975006753885
342.0 0.013058720952300708
343.0 0.01304121367939854
344.0 0.01319398588937106
345.0 0.013191463844261215
346.0 0.013117915862298843
347.0 0.013112596548575012
348.0 0.013112144220526083
349.0 0.01309181610122323
350.0 0.013063719708331024
351.0 0.013014899260258372
352.0 0.01303247754945408
353.0 0.013095608788624973
354.0 0.013061464487138805
355.0 0.013081932192833363
356.0 0.013124524191304852
357.0 0.013202618365470745
358.0 0.01308596174857473
359.0 0.013033090389180409
360.0 0.013096032227990748
361.0 0.013136090174364515
362.0 0.013064212071461767
363.0 0.012908722609988873
364.0 0.012861687919903027
365.0 0.012811955347468582
366.0 0.01284148150324067
367.0 0.01282450879181299
368.0 0.012808401096329282
369.0 0.012785096723539165
370.0 0.012795691631875838
371.0 0.012875402151736656
372.0 0.012824083472118724
373.0 0.012834627829680714
374.0 0.012966072599438928
375.0 0.012964381842249179
376.0 0.012824438235286293
377.0 0.012773573557740147
378.0 0.012881182305090413
379.0 0.012980583689729625
380.0 0.012926742069045954
381.0 0.012905760792001515
382.0 0.01294816192239523
383.0 0.012967704636150901
384.0 0.013008595450156474
385.0 0.013122091046239756
386.0 0.01313170578472222
387.0 0.012989998712569853
388.0 0.012897233785236184
389.0 0.012992326777334078
390.0 0.013141371138818279
391.0 0.01305835073389396
392.0 0.012879929528866388
393.0 0.01289849247948467
394.0 0.013052660299913038
395.0 0.013077593827030705
396.0 0.013052957244453173
397.0 0.01313306267455786
398.0 0.01306482725128343
399.0 0.013037714924474683
400.0 0.013088884138608281
401.0 0.013089766395808776
402.0 0.013092180802427892
403.0 0.013201248714158053
404.0 0.013293635571682
405.0 0.013222284172956325
406.0 0.013079577874203649
407.0 0.012915531674376394
408.0 0.012977253126947186
409.0 0.013061048999381594
410.0 0.01310823723390887
411.0 0.01300620732687508
412.0 0.012958960147881055
413.0 0.013022533989263863
414.0 0.013007617832597676
415.0 0.013069110851782032
416.0 0.013151607140191372
417.0 0.013057718566276981
418.0 0.012967047682385656
419.0 0.013011023791247531
420.0 0.013070153956643389
421.0 0.01313823076625225
422.0 0.013088444224264048
423.0 0.012915030693564611
424.0 0.012817732294243349
425.0 0.012929112626876257
426.0 0.01288340092176878
427.0 0.012779123809990248
428.0 0.012839052160093678
429.0 0.012989877522746218
430.0 0.012949875738660369
431.0 0.012990543919415036
432.0 0.013020888077024418
433.0 0.012983587163771633
434.0 0.01295868947488975
435.0 0.01292758420864238
436.0 0.013122982657927124
437.0 0.01324138359484982
438.0 0.013192717758113448
439.0 0.013094098537075745
440.0 0.013081879826569104
441.0 0.013132194599396066
442.0 0.013060828865376076
443.0 0.013043027819146085
444.0 0.013071782757304137
445.0 0.013161329039714382
446.0 0.013183634227165316
447.0 0.013219426627730645
448.0 0.013244610014548408
449.0 0.013177882290527791
450.0 0.013217642048633174
451.0 0.013250228023463035
452.0 0.013203126897068717
453.0 0.013213278439862631
454.0 0.013185665680425642
455.0 0.01324258345367882
456.0 0.01342092117860536
457.0 0.013501551709597624
458.0 0.013468619665909039
459.0 0.013460550262722411
460.0 0.01351360702604244
461.0 0.013452021128061828
462.0 0.013469010856757058
463.0 0.013475111432232057
464.0 0.013557626417826247
465.0 0.013533963662678306
466.0 0.013486412389180328
467.0 0.013654746168257691
468.0 0.013813171865819375
469.0 0.01385288330125092
470.0 0.013973299856002949
471.0 0.014043881534304045
472.0 0.013875302110055956
473.0 0.013774915857688535
474.0 0.013635830853511638
475.0 0.013637978565890956
476.0 0.013756204284491796
477.0 0.013828991594005234
478.0 0.013777281481866972
479.0 0.013688347903610785
480.0 0.013736801982350364
481.0 0.013823846761797424
482.0 0.013855305311706248
483.0 0.013899993947176616
484.0 0.013857279727353325
485.0 0.0140390351025647
486.0 0.014150148699696682
487.0 0.014031076868642358
488.0 0.01388811080751917
489.0 0.013889368741384035
490.0 0.013986256280088727
491.0 0.014114057185434842
492.0 0.014007371231394856
493.0 0.013896132253487653
494.0 0.013919527094245335
495.0 0.013899494946898915
496.0 0.013905463162573833
497.0 0.014002801844543672
498.0 0.014109309963127481
499.0 0.014016425891343174
500.0 0.013882905657438539
501.0 0.01383614324952794
502.0 0.013771380368573002
503.0 0.013719595992301084
504.0 0.013856779966692004
505.0 0.013942119506293838
506.0 0.013980987558400706
507.0 0.014024802748868359
508.0 0.013944372357918492
509.0 0.013873462995537851
510.0 0.013914456708899027
511.0 0.013848526450463488
512.0 0.013836699031010459
513.0 0.013987613588430082
514.0 0.013952011525442329
515.0 0.013932973482422058
516.0 0.014047637499303003
517.0 0.014129470974867102
518.0 0.014294845971597147
519.0 0.01425359487132747
520.0 0.014151808746819254
521.0 0.01424025389354063
522.0 0.014294718498293358
523.0 0.014213158749043941
524.0 0.014140271068892525
525.0 0.01410799694565844
526.0 0.01396715485997781
527.0 0.014015293255731275
528.0 0.014058405014721654
529.0 0.01399027575632628
530.0 0.014030374598371077
531.0 0.014176638631881037
532.0 0.014177299499558874
533.0 0.014162116801908499
534.0 0.01422643800607965
535.0 0.01416060240656326
536.0 0.014228577566439216
537.0 0.014353883588285763
538.0 0.014424639217602678
539.0 0.014363720889285773
540.0 0.014323049301540927
541.0 0.01431124353828498
542.0 0.014319432457272388
543.0 0.014344894480478914
544.0 0.01435822949308572
545.0 0.014354126769577778
546.0 0.014344933578343709
547.0 0.014326923904068109
548.0 0.014455754634087221
549.0 0.014448447341594515
550.0 0.014246068611929688
551.0 0.014224951043489236
552.0 0.014276686124503613
553.0 0.014340505015718031
554.0 0.014345761087923488
555.0 0.014288644200261635
556.0 0.014408625131826612
557.0 0.014578950367396391
558.0 0.014669213756400196
559.0 0.014606946006511586
560.0 0.014535726106996778
561.0 0.01461775557880726
562.0 0.014706984009075014
563.0 0.014574482718694813
564.0 0.01447693432410118
565.0 0.014537638035614657
566.0 0.014589941659588603
567.0 0.014641889182355585
568.0 0.014503410080141282
569.0 0.014495258478895772
570.0 0.014472984702951169
571.0 0.014400846772838998
572.0 0.014327108565293536
573.0 0.014475905165500656
574.0 0.01460158385784377
575.0 0.014465442646436299
576.0 0.014486444182693958
577.0 0.014547263997123588
578.0 0.01448799883121554
579.0 0.014400082929177752
580.0 0.014273055422390941
581.0 0.01425523283195835
582.0 0.01432542904291915
583.0 0.014444221164795417
584.0 0.014347980482668816
585.0 0.014164274216547042
586.0 0.01424693241951209
587.0 0.014483158453072928
588.0 0.01449053506425853
589.0 0.014481838014495523
590.0 0.014543778528282536
591.0 0.014599975263346223
592.0 0.014601547123652093
593.0 0.014573326157523861
594.0 0.014448901756277567
595.0 0.014436601784929066
596.0 0.014354354377741678
597.0 0.01427549230453523
598.0 0.0142545176587433
599.0 0.014273431853544486
600.0 0.014149460022019434
601.0 0.014102654773270405
602.0 0.014263014698141738
603.0 0.014324266227740275
604.0 0.014268354884101242
605.0 0.014267572785338646
606.0 0.014270634095691428
607.0 0.014345127175550294
608.0 0.014395086306937133
609.0 0.014253342954465483
610.0 0.014223102167767437
611.0 0.014238705192515744
612.0 0.014208882722909315
613.0 0.014343638356209179
614.0 0.014346318160289829
615.0 0.01433338827300298
616.0 0.014222508773820686
617.0 0.014175858602069224
618.0 0.01412594476950508
619.0 0.014112884591368936
620.0 0.014152521703722356
621.0 0.01423314586871221
622.0 0.014179940795219398
623.0 0.014199639087000603
624.0 0.014193894194226854
625.0 0.014209891327574282
626.0 0.014149861209849013
627.0 0.014084161070611658
628.0 0.014219384463621846
629.0 0.01430974146822774
630.0 0.014136208816655452
631.0 0.01387662847255227
632.0 0.013833383115928006
633.0 0.013861888430163831
634.0 0.014026218117509462
635.0 0.01408945226782485
636.0 0.014083238913901622
637.0 0.013915622836756932
638.0 0.013930456813047581
639.0 0.013994171873583823
640.0 0.01389891668399678
641.0 0.01380413373979398
642.0 0.013801849565079695
643.0 0.013890341342768715
644.0 0.013919945865209345
645.0 0.014009255945352437
646.0 0.014004213900505743
647.0 0.014043005949617186
648.0 0.014014197707977852
649.0 0.013943299550940341
650.0 0.013862717649133145
651.0 0.01389502608983577
652.0 0.013911300338804722
653.0 0.013861926148728103
654.0 0.013847923478040891
655.0 0.01392420689587163
656.0 0.014091088819682976
657.0 0.013917190856830795
658.0 0.013663209099440446
659.0 0.013432429390193163
660.0 0.013258052922054371
661.0 0.012969681972496306
662.0 0.012732104408625466
663.0 0.0128151300183462
664.0 0.013541001007196646
665.0 0.013212682284367613
666.0 0.013320400921887235
667.0 0.013134053908288479
668.0 0.012000972856001197
669.0 0.011702360188930378
670.0 0.011597558413926937
671.0 0.011415749098634041
672.0 0.011389923395435738
673.0 0.011356586261793877
674.0 0.011429314053605628
675.0 0.011334872038304052
676.0 0.011184371238621541
677.0 0.011231611801099174
678.0 0.011419647616404993
679.0 0.011528204540026527
680.0 0.011546931363630426
681.0 0.011457126886772487
682.0 0.01150511022247492
683.0 0.011544469155996
684.0 0.011379330325429622
685.0 0.011429732072290881
686.0 0.011434342833000082
687.0 0.011383294832267904
688.0 0.01123627179443742
689.0 0.011350821016969371
690.0 0.011519370061239298
691.0 0.011811032351931627
692.0 0.012140887067358516
693.0 0.012156316662749534
694.0 0.012307632695353012
695.0 0.012717218677619402
696.0 0.013022796595704895
697.0 0.013290495988971826
698.0 0.013520952485077366
699.0 0.013597331870394417
700.0 0.013531138118403622
701.0 0.013477013145773849
702.0 0.013474992953853893
703.0 0.013551904743277951
704.0 0.013384446643198593
705.0 0.013307098588092795
706.0 0.013430305061083806
707.0 0.013551511760518144
708.0 0.013504067170610534
709.0 0.013381915815363202
710.0 0.013463943843034249
711.0 0.013591372248822753
712.0 0.013649387992446936
713.0 0.013684292317992902
714.0 0.01360297287943997
715.0 0.013483608247641521
716.0 0.013411094929692866
717.0 0.013363515074022963
718.0 0.013350985325354187
719.0 0.013380384131605867
720.0 0.01343831283783045
721.0 0.013416813315139919
722.0 0.013374234979995821
723.0 0.013294120796637821
724.0 0.01327447826632216
725.0 0.01336007835815036
726.0 0.013353114853365511
727.0 0.013310827143914714
728.0 0.013317381921872685
729.0 0.013459972542109368
730.0 0.013505445604648772
731.0 0.0134607564386782
732.0 0.013361456998494229
733.0 0.013361921357108822
734.0 0.013349096514756166
735.0 0.01333839773448019
736.0 0.013236678211324954
737.0 0.013233564841219141
738.0 0.01320750900556015
739.0 0.013225406101798709
740.0 0.013346253422713733
741.0 0.013411439336317627
742.0 0.013333482396659217
743.0 0.013331583488874043
744.0 0.013315763902154904
745.0 0.01332284807215763
746.0 0.013248311968732484
747.0 0.013256322339035665
748.0 0.013307150158606753
749.0 0.013318868725313038
750.0 0.01333037516856684
751.0 0.013337474057002913
752.0 0.013232299875279394
753.0 0.013289910870828207
754.0 0.013401153220358905
755.0 0.013387639116778781
756.0 0.013350291967486279
757.0 0.013327267474813175
758.0 0.01335618123883688
759.0 0.013329655273900003
760.0 0.013285506310389389
761.0 0.01340256076706927
762.0 0.013289344544180586
763.0 0.013172786700527501
764.0 0.013155521082255659
765.0 0.013176475433467687
766.0 0.013219481581656993
767.0 0.01321895046843381
768.0 0.013268610798529808
769.0 0.013259241269029018
770.0 0.013220929581954886
771.0 0.013281329753042399
772.0 0.013286946718639966
773.0 0.013305796469455655
774.0 0.013474414655585078
775.0 0.013466041605872444
776.0 0.013425656782958326
777.0 0.013508375268429518
778.0 0.013446055240693349
779.0 0.013327279363912118
780.0 0.013375031579097238
781.0 0.013398544420782902
782.0 0.013393044471740723
783.0 0.0132559172255046
784.0 0.013255702974156866
785.0 0.013304255649305975
786.0 0.013306098329964319
787.0 0.013403332845272519
788.0 0.013483705441172741
789.0 0.013384372608948357
790.0 0.013379796166444503
791.0 0.013458863395867469
792.0 0.01359526125148316
793.0 0.013609212740689894
794.0 0.013528935292947896
795.0 0.013612922381232434
796.0 0.013652262596201293
797.0 0.01364650145833251
798.0 0.01374567264714573
799.0 0.013784666309911238
800.0 0.01385857648204399
801.0 0.013855498160318107
802.0 0.013854755460037083
803.0 0.013895729698146446
804.0 0.01392911151758855
805.0 0.014135946419467277
806.0 0.014235745749990397
807.0 0.01414147656575977
808.0 0.014137532450022954
809.0 0.014221991318030447
810.0 0.014318060212403158
811.0 0.014439654377395217
812.0 0.014442056900809836
813.0 0.01442409589698043
814.0 0.014451798316845788
815.0 0.014561593444145557
816.0 0.01473799835937687
817.0 0.014690437136052907
818.0 0.014659684257511097
819.0 0.014682078846034747
820.0 0.014641419288855565
821.0 0.01469307756522977
822.0 0.014746710758279019
823.0 0.014815937332761816
824.0 0.014960896076422326
825.0 0.01510359656325058
826.0 0.015139599242306586
827.0 0.015168418406355607
828.0 0.015190386095473284
829.0 0.015153209431261956
830.0 0.015106306028186897
831.0 0.015232212470160633
832.0 0.015389044303447008
833.0 0.015408377782029064
834.0 0.01539437283019099
835.0 0.015490542348662886
836.0 0.015572606167414143
837.0 0.015708728781842356
838.0 0.015773679347873867
839.0 0.01571965379098171
840.0 0.01568882167339325
841.0 0.015674803323477884
842.0 0.015729718034073144
843.0 0.015833148390903502
844.0 0.015995264949300623
845.0 0.016081494762550427
846.0 0.016166132538803394
847.0 0.01634761933944648
848.0 0.01641735314874898
849.0 0.01634242584858137
850.0 0.016163514691251744
851.0 0.01614776637428735
852.0 0.01633606568756926
853.0 0.016393167125886378
854.0 0.01644156794830025
855.0 0.01657140191903786
856.0 0.01671991292151469
857.0 0.01663061000312431
858.0 0.01654623755949396
859.0 0.016540399652351684
860.0 0.01660356626409707
861.0 0.0166017958670383
862.0 0.016541371263469322
863.0 0.016519610817202286
864.0 0.01667452904195348
865.0 0.016723071549182074
866.0 0.016599293214658015
867.0 0.016535145778774837
868.0 0.01652058376046487
869.0 0.016569172273849762
870.0 0.016641946014346955
871.0 0.016620666000850593
872.0 0.01663877113569009
873.0 0.01664648912964931
874.0 0.0166246051652522
875.0 0.016586480172987604
876.0 0.016702984524537112
877.0 0.01674565148858141
878.0 0.016644857381765223
879.0 0.01671757072186734
880.0 0.01678305883196336
881.0 0.01673777463928431
882.0 0.01677872521708472
883.0 0.01664101961952976
884.0 0.016579048672714567
885.0 0.016673819816235124
886.0 0.0165703046618949
887.0 0.01645773185322745
888.0 0.016517670654184833
889.0 0.016531019925458145
890.0 0.01644449296136257
891.0 0.016507725809005242
892.0 0.016564902413306357
893.0 0.016492022118896624
894.0 0.01647949300093364
895.0 0.016642548314802632
896.0 0.016742467119865403
897.0 0.01675436168885495
898.0 0.016729907144474077
899.0 0.016752162052294874
900.0 0.016829326955153594
901.0 0.01673275234672842
902.0 0.016705187821548572
903.0 0.016749291651280997
904.0 0.01669472201338297
905.0 0.016738276115229614
906.0 0.01680372051210909
907.0 0.016794463324867472
908.0 0.016619291050430342
909.0 0.01652064089533649
910.0 0.016675948129990435
911.0 0.01665702792285364
912.0 0.0165858846511456
913.0 0.016685037991574295
914.0 0.016674305666002292
915.0 0.016806631637855046
916.0 0.016862387704085324
917.0 0.016728770671577395
918.0 0.016584382840444015
919.0 0.016478706964680664
920.0 0.016439697616792554
921.0 0.016513423127699878
922.0 0.016517218856636106
923.0 0.016551791136211986
924.0 0.016548298753184986
925.0 0.01647676947184756
926.0 0.01649223267442629
927.0 0.016621893289487197
928.0 0.016796660892476764
929.0 0.016824090092949853
930.0 0.01676800183928277
931.0 0.01682361116326308
932.0 0.01684939887233173
933.0 0.01685511511809464
934.0 0.016885086457846286
935.0 0.016806149142028035
936.0 0.016832646283120672
937.0 0.01690009052429018
938.0 0.01698967245041947
939.0 0.016867790194346182
940.0 0.016890785556663818
941.0 0.017003537238210062
942.0 0.016871463607619458
943.0 0.016817428260051375
944.0 0.016810078627748203
945.0 0.016776832262690687
946.0 0.016779302737286575
947.0 0.016767538724396423
948.0 0.016839806538641075
949.0 0.016959067652167023
950.0 0.016960538181040107
951.0 0.01699998938843985
952.0 0.016889250854949786
953.0 0.016751655129880846
954.0 0.016728030871364135
955.0 0.016842998016059776
956.0 0.016897735663371372
957.0 0.016942865733953216
958.0 0.01692753342345734
959.0 0.016948064966009386
960.0 0.016922570175573796
961.0 0.016981192805533167
962.0 0.01699455930037966
963.0 0.016937522258892466
964.0 0.016862586341043817
965.0 0.016901392224421607
966.0 0.016761376233653553
967.0 0.01661678365302048
968.0 0.01653614209351849
969.0 0.016532923537011766
970.0 0.01665526356760271
971.0 0.016652884757547063
972.0 0.016701688931052443
973.0 0.01676833172788537
974.0 0.016764590805514328
975.0 0.01669350252309932
976.0 0.01647232079147538
977.0 0.01635804703411988
978.0 0.016511246638631898
979.0 0.01661980561794171
980.0 0.016534404563894378
981.0 0.016450405309471904
982.0 0.016530169427536334
983.0 0.016575238290183907
984.0 0.016528625943096755
985.0 0.016690508144188532
986.0 0.016682877435195673
987.0 0.01651967715919961
988.0 0.01634719464456356
989.0 0.016371918164335097
990.0 0.016333920338863057
991.0 0.016424582339823246
992.0 0.016573573763281862
993.0 0.016639142338469436
994.0 0.016606200144543677
995.0 0.016431364437117228
996.0 0.01637851059012398
997.0 0.01647030713060234
998.0 0.016402031265529273
999.0 0.016313043758980458
1000.0 0.01632508346693048
1001.0 0.016313314060621625
1002.0 0.01639706294252714
1003.0 0.01639954628470012
1004.0 0.016394229405382765
1005.0 0.016232835458992404
1006.0 0.01618395214075152
1007.0 0.01632762725075966
1008.0 0.01650131532710187
1009.0 0.016337163392690163
1010.0 0.016126137916470253
1011.0 0.01621668887784398
1012.0 0.0163050586994313
1013.0 0.01625896646652984
1014.0 0.016071842753481638
1015.0 0.01605657208710909
1016.0 0.016157434710973424
1017.0 0.01615688151125855
1018.0 0.01606925849838159
1019.0 0.016027480752879304
1020.0 0.015924232021634337
1021.0 0.015865497892321664
1022.0 0.01591098548467212
1023.0 0.016032275714310287
1024.0 0.016005984654862294
1025.0 0.016095945458340494
1026.0 0.01603542522916311
1027.0 0.01600427133962512
1028.0 0.015879523775339882
1029.0 0.015755430795252323
1030.0 0.015784936921694612
1031.0 0.0157678763476448
1032.0 0.015601118177741388
1033.0 0.015484986408271744
1034.0 0.01541577154605449
1035.0 0.015510733663752864
1036.0 0.01564474722158305
1037.0 0.015711480904889257
1038.0 0.015703325177531077
1039.0 0.015525171692377026
1040.0 0.0154086311194527
1041.0 0.015325243466922754
1042.0 0.015380532239103996
1043.0 0.015396886469819878
1044.0 0.015413978732415016
1045.0 0.015440593998219017
1046.0 0.01547249724876277
1047.0 0.015379593548471038
1048.0 0.015363939737170181
1049.0 0.01535413397145988
1050.0 0.01546883571869399
1051.0 0.015423549834308745
1052.0 0.015297837720452985
1053.0 0.015213858318526912
1054.0 0.01523167610498546
1055.0 0.015109182618369785
1056.0 0.015111513418157268
1057.0 0.015117337479244304
1058.0 0.015189792542376472
1059.0 0.01522139275352223
1060.0 0.015167799289043568
1061.0 0.015173898697418125
1062.0 0.015167580440027428
1063.0 0.015033785306813218
1064.0 0.014918201072495195
1065.0 0.014981108016181218
1066.0 0.014938270278227857
1067.0 0.014848503407939702
1068.0 0.01481847093688159
1069.0 0.014851400734785991
1070.0 0.014789626597650821
1071.0 0.014834186427672452
1072.0 0.014949135877239176
1073.0 0.014996644869871154
1074.0 0.0149127950160941
1075.0 0.014784545360628185
1076.0 0.014782510509219351
1077.0 0.01474652234229106
1078.0 0.014728965373308976
1079.0 0.01465595530676125
1080.0 0.01459982368764998
1081.0 0.014607433925229537
1082.0 0.014684329687653087
1083.0 0.014638923190363176
1084.0 0.014611226337802702
1085.0 0.01457296927235549
1086.0 0.014594603141274634
1087.0 0.014521875925645043
1088.0 0.014484966262184743
1089.0 0.014414448108335462
1090.0 0.014384051890973049
1091.0 0.014401891486884295
1092.0 0.014357120588516133
1093.0 0.014334203380666957
1094.0 0.01431599127930365
1095.0 0.014338879769408628
1096.0 0.014373498638691027
1097.0 0.014406132942089174
1098.0 0.014385161538242916
1099.0 0.014258757086258523
1100.0 0.014227756328550698
1101.0 0.014385351940659406
1102.0 0.014370390384964928
1103.0 0.01423930451627585
1104.0 0.014048507714148941
1105.0 0.014032144293990693
1106.0 0.0141583259005241
1107.0 0.014256228504207316
1108.0 0.014183188057681428
1109.0 0.014121248946772724
1110.0 0.014024386294421893
1111.0 0.013963392735282076
1112.0 0.013855364167756295
1113.0 0.013794537999113149
1114.0 0.013783081228361476
1115.0 0.01376631663805699
1116.0 0.013825074250845216
1117.0 0.013845511211105917
1118.0 0.013750192632639333
1119.0 0.013618254821889008
1120.0 0.013613429026607471
1121.0 0.013738261311774767
1122.0 0.013741224903990573
1123.0 0.013715267405385458
1124.0 0.013843913668695884
1125.0 0.013813191128871109
1126.0 0.01363071645433201
1127.0 0.013580838495370331
1128.0 0.013562027076141367
1129.0 0.013557106173962732
1130.0 0.013542741967388723
1131.0 0.013519464467380997
1132.0 0.013467302398543947
1133.0 0.013551213955388794
1134.0 0.013533750625586585
1135.0 0.01354371980304205
1136.0 0.013517491519451141
1137.0 0.013441399370520553
1138.0 0.01333247939171859
1139.0 0.013393959549220302
1140.0 0.013429992313532136
1141.0 0.013482574196650257
1142.0 0.013410304148410317
1143.0 0.0133278518738343
1144.0 0.013352431893301538
1145.0 0.013326648605067897
1146.0 0.013246603510519372
1147.0 0.01325963613801176
1148.0 0.013311790060723507
1149.0 0.013328705006573774
1150.0 0.013316315003446762
1151.0 0.013248430576788473
1152.0 0.013131484577927408
1153.0 0.013124845998621062
1154.0 0.013173659190629856
1155.0 0.013239828486561397
1156.0 0.013221399882171728
1157.0 0.0131204136871273
1158.0 0.013193000679764944
1159.0 0.013128498038630696
1160.0 0.012971273487834613
1161.0 0.01298050713855066
1162.0 0.013023922968467203
1163.0 0.013066010974064658
1164.0 0.013095252133340021
1165.0 0.013126554916601014
1166.0 0.013063297565743516
1167.0 0.012978520020370997
1168.0 0.013026359821139257
1169.0 0.013084153126029275
1170.0 0.013113420067614392
1171.0 0.013089414886375772
1172.0 0.012968205387079263
1173.0 0.012891475600485184
1174.0 0.012922690674379657
1175.0 0.012955775720220579
1176.0 0.012922805174006314
1177.0 0.012758401428832661
1178.0 0.01272456096838924
1179.0 0.012835499034793694
1180.0 0.012931369239157891
1181.0 0.012858089165691334
1182.0 0.012687528411610216
1183.0 0.012625177473395685
1184.0 0.012707218781255091
1185.0 0.012769574051887929
1186.0 0.012941214698072098
1187.0 0.012837768933158132
1188.0 0.012744560189356532
1189.0 0.012751082960469059
1190.0 0.01270256598798346
1191.0 0.012703282746804666
1192.0 0.01281695619013302
1193.0 0.012865965673110531
1194.0 0.012726193423606928
1195.0 0.012554687105968028
1196.0 0.012621047558805233
1197.0 0.012713909143275475
1198.0 0.01274695598131305
1199.0 0.012799930481735286
1200.0 0.012792972535413654
1201.0 0.012801089677723903
1202.0 0.012724443657111518
1203.0 0.0126592836672841
1204.0 0.012681192358885008
1205.0 0.01272989781219748
1206.0 0.01267427487204535
1207.0 0.012649280944532609
1208.0 0.012708648343723787
1209.0 0.012727476626964686
