1.0 0.5893360235624843
2.0 0.5913346347709497
3.0 0.5959984353846974
4.0 0.6131897134085497
5.0 0.6302642822265625
6.0 0.5943369811607732
7.0 0.5909090588490168
8.0 0.594878599461582
9.0 0.5954333216779761
10.0 0.6006726941300763
11.0 0.6215331616501013
12.0 0.6210780127180947
13.0 0.5971908217502965
14.0 0.6039307055373987
15.0 0.6058308523562219
16.0 0.6044952095382743
17.0 0.6014260268873639
18.0 0.6029547312193446
19.0 0.6100203084448973
20.0 0.6042468878957961
21.0 0.5992154628038406
22.0 0.5903245144420199
23.0 0.596234805468056
24.0 0.6026168453196684
25.0 0.603815022442076
26.0 0.6328703429963853
27.0 0.6234564673569467
28.0 0.6009436912006803
29.0 0.6053344524568982
30.0 0.6443484752542443
31.0 0.6175537159045538
32.0 0.5952369649377134
33.0 0.603175975382328
34.0 0.6038528780142466
35.0 0.5974554825160239
36.0 0.5988680513368713
37.0 0.60103179473016
38.0 0.6001630673805872
39.0 0.5955844736761517
40.0 0.5979887118770016
41.0 0.60067629110482
42.0 0.5958642847836018
43.0 0.5944038434988923
44.0 0.5998671861986319
45.0 0.602750169320239
46.0 0.6021582401461072
47.0 0.6088286116719246
48.0 0.6398666943940852
49.0 0.6085998138619794
50.0 0.605375642163886
51.0 0.6019458522399267
52.0 0.5948595110740926
53.0 0.5951744578778744
54.0 0.6006372732420763
55.0 0.6026286942263445
56.0 0.5997187462117937
57.0 0.5954163105537494
58.0 0.5962758674803708
59.0 0.5969479485518403
60.0 0.59666932746768
61.0 0.5955773865183195
62.0 0.5952360803882281
63.0 0.5993324576152695
64.0 0.6026221058434911
65.0 0.6069560547669729
66.0 0.5972740741239654
67.0 0.598868621720208
68.0 0.6000683522886701
69.0 0.6022317831714948
70.0 0.6027886213527786
71.0 0.6029185325735145
72.0 0.6448890579243501
73.0 0.6505359498163065
74.0 0.6508788843121793
75.0 0.6340249760283364
76.0 0.6205551537374655
77.0 0.6032387796375487
78.0 0.6003482826054096
79.0 0.6002389176024331
80.0 0.6003013402223587
81.0 0.6062820504109064
82.0 0.6012022015121248
83.0 0.6007643929786153
84.0 0.5999696449273162
85.0 0.6005161367356777
86.0 0.598881259560585
87.0 0.604331144442161
88.0 0.6031286931700177
89.0 0.6218865977393256
90.0 0.6391283613112237
91.0 0.610727722860045
92.0 0.6015094878772894
93.0 0.6040863792101542
94.0 0.6036347494357162
95.0 0.5985482235749563
96.0 0.6007498738666376
97.0 0.6042031012475491
98.0 0.6049340214166377
99.0 0.6031670918067297
100.0 0.6011954452842474
101.0 0.6005949106895261
102.0 0.6036132623751959
103.0 0.6045909014840921
104.0 0.6011938394771682
105.0 0.6046557471983962
106.0 0.6019568348096477
107.0 0.6008638333943155
108.0 0.6042814068496227
109.0 0.6051912775470151
110.0 0.6052078492939472
111.0 0.612835406843159
112.0 0.6186944838199351
113.0 0.6073392940064272
114.0 0.6077130861166451
115.0 0.6459619576732317
116.0 0.618333511468437
117.0 0.6085567010773553
118.0 0.6157603975799348
119.0 0.6128463111817837
120.0 0.6041094031598833
121.0 0.6027334814684259
122.0 0.6003364668124251
123.0 0.6242275507085853
124.0 0.6230332793460952
125.0 0.6080965196920766
126.0 0.5999579264058007
127.0 0.6017490335636668
128.0 0.6037634039918581
129.0 0.6225604890949197
130.0 0.6670983868340651
131.0 0.6688220712045828
132.0 0.6503134419520696
133.0 0.6174883329206042
134.0 0.6095754032333692
135.0 0.6533002257347107
136.0 0.674784059325854
137.0 0.6711330964333482
138.0 0.7168570111195246
139.0 0.6579802888962958
140.0 0.6482247697810332
141.0 0.6209538398931423
142.0 0.6218929116924604
143.0 0.6098839855856366
144.0 0.6052752712534534
145.0 0.6055207111769252
146.0 0.6077300264603562
147.0 0.6165409849749671
148.0 0.624783467915323
149.0 0.6321177259087563
150.0 0.6232088468968868
151.0 0.6136931528647741
152.0 0.6147643046246635
153.0 0.6299157374435
154.0 0.6416862876051002
155.0 0.6616775103741221
156.0 0.662266673727168
157.0 0.6489913401504358
158.0 0.6147250371674696
159.0 0.604572875218259
160.0 0.6079859269989861
161.0 0.6094583831727505
162.0 0.6109929204814963
163.0 0.6098303169839911
164.0 0.609048834691445
165.0 0.6126372044285139
166.0 0.6158826731973224
167.0 0.6181340354184309
168.0 0.6196451716952853
169.0 0.6140241188307604
170.0 0.6191948449446095
171.0 0.6237906399700377
172.0 0.6164861851268344
173.0 0.6138606692353884
174.0 0.6129283188945718
175.0 0.611745605038272
176.0 0.6267766857312785
177.0 0.7028450328442786
178.0 0.6277349847886298
179.0 0.6124035397337543
180.0 0.6139602594905429
181.0 0.6150630729066001
182.0 0.6115124093161689
183.0 0.61555576365855
184.0 0.6153629531876909
185.0 0.6170093222624726
186.0 0.6221877278553115
187.0 0.6162136548923122
188.0 0.6202957294881344
189.0 0.6156461122963164
190.0 0.624357670545578
191.0 0.6371793920795122
192.0 0.6291548824972577
193.0 0.6233932748436928
194.0 0.6220001930163966
195.0 0.7177770282659266
196.0 0.7444485289355119
197.0 0.6571425240900781
198.0 0.6372086534069644
199.0 0.6228078434036838
200.0 0.6184779128266705
201.0 0.6187850886748897
202.0 0.6177892900175519
203.0 0.6174423413144218
204.0 0.6198301137321525
205.0 0.6460077795717452
206.0 0.6841363670925299
207.0 0.6489330588115586
208.0 0.6383462237815062
209.0 0.6199088287022378
210.0 0.6210549473762512
211.0 0.6172476183209155
212.0 0.6166820252935091
213.0 0.6210580339862241
214.0 0.6218175569342242
215.0 0.6194893858498998
216.0 0.6247301424543062
217.0 0.6236635380321078
218.0 0.6203830494648881
219.0 0.6198980766865942
220.0 0.6157092029849688
221.0 0.6181742892497115
222.0 0.6137004838221602
223.0 0.615562893036339
224.0 0.6179948084884219
225.0 0.6153416915072335
226.0 0.6192398058871428
227.0 0.6350035646723377
228.0 0.6228836538890997
229.0 0.6259229406714439
230.0 0.6301706752015485
231.0 0.6214553626875082
232.0 0.6201988210280737
233.0 0.6210445240139961
234.0 0.6127483232153786
235.0 0.6097223112980524
236.0 0.6157188883258237
237.0 0.6137339298923811
238.0 0.6185247140626112
239.0 0.6282387090226015
240.0 0.6288100199566947
241.0 0.6167394527130656
242.0 0.6134659176071485
243.0 0.6119496718876891
244.0 0.6066675161321958
245.0 0.8326108675036166
246.0 1.323645532131195
247.0 0.8166115809645917
248.0 0.6473140882121192
249.0 0.6220776451130708
250.0 0.6106691517763667
251.0 0.6140713915228844
252.0 0.6131797929604849
253.0 0.6115007334285312
254.0 0.6139137364096112
255.0 0.6116475980314944
256.0 0.6103480710751481
257.0 0.6133687665892972
258.0 0.6173273490534888
259.0 0.634841925981972
260.0 0.6159021601908736
261.0 0.6070536768270863
262.0 0.6119479032026397
263.0 0.621008451614115
264.0 0.615994301935037
265.0 0.6088971077568002
266.0 0.6027508713304996
267.0 0.603629059675667
268.0 0.6077937802506818
269.0 0.6119906943705347
270.0 0.6078012478020456
271.0 0.6078784354031086
272.0 0.6121304258704185
273.0 0.6194017972383234
274.0 0.6259845457971096
275.0 0.6243534775243865
276.0 0.6138847056362364
277.0 0.6123971442381541
278.0 0.6101857825285859
279.0 0.621681645926502
280.0 0.6193785568078359
281.0 0.6119098717139827
282.0 0.6037801479299864
283.0 0.5990934707224369
284.0 0.6015231278207567
285.0 0.6081365740133656
286.0 0.6125685816837682
287.0 0.6069428109460406
288.0 0.6338098194036219
289.0 0.6359653485318025
290.0 0.6144415342973338
291.0 0.6062680362827249
292.0 0.6041717260248132
293.0 0.6341369731558694
294.0 0.728533458792501
295.0 0.6395884603261948
296.0 0.6240717669328054
297.0 0.6196459345519543
298.0 0.6225848032368554
299.0 0.821401466925939
300.0 0.6285608522593975
301.0 0.6320369057357311
302.0 0.6337275053891871
303.0 0.6260736816459231
304.0 0.6095706249276797
305.0 0.605282170077165
306.0 0.604208976858192
307.0 0.6080009672376845
308.0 0.6033523898157809
309.0 0.602353151059813
310.0 0.6009217355814245
311.0 0.6014240918060144
312.0 0.6091330159041617
313.0 0.6369483408828577
314.0 0.6167091056704521
315.0 0.5998045802116394
316.0 0.6064903520875506
317.0 0.6038678532673253
318.0 0.6047425121068954
319.0 0.6183825814061694
320.0 0.613951893730296
321.0 0.60266605599059
322.0 0.603231691237953
323.0 0.6023791651758883
324.0 0.6142492103907797
325.0 0.640025068902307
326.0 0.6202707584533427
327.0 0.605070173740387
328.0 0.6048523009651237
329.0 0.6059855123360952
330.0 0.6073709606296487
331.0 0.6075572913719548
332.0 0.6212545645733675
333.0 0.6234664267135991
334.0 0.6194981398681799
335.0 0.6766419203744994
336.0 0.7179728862312105
337.0 0.6212480693227715
338.0 0.6094678309228685
339.0 0.6018250046504868
340.0 0.6023201855520407
341.0 0.6028594440884061
342.0 0.605628912233644
343.0 0.6001600085033311
344.0 0.6046365996201833
345.0 0.6044971359272798
346.0 0.6048275488946173
347.0 0.6078211810025904
348.0 0.6541658254961172
349.0 0.6442938658098379
350.0 0.623958853383859
351.0 0.6001718586517705
352.0 0.5984087590542104
353.0 0.5990193175772826
354.0 0.6015872462756104
355.0 0.6059302410317792
356.0 0.6049482987986671
357.0 0.6018844650437435
358.0 0.6033304271598657
359.0 0.6190055894354979
360.0 0.6112520280811522
361.0 0.6441918781234158
362.0 0.6358364402419991
363.0 0.6108815479609702
364.0 0.6113489522702165
365.0 0.6075174936817752
366.0 0.6061880812048912
367.0 0.6053688344028261
368.0 0.6155622940924432
369.0 0.6234473408096366
370.0 0.6163995990322696
371.0 0.609071577174796
372.0 0.604188635531399
373.0 0.6047660505606068
374.0 0.6098481048312452
375.0 0.6421581345299879
376.0 0.6342194465299448
377.0 0.6151593008802997
378.0 0.6128605562779639
379.0 0.6176695331103272
380.0 0.6020033843815327
381.0 0.5987377464771271
382.0 0.6000666974319352
383.0 0.6039697618948089
384.0 0.5971406669252448
385.0 0.5977574831081761
386.0 0.5998785057001643
387.0 0.5993956753777133
388.0 0.6052132455839051
389.0 0.6018494338625007
390.0 0.6010864687462648
391.0 0.6175630448593034
392.0 0.6212610250545872
393.0 0.6082284367746777
394.0 0.6074533061020904
395.0 0.6053265954057375
396.0 0.6018950723939471
397.0 0.6079717746211423
398.0 0.6097311650713285
399.0 0.6128648453288608
400.0 0.6107578517662154
401.0 0.6064001354906294
402.0 0.6077683009207249
403.0 0.6084213397569127
404.0 0.6210287656221125
405.0 0.6192265140513579
406.0 0.6122769051127963
407.0 0.6177832608421644
408.0 0.6193762980401516
409.0 0.610015963928567
410.0 0.6092955933676826
411.0 0.6162893929415278
412.0 0.6212657170577182
413.0 0.6268209252092574
414.0 0.6313042648964458
415.0 0.6270240127212472
416.0 0.6128945971528689
417.0 0.6066658856968085
418.0 0.6127673126757145
419.0 0.6121114047451152
420.0 0.6096066480709447
421.0 0.6036990889244609
422.0 0.6073108522428406
423.0 0.6070901805327998
424.0 0.6058935460944971
425.0 0.6154573613570796
426.0 0.6326777467297183
427.0 0.6255133698383967
428.0 0.6202051310489575
429.0 0.6145423305117421
430.0 0.61983155252205
431.0 0.6135557910634412
432.0 0.6136884796950552
433.0 0.6147098321881559
434.0 0.6107237719827228
435.0 0.617776514755355
436.0 0.6142070508665509
437.0 0.6123819450537363
438.0 0.615427926596668
439.0 0.6172323388357958
440.0 0.6188200240333875
441.0 0.6213036928739812
442.0 0.6146375483108891
443.0 0.620185681929191
444.0 0.6359141655266285
445.0 0.6213164085315334
446.0 0.6209720836745368
447.0 0.6163834022978941
448.0 0.6203419615825018
449.0 0.6193056205908457
450.0 0.6170926147864925
451.0 0.6149783473875787
452.0 0.6144491699006822
453.0 0.6164890258676476
454.0 0.6245025247335434
455.0 0.6242367095417447
456.0 0.6239553011125989
457.0 0.6210486698481772
458.0 0.6224947811828719
459.0 0.6219842119349374
460.0 0.6502426937222481
461.0 0.6288431928389602
462.0 0.6272922236886289
463.0 0.6278518508705828
464.0 0.6221978213224146
465.0 0.6369915873640113
466.0 0.6382134391201867
467.0 0.6297704267005125
468.0 0.6329837822251849
469.0 0.6318684340351157
470.0 0.6311306071778139
471.0 0.6293603450887733
472.0 0.6301677413284779
473.0 0.6301914325190915
474.0 0.631346433940861
475.0 0.6354774716827605
476.0 0.6313692405819893
477.0 0.631328846845362
478.0 0.6306149508390162
479.0 0.6362065362433592
480.0 0.6378564019170072
481.0 0.6377414249711566
482.0 0.6401580410699049
483.0 0.6379679867790805
484.0 0.6841213798357381
485.0 0.6641703492237462
486.0 0.6467302611304654
487.0 0.6519709647529655
488.0 0.6496890584627787
489.0 0.6534890404178036
490.0 0.7894273665216234
491.0 1.6959011058012645
492.0 0.762150167591042
493.0 0.6518392885724703
494.0 0.6478527204857932
495.0 0.6400061435997486
496.0 0.6370053179562092
497.0 0.6452411421471171
498.0 0.6612645855380429
499.0 0.6378829417129358
500.0 0.6400780706769891
501.0 0.6410811775260501
502.0 0.6428193454113271
503.0 0.643881518393755
504.0 0.6422130453089873
505.0 0.6463390609456433
506.0 0.6460317600932386
507.0 0.6438453843196233
508.0 0.6393337324261665
509.0 0.6402280049191581
510.0 0.6449796776804659
511.0 0.6659580920305517
512.0 0.6882645044889715
513.0 0.7369912705487676
514.0 0.6810948306487666
515.0 0.6718365355498261
516.0 0.6816480610933568
517.0 0.6816570237278938
518.0 0.7033611622949442
519.0 0.6901370589103963
520.0 0.6536847651004791
521.0 0.6537347440090444
522.0 0.6622693253060182
523.0 0.6660380508336756
524.0 0.6518515302903123
525.0 0.6479092645976279
526.0 0.6406722089482678
527.0 0.6432387249337302
528.0 0.6396718733012676
529.0 0.6357594405611356
530.0 0.648836492250363
531.0 0.6425292462938361
532.0 0.648862344523271
533.0 0.6578366619845232
534.0 0.6482165033618609
535.0 0.6486560565729936
536.0 0.6527122735149331
537.0 0.6574889976117346
538.0 0.6449553821649816
539.0 0.6466255837844478
540.0 0.6514934988485442
541.0 0.6955375472704569
542.0 0.7252569066153632
543.0 0.6514581561916404
544.0 0.6460920489496655
545.0 0.644774415426784
546.0 0.6446995917293761
547.0 0.640810082356135
548.0 0.6387403524584241
549.0 0.6428817216720846
550.0 0.6481350511312485
551.0 0.6440385890503725
552.0 0.6427413916422261
553.0 0.6460895236167643
554.0 0.6480072972675165
555.0 0.6479961855543984
556.0 0.6440284156964885
557.0 0.6543832603428099
558.0 0.6457913029525015
559.0 0.6502520110872057
560.0 0.6469265189435747
561.0 0.644923523068428
562.0 0.647400283979045
563.0 0.6586645870572991
564.0 0.661523963428206
565.0 0.6537122689187527
566.0 0.6479145615465112
567.0 0.6497143043412102
568.0 0.6578158123625649
569.0 0.6584456844462289
570.0 0.6463072862890031
571.0 0.6443138296405474
572.0 0.6428007437951035
573.0 0.6510771839982934
574.0 0.649125406311618
575.0 0.6465091622538037
576.0 0.6490809068911605
577.0 0.6544012944731448
578.0 0.6618475996785693
579.0 0.6802450683381822
580.0 0.6462727536757787
581.0 0.6450390579799811
582.0 0.6451697005993791
583.0 0.6602544345789485
584.0 0.6737695154216554
585.0 0.6513528360260857
586.0 0.6483975483311547
587.0 0.6419279761612415
588.0 0.6458569367726644
589.0 0.649001881480217
590.0 0.6398676832516988
591.0 0.643862238774697
592.0 0.6791495184103647
593.0 0.684555477152268
594.0 0.6596158196528753
595.0 0.66074205438296
596.0 0.6654113063381778
597.0 0.6757004915012254
598.0 0.6634512970017062
599.0 0.6782699082460668
600.0 0.6723940633237362
601.0 0.6818318540851275
602.0 0.680581865625249
603.0 0.663438844598002
604.0 0.6620119387904803
605.0 0.6769021211398972
606.0 0.683535947981808
607.0 0.6694876870347394
608.0 0.6616971757676866
609.0 0.7198210913274024
610.0 0.7581216614279482
611.0 0.7063129473891523
612.0 0.6861181081169181
613.0 0.7314653396606445
614.0 0.7827829987638526
615.0 0.8312097568478849
616.0 0.823699116292927
617.0 0.6793294793201817
618.0 0.6478705642124017
619.0 0.6586383138265874
620.0 0.6488217508627309
621.0 0.6498718174795309
622.0 0.6445054105586476
623.0 0.6567817980216609
624.0 0.6540572270751
625.0 0.6523547627859645
626.0 0.660303111291594
627.0 0.6447285070187516
628.0 0.6461912339760197
629.0 0.6523916282587581
630.0 0.6504763352374235
631.0 0.64658998284075
632.0 0.6458090179496341
633.0 0.6452306475904253
634.0 0.6458581143783199
635.0 0.6526778634223673
636.0 0.6469623889360163
637.0 0.645974435740047
638.0 0.6471291962597105
639.0 0.64742277107305
640.0 0.6430381043917603
641.0 0.6554122347798612
642.0 0.6493016361362405
643.0 0.6470746936069595
644.0 0.6467254579895072
645.0 0.6495868820283148
646.0 0.643714875396755
647.0 0.6450432683858607
648.0 0.6489889559646448
649.0 0.6539392686552472
650.0 0.6493060323927138
651.0 0.6515587328208817
652.0 0.6538100631700622
653.0 0.6586263655788369
654.0 0.6505240417189069
655.0 0.6489797002739377
656.0 0.6474323715600703
657.0 0.6549161784350872
658.0 0.6527292244136333
659.0 0.658572026838859
660.0 0.6547857837544547
661.0 0.652088480691115
662.0 0.650953095820215
663.0 0.650437636507882
664.0 0.6537968561881118
665.0 0.6556529071595933
666.0 0.6570050232112408
667.0 0.6532487736807929
668.0 0.6488901529875066
669.0 0.6578777966399988
670.0 0.6601386728386084
671.0 0.6618811612327894
672.0 0.6578418695264392
673.0 0.6582222448454963
674.0 0.6601574317448669
675.0 0.654866641594304
676.0 0.6638564198381371
677.0 0.6726002072294553
678.0 0.6762625248067908
679.0 0.6692521100242933
680.0 0.6552907224330637
681.0 0.6569749419060018
682.0 0.6593904975387785
683.0 0.6574937059647508
684.0 0.6574287484917376
685.0 0.6627054806384776
686.0 0.652570071319739
687.0 0.6488550189468596
688.0 0.6580132982797093
689.0 0.6560141804317633
690.0 0.6556203650931517
691.0 0.6551009586287869
692.0 0.660974303053485
693.0 0.6824725775255097
694.0 0.6699203327298164
695.0 0.6595842217405637
696.0 0.6595835143493282
697.0 0.6608843882050779
698.0 0.6631319373846054
699.0 0.6606779537267156
700.0 0.6614308692514896
701.0 0.6646439197162787
702.0 0.6696120123896334
703.0 0.6624301204250919
704.0 0.662698145955801
705.0 0.6652549794978566
706.0 0.6677864616115888
707.0 0.6717648812466197
708.0 0.6722042258414958
709.0 0.6652207386990389
710.0 0.6691728925539387
711.0 0.6659724066654841
712.0 0.6678798264927335
713.0 0.7029667939576838
714.0 0.6760014415615134
715.0 0.6696640124751462
716.0 0.6669333866900868
717.0 0.6662901735140218
718.0 0.6657038256525993
719.0 0.6678403947088454
720.0 0.674033651749293
721.0 0.8380653746426105
722.0 1.186889132277833
723.0 1.2623120326962736
724.0 1.1711566978030734
725.0 1.356896614862813
726.0 0.8874117131862376
727.0 0.7289618787666162
728.0 0.6787960338923666
729.0 0.6767468030254046
730.0 0.6946196634736326
731.0 0.7147067632112238
732.0 0.6925139592753516
733.0 0.6915668162206808
734.0 0.8134213135474258
735.0 0.8636554715534052
736.0 0.6996880082620515
737.0 0.698417391628027
738.0 0.7613124114771684
739.0 0.6835629037684865
740.0 0.6802852973341942
741.0 0.6814426845974393
742.0 0.6815693465371927
743.0 0.6860541366040707
744.0 0.6894570721520318
745.0 0.6827333114213414
746.0 0.6797760406302081
747.0 0.6821261516047848
748.0 0.6817743724419011
749.0 0.6889646160933707
750.0 0.6832217147780789
751.0 0.6910728356904454
752.0 0.6899184270037545
753.0 0.6936932996743255
754.0 0.6943487694693936
755.0 0.6981846015486453
756.0 0.6999633953803115
757.0 0.6970449628101455
758.0 0.6959780934784148
759.0 0.6981219173305564
760.0 0.6990371569991112
761.0 0.6994466057254208
762.0 0.7017544002996551
763.0 0.7006257180538442
764.0 0.7044916107422776
765.0 0.70507544817196
766.0 0.70878209049503
767.0 0.7141915286580721
768.0 0.7160128897262944
769.0 0.7144418623712327
770.0 0.7167007558875613
771.0 0.7200483762555652
772.0 0.7173108632365862
773.0 0.7204039274818368
774.0 0.726264052093029
775.0 0.732681674675809
776.0 0.7253619862927331
777.0 0.7263709906902578
778.0 0.7383765313360426
779.0 0.7428224020534091
780.0 0.7418032325804234
781.0 0.7321205060515139
782.0 0.7278318963944912
783.0 0.7297752677566476
784.0 0.731318944444259
785.0 0.731394643170966
786.0 0.7299321554601192
787.0 0.7335506656931506
788.0 0.730687353760004
789.0 0.7250380110409524
790.0 0.7400279968149133
791.0 0.7357616093423631
792.0 0.7351149117781056
793.0 0.7678969746662511
794.0 0.8039911563197771
795.0 0.8287590365442965
796.0 0.8173085219330258
797.0 0.8165643761555353
798.0 0.7667846021552881
799.0 0.741223105125957
800.0 0.745408764315976
801.0 0.7702217954728339
802.0 0.7494115779797236
803.0 0.738309481077724
804.0 0.7404620523254076
805.0 0.7597976082728969
806.0 0.7628622808390193
807.0 0.747896837691466
808.0 0.7367824970020188
809.0 0.7389414525694318
810.0 0.7405428149633937
811.0 0.7437386351327101
812.0 0.7430843052764734
813.0 0.7392868917021487
814.0 0.7398565581275357
815.0 0.7382222198777728
816.0 0.7445826029611958
817.0 0.785262655466795
818.0 0.7821954033441014
819.0 0.8562139487928815
820.0 0.8469142127368186
821.0 0.750560536980629
822.0 0.7511003994279437
823.0 0.7954977262351248
824.0 0.7747218165960577
825.0 0.7403458025720384
826.0 0.7373386931916078
827.0 0.7413620133366849
828.0 0.7435966456929842
829.0 0.7384332368771235
830.0 0.7428861781954765
831.0 0.7492931274076303
832.0 0.7572847509549724
833.0 0.7628649527000056
834.0 0.7722901532219516
835.0 0.7647714937726656
836.0 0.755384606619676
837.0 0.7580652779175175
838.0 0.7681620046496391
839.0 0.7591492297748724
840.0 0.753321151352591
841.0 0.7640800368454721
842.0 0.7658571050398879
843.0 0.757660853366057
844.0 0.7742514908313751
845.0 0.7693805942932764
846.0 0.7563719161682658
847.0 0.7574717054764429
848.0 0.771651528775692
849.0 0.7632633464203941
850.0 0.7533168171842893
851.0 0.7541640578872628
852.0 0.7781876975463496
853.0 0.7677363529801369
854.0 0.7611122284498479
855.0 0.7592755692700545
856.0 0.753633875399828
857.0 0.7686852907968892
858.0 0.7676598578691483
859.0 0.7579098203115993
860.0 0.7564058428009351
861.0 0.7546786599689059
862.0 0.7574379613829983
863.0 0.7564430021577411
864.0 0.7566219920085536
865.0 0.7527545781599151
866.0 0.7573009062972333
867.0 0.763610495461358
868.0 0.7723164148628712
869.0 0.7767957540022002
870.0 0.7845835797488689
871.0 0.759633573393027
872.0 0.7621541933880912
873.0 0.7624169944061173
874.0 0.7615005845824877
875.0 0.7550428534547488
876.0 0.7609663452539179
877.0 0.7580122633112801
878.0 0.7657893573244413
879.0 0.7715180565913519
880.0 0.7786091942754056
881.0 0.7834072555932734
882.0 0.775012461675538
883.0 0.769967352764474
884.0 0.7670681890514162
885.0 0.7857140828337934
886.0 0.7754479352798727
887.0 0.7581055342323251
888.0 0.7588540775080522
889.0 0.755524691608217
890.0 0.7620933726429939
891.0 0.7636409174236987
892.0 0.7662363404201137
893.0 0.7658805147641234
894.0 0.761335313734081
895.0 0.7627016583250629
896.0 0.7539655247496234
897.0 0.7592533686094813
898.0 0.7687194363938438
899.0 0.7591980761951871
900.0 0.7636067540281348
901.0 0.7811591629352834
902.0 0.7834762711491849
903.0 0.7890860637029012
904.0 0.7793415341940191
905.0 0.7779063015348382
906.0 0.7705167618890604
907.0 0.7650877928568257
908.0 0.764216770314508
909.0 0.76191504423817
910.0 0.7612515352666378
911.0 0.7853593300614092
912.0 0.7765439508689774
913.0 0.7797663712667094
914.0 0.7795048964520296
915.0 0.7713277157809999
916.0 0.7775379336542554
917.0 0.7907166253361437
918.0 0.8803446508116193
919.0 0.8296630825433466
920.0 0.7652854956686497
921.0 0.7844250785807768
922.0 0.8130971797638469
923.0 0.7903396685918173
924.0 0.7667048085067008
925.0 0.7595102526247501
926.0 0.7643831761346923
927.0 0.7622785402668847
928.0 0.7580684928430451
929.0 0.7614615447819233
930.0 0.7593969951073328
931.0 0.766323745664623
932.0 0.7712317167056931
933.0 0.761441759351227
934.0 0.7662155156334242
935.0 0.7604941485656632
936.0 0.7653668013711771
937.0 0.7679208434290357
938.0 0.7663877796795633
939.0 0.7655896987352107
940.0 0.7620868310332298
941.0 0.7644494043456184
942.0 0.76934154290292
943.0 0.7692995050715076
944.0 0.7675682293872038
945.0 0.766134729815854
946.0 0.7607121500704024
947.0 0.7641000772515932
948.0 0.765924644552999
949.0 0.7691414861215485
950.0 0.7999932848744922
951.0 0.819585804724031
952.0 0.8274784551726447
953.0 0.8822593130171299
954.0 0.7752249468531873
955.0 0.7599708392388291
956.0 0.7683242712583807
957.0 0.7676772024068568
958.0 0.7608867064118385
959.0 0.7528759162459109
960.0 0.7645488294462363
961.0 0.785535305324528
962.0 0.7765363508628474
963.0 0.7639842161701785
964.0 0.7753718747860856
965.0 0.7877290087441603
966.0 0.8008804660704401
967.0 0.7623041226632066
968.0 0.7496211098300086
969.0 0.7540421510736147
970.0 0.7525279112160206
971.0 0.7501838629444441
972.0 0.7491704718106322
973.0 0.7500851237111621
974.0 0.7659170664846897
975.0 0.7638505109482341
976.0 0.7507921155128214
977.0 0.7516479761236243
978.0 0.7504080745081106
979.0 0.7495523144801458
980.0 0.7473131231963634
981.0 0.7646530407170454
982.0 0.7661900458236536
983.0 0.7747366171744134
984.0 0.7798749547865655
985.0 0.7516505229804251
986.0 0.7575014324651824
987.0 0.770572935955392
988.0 0.7766327973869112
989.0 0.773147753543324
990.0 0.7591332967082659
991.0 0.7555003555284606
992.0 0.7498494043118424
993.0 0.7412939808434911
994.0 0.7317244029707379
995.0 0.7321090445750289
996.0 0.7318194947308965
997.0 0.7263306449684832
998.0 0.7275884461899599
999.0 0.7371123822198974
1000.0 0.737360257241461
1001.0 0.7302714685599009
1002.0 0.7375072787205378
1003.0 0.7366403473748101
1004.0 0.7347723187671767
1005.0 0.7322331571744548
1006.0 0.7313764327102237
1007.0 0.7349638375971053
1008.0 0.7345031773050626
1009.0 0.7258923666344749
1010.0 0.7249741748803191
1011.0 0.732155746469895
1012.0 0.7290064837369654
1013.0 0.7299592370788256
1014.0 0.7299727838900354
1015.0 0.7263583834800456
1016.0 0.7204723536140389
1017.0 0.7216177177098062
1018.0 0.7294565699994564
1019.0 0.7286321922308869
1020.0 0.74504537632068
1021.0 0.7438586904770799
1022.0 0.7303411145177152
1023.0 0.7276278547942638
1024.0 0.7270320430397987
1025.0 0.7294937608142694
1026.0 0.730518096850978
1027.0 0.7323974358538786
1028.0 0.7414040441314379
1029.0 0.7440435737371445
1030.0 0.7506378851830959
1031.0 0.7442416983346144
1032.0 0.7360003718899356
1033.0 0.7338212831980653
1034.0 0.733816385269165
1035.0 0.7385146998696857
1036.0 0.7459999384979407
1037.0 0.7745282811423143
1038.0 0.8391234556006061
1039.0 0.7999722121490372
1040.0 0.7860452292693986
1041.0 0.8000478384395441
1042.0 0.7525798310008314
1043.0 0.7544549509055085
1044.0 0.7474528580076165
1045.0 0.7500551752746105
1046.0 0.7428016418384181
1047.0 0.7485620896849368
1048.0 0.7556176901691489
1049.0 0.7557174493041303
1050.0 0.7552206541101137
1051.0 0.786051496449444
1052.0 0.7686172727909353
1053.0 0.7696523463560475
1054.0 0.7844899027711816
1055.0 0.774602498445246
1056.0 0.7661842596199777
1057.0 0.7652278476291232
1058.0 0.7653897280494372
1059.0 0.7729068543348048
1060.0 0.7640095949172974
1061.0 0.7580069506333934
1062.0 0.7570462607675128
1063.0 0.7473026199473275
1064.0 0.7456468041572306
1065.0 0.7491407634483443
1066.0 0.7483509435421891
1067.0 0.749566261553102
1068.0 0.7511810933550199
1069.0 0.7487286494837867
1070.0 0.7423962309128709
1071.0 0.745042676726977
1072.0 0.7486510951485899
1073.0 0.7461239736941125
1074.0 0.7450459235244327
1075.0 0.7519635698861546
1076.0 0.7502009243600898
1077.0 0.7439073787795173
1078.0 0.7436372973024845
1079.0 0.7444206455515491
1080.0 0.7465765761832396
1081.0 0.7504163508613905
1082.0 0.7501742446588145
1083.0 0.7456430668632189
1084.0 0.7473819102678034
1085.0 0.7496003384391466
1086.0 0.7451272312965658
1087.0 0.752590835508373
1088.0 0.7550458014011383
1089.0 0.749843234817187
1090.0 0.7505775429308414
1091.0 0.7453619113398923
1092.0 0.740301776263449
1093.0 0.7521640521784624
1094.0 0.7607314421070946
1095.0 0.8209262361956967
1096.0 0.7805960008667575
1097.0 0.7503157150414255
1098.0 0.7449066233303812
1099.0 0.7566967387166288
1100.0 0.7631131994227568
