1.0 1.7840187466806836
2.0 1.7946300009886424
3.0 1.7854312111934025
4.0 1.7873626384470198
5.0 1.798516370356083
6.0 1.8039788256088893
7.0 1.8100685195790396
8.0 1.8166592427425914
9.0 1.8114220599333446
10.0 1.7868377061353788
11.0 1.7877825440631971
12.0 1.787675058676137
13.0 1.775844033393595
14.0 1.8122244626283646
15.0 1.8371203301681414
16.0 1.7967734237511952
17.0 1.7831137734982703
18.0 1.7737601523598034
19.0 1.767358261677954
20.0 1.7722317220436201
21.0 1.7772274621658855
22.0 1.7911600031786494
23.0 1.80753489335378
24.0 1.8167707514431741
25.0 1.8100441404514842
26.0 1.8162927114301257
27.0 1.8044707361194823
28.0 1.8609851366943784
29.0 1.8896600769625769
30.0 1.820171858701441
31.0 1.769358977675438
32.0 1.7684801850054
33.0 1.7751745962434344
34.0 1.7820010085900624
35.0 1.849567499425676
36.0 1.8629833948281076
37.0 1.859125176237689
38.0 1.8061622323261366
39.0 1.782380564345254
40.0 1.7809610880083508
41.0 1.780788862870799
42.0 1.779745997654067
43.0 1.7882600062423282
44.0 1.7954422359665234
45.0 1.7947370757659276
46.0 1.7928553985224829
47.0 1.8320237050453823
48.0 1.8313403982255194
49.0 1.8002041950821877
50.0 1.787454633249177
51.0 1.783981430861685
52.0 1.7856461099452443
53.0 1.776967999835809
54.0 1.7796967054406803
55.0 1.7806691866781976
56.0 1.781511167685191
57.0 1.7794636281000242
58.0 1.7801778722140524
59.0 1.7816294464800093
60.0 1.7730233164297209
61.0 1.7701067734095786
62.0 1.7776039871904585
63.0 1.7849568815694914
64.0 1.7885548083318605
65.0 1.7821101339326963
66.0 1.7897592799531088
67.0 1.7912522910369768
68.0 1.8079669541782803
69.0 1.7867028423481517
70.0 1.7948872364229627
71.0 1.7914077134595976
72.0 1.8074330546789699
73.0 1.7952381521463394
74.0 1.786045798824893
75.0 1.7928864268793
76.0 1.7903760373592377
77.0 1.8157723446687062
78.0 2.0192932511369386
79.0 1.832770712673664
80.0 1.7896637916564941
81.0 1.788911989165677
82.0 1.7912602946162224
83.0 1.7906540094150438
84.0 1.7944924756884575
85.0 1.8063993064893618
86.0 1.7999905265039868
87.0 1.800571181707912
88.0 1.8021592439876661
89.0 1.805157611767451
90.0 1.8411723135246172
91.0 1.8398965257737372
92.0 1.8276083610124059
93.0 1.814167283475399
94.0 1.804145189623038
95.0 1.795999237232738
96.0 1.7963776604996786
97.0 1.7987031754520204
98.0 1.8014655535419781
99.0 1.8054143455293443
100.0 1.7985008243057463
101.0 1.8055770869056385
102.0 1.8065773422519367
103.0 1.795733552840021
104.0 1.8008170194096036
105.0 1.7947613505853548
106.0 1.7946590060989063
107.0 1.8016070011589262
108.0 1.80565960953633
109.0 1.808959258099397
110.0 1.8048195532626576
111.0 1.8144674806131258
112.0 1.8197032858928044
113.0 1.8201174305544958
114.0 1.8101126510235999
115.0 1.809422983063592
116.0 1.8082102727558877
117.0 1.8163147676322196
118.0 1.8107884368962712
119.0 1.8195476623045073
120.0 1.8214851352903578
121.0 1.8262929883268144
122.0 1.8302301814158757
123.0 1.815287470817566
124.0 1.8256331127550867
125.0 1.8380267611808248
126.0 1.836159320341216
127.0 1.8212179326348834
128.0 1.8203028465310733
129.0 1.824821214709017
130.0 1.8217803198430274
131.0 1.815709047847324
132.0 1.8114576265215874
133.0 1.8059267492757902
134.0 1.8184173239601984
135.0 1.8224673569202423
136.0 1.8254956644442346
137.0 1.8207332988580067
138.0 1.8233789950609207
139.0 1.8324535455968645
140.0 1.8463788711362414
141.0 1.8352824954522982
142.0 1.8288653915127118
143.0 1.8201540932059288
144.0 1.8331151894397206
145.0 1.8261287634571393
146.0 1.8285105145639844
147.0 1.8318411368462775
148.0 1.820921735631095
149.0 1.822345604499181
150.0 1.8243583507008023
151.0 1.8185575927297275
152.0 1.824742816388607
153.0 1.8263406455516815
154.0 1.8098178091976378
155.0 1.8131233793165948
156.0 1.825282449523608
157.0 1.8264782478411992
158.0 1.8199641870127783
159.0 1.8268839973542426
160.0 1.8275694623589516
161.0 1.8251842227247026
162.0 1.8297960683703423
163.0 1.8219349972075887
164.0 1.8238822180363867
165.0 1.8261614797843828
166.0 1.8175859169827566
167.0 1.834603253338072
168.0 1.832535213066472
169.0 1.8450341299176216
170.0 1.8479768658677738
171.0 1.8486487625373735
172.0 1.841906112101343
173.0 1.8323376427094142
174.0 1.8187958523631096
175.0 1.8192405245370336
176.0 1.8322742978731792
177.0 1.8323841641346614
178.0 1.8351343530747626
179.0 1.8359592755635579
180.0 1.8230983821882143
181.0 1.8331813605295286
182.0 1.8338164140780766
183.0 1.8335415712661214
184.0 1.84021165387498
185.0 1.836638073126475
186.0 1.829332996573713
187.0 1.8399130321211286
188.0 1.8398683435387082
189.0 1.8275000891751714
190.0 1.83970355325275
191.0 1.8398042586114671
192.0 1.840979969335927
193.0 1.8470219829016261
194.0 1.8417098455958896
195.0 1.869805585179064
196.0 1.8681106716394424
197.0 1.8658501365118556
198.0 1.8505980339315202
199.0 1.8406023118231032
200.0 1.8436070109407108
201.0 1.851581710908148
202.0 1.842216922177209
203.0 1.8468971533907785
204.0 1.84243643283844
205.0 1.8558136779401038
206.0 1.8552094880077574
207.0 1.853021792239613
208.0 1.8877747704585393
209.0 1.8783380861083667
210.0 1.8577159096797307
211.0 1.8561398511131604
212.0 1.8590085125631757
213.0 1.8577040798134274
214.0 1.8616083015998204
215.0 1.8669635322358873
216.0 1.8802467543217871
217.0 1.8801387631230884
218.0 1.8716574294699564
219.0 1.8884305771854188
220.0 1.8877510527769725
221.0 1.8794037542409368
222.0 1.9013769643174276
223.0 1.9370580183135138
224.0 1.8994017723533843
225.0 1.8703663390543726
226.0 1.8738793300257788
227.0 1.8804112010531955
228.0 1.886016025311417
229.0 1.886443354189396
230.0 1.8799120659629505
231.0 1.8776688021090295
232.0 1.8848114882906277
233.0 1.8807217412524753
234.0 1.8750462995635138
235.0 1.873243613375558
236.0 1.8730911653902795
237.0 1.8747950792312622
238.0 1.8626779665549595
239.0 1.8649185589618154
240.0 1.8724731008211772
241.0 1.917964007291529
242.0 1.9280478325155046
243.0 1.8908410494526227
244.0 1.8734372067782614
245.0 1.8644280723399587
246.0 1.8670184156960912
247.0 1.8693040774928198
248.0 1.8591354365150135
249.0 1.8683457134498491
250.0 1.8668645686573453
251.0 1.8624410736891959
252.0 1.8699201353722148
253.0 1.864829234778881
254.0 1.8562459780110254
255.0 1.8580604766805966
256.0 1.8540002587768767
257.0 1.857768138249715
258.0 1.861841681930754
259.0 1.8892216963900461
260.0 1.8792207075489893
261.0 1.8620627621809642
262.0 1.8652036670181487
263.0 1.8685376801424556
264.0 1.867858657406436
265.0 1.8635944036973848
266.0 1.8655472108059459
267.0 1.8613454898198445
268.0 1.870384403400951
269.0 1.8679693291584651
270.0 1.8739099014136527
271.0 1.87400244259172
272.0 1.885356929567125
273.0 1.8910551708605554
274.0 1.902988400724199
275.0 1.8940909662180476
276.0 1.890270081659158
277.0 1.9025183684296079
278.0 1.9064785896076097
279.0 1.890060851143466
280.0 1.899802918235461
281.0 1.940347080429395
282.0 1.934351734817028
283.0 1.8929603240556188
284.0 1.8832881078124046
285.0 1.872048772043652
286.0 1.8694248497486115
287.0 1.8750860434439447
288.0 1.8780813672476344
289.0 1.8764796894457605
290.0 1.889295102821456
291.0 1.9142794700132475
292.0 1.8772648630870714
293.0 1.864726845588949
294.0 1.8650911500056584
295.0 1.8662024935086567
296.0 1.8730925644437473
297.0 1.8735328010386891
298.0 1.8760050005382962
299.0 1.872198453380002
300.0 1.874623515539699
301.0 1.869526142047511
302.0 1.864393186238077
303.0 1.8596933252281613
304.0 1.8693420473072264
305.0 1.874999360077911
306.0 1.8696921211149957
307.0 1.863748762342665
308.0 1.8666046626038022
309.0 1.8576793149113655
310.0 1.8601217559642262
311.0 1.870614968240261
312.0 1.878928381535742
313.0 1.8803035616874695
314.0 1.86396833591991
315.0 1.8932515349653032
316.0 1.9339249067836337
317.0 1.8809858055578337
318.0 1.8735775508814387
319.0 1.8733935339583292
320.0 1.872132125000159
321.0 1.8779321660598118
322.0 1.8674315214157104
323.0 1.8736848019891315
324.0 1.868355932335059
325.0 1.8756260805659823
326.0 1.8773848207460508
327.0 1.8636809405353334
328.0 1.8827692253722086
329.0 1.9053364487157927
330.0 1.8794619076781802
331.0 1.8731458402342267
332.0 1.8680536854598258
333.0 1.8576931564344301
334.0 1.8651638999581337
335.0 1.883854053914547
336.0 1.878200684984525
337.0 1.8574165205160778
338.0 1.8585170126623578
339.0 1.8836092601219814
340.0 2.0363598234123654
341.0 1.8503187853429053
342.0 1.8455608470572367
343.0 1.84701995137665
344.0 1.8624845519661903
345.0 1.8816799794634183
346.0 1.8557668684257402
347.0 1.8450123626324866
348.0 1.8609762349062495
349.0 1.8432625813616648
350.0 1.850571661359734
351.0 1.861047367254893
352.0 1.8565744964612856
353.0 1.8567292955186632
354.0 1.860320350362195
355.0 1.8898783872524898
356.0 1.8631707636846437
357.0 1.8643203038308356
358.0 1.8766452827387385
359.0 1.8938894710607
360.0 1.865641239616606
361.0 1.8518017265531752
362.0 1.8793887851966753
363.0 1.8973925453093317
364.0 1.9139006593161159
365.0 1.8963505087627306
366.0 1.9989868592884805
367.0 2.015123075909085
368.0 1.9486629772517416
369.0 1.9445205703377724
370.0 1.9090612000889249
371.0 1.923984169960022
372.0 1.8970838313301404
373.0 1.8622019075685077
374.0 1.8642624864975612
375.0 1.8616263419389725
376.0 1.9346762431992426
377.0 1.88377273745007
378.0 1.888030968606472
379.0 1.9241313934326172
380.0 1.9111784398555756
381.0 1.8793896825777159
382.0 1.86201387974951
383.0 1.8593138563964102
384.0 1.856414534151554
385.0 1.8522699723641078
386.0 1.8593424260616302
387.0 1.8902082352174654
388.0 1.8703529453939862
389.0 1.8592969849705696
390.0 1.8472652898894415
391.0 1.8498819486962423
392.0 1.8544646352529526
393.0 1.847555137342877
394.0 1.8568077443374529
395.0 1.8459753038154707
396.0 1.847913370364242
397.0 1.8535850296417873
398.0 1.8668097522523668
399.0 1.869669798347685
400.0 1.852985450790988
401.0 1.8592590457863278
402.0 1.8617764520976279
403.0 1.857829348080688
404.0 1.8560237007008658
405.0 1.8615451786253188
406.0 1.8626103964116838
407.0 1.8532587273253336
408.0 1.863091456393401
409.0 1.8689261790778902
410.0 1.8681448251008987
411.0 1.8831158313486311
412.0 1.8834068104624748
413.0 1.8796884674164984
414.0 1.883637857933839
415.0 1.878600637945864
416.0 1.884711311923133
417.0 1.8917458512716823
418.0 1.895836118194792
419.0 1.896780088543892
420.0 1.8954522891177072
421.0 1.8898062573538885
422.0 1.8829278863138623
423.0 1.8973954435851839
424.0 1.9011642403072782
425.0 1.89667812983195
426.0 1.9081690427329805
427.0 1.9068924279676542
428.0 1.9025454082422786
429.0 1.9136204363571272
430.0 1.9163441268934145
431.0 1.9113545790314674
432.0 1.9070110014743276
433.0 1.924080571366681
434.0 1.9284543419877689
435.0 1.9243847239348624
436.0 1.9306870044933424
437.0 1.9385661913288965
438.0 1.956069500082069
439.0 1.9303285363647673
440.0 1.932716802590423
441.0 1.958402483827538
442.0 1.964538290268845
443.0 1.9679078525967069
444.0 1.958819789191087
445.0 1.9480839653147592
446.0 1.9421743783685896
447.0 1.9320621887842815
448.0 1.9423714064889483
449.0 1.9516290682885382
450.0 1.9417764867345493
451.0 1.9526963548527823
452.0 1.953474750949277
453.0 1.9492861264281802
454.0 1.9562904586394627
455.0 1.9494925373130374
456.0 1.947881057858467
457.0 1.9708513956930902
458.0 2.172424692246649
459.0 1.9911669211255179
460.0 1.9621921206514041
461.0 1.9839569711022906
462.0 1.9592422114478216
463.0 1.9567126590344641
464.0 1.9602338348825772
465.0 1.9601224039991696
466.0 1.9507816293173366
467.0 1.9527941950493388
468.0 1.9587761486570041
469.0 1.9670888582865398
470.0 1.9767632244361772
471.0 1.9849236839347415
472.0 1.9802492360273998
473.0 1.9712079399161868
474.0 1.9811371920837297
475.0 1.9845670205023553
476.0 1.975251242518425
477.0 1.9818418348828952
478.0 1.980153575539589
479.0 1.9867206455932722
480.0 2.0390388717254004
481.0 2.0064710502823195
482.0 1.995062828891807
483.0 1.9854159926374753
484.0 1.9866700188981161
485.0 1.9915101851026218
486.0 1.9986911631292767
487.0 2.0065070705281363
488.0 2.0596606358885765
489.0 2.0274536220563784
490.0 2.0028591942456035
491.0 2.009048254125648
492.0 1.9996687637435064
493.0 2.0030649643805294
494.0 2.00051002866692
495.0 2.0166973082555666
496.0 2.009273224406772
497.0 2.0251895181006856
498.0 2.0158452176385455
499.0 2.0112113133072853
500.0 2.0114849557479224
501.0 2.0111301748289003
502.0 2.0235500004556446
503.0 2.032659767402543
504.0 2.029096004035738
505.0 2.1242043268349438
506.0 2.14656416243977
507.0 2.0496073166529336
508.0 2.035536303288407
509.0 2.033334814839893
510.0 2.033239478866259
511.0 2.0314974188804626
512.0 2.037977765831682
513.0 2.043952716721429
514.0 2.046932540006108
515.0 2.0432243388560085
516.0 2.0494917838109865
517.0 2.055274804433187
518.0 2.0487481455008187
519.0 2.0720150719086328
520.0 2.0891766399145126
521.0 2.0860707610845566
522.0 2.0418778326776295
523.0 2.0359083165725074
524.0 2.041630908019013
525.0 2.0388235424955687
526.0 2.045768733653757
527.0 2.0520828382836447
528.0 2.050267323023743
529.0 2.04219933019744
530.0 2.0478200854526625
531.0 2.074603925976488
532.0 2.064199912879202
533.0 2.0492471067441835
534.0 2.05761561046044
535.0 2.049373066259755
536.0 2.041859670645661
537.0 2.0300044210420713
538.0 2.0370483439829616
539.0 2.052591015895208
540.0 2.064251850876543
541.0 2.044228396481938
542.0 2.0373270553019314
543.0 2.044704257614083
544.0 2.0307594330774412
545.0 2.033334586355421
546.0 2.029882559345828
547.0 2.0288892926441298
548.0 2.0271159783005714
549.0 2.0432794640461602
550.0 2.0362959884934955
551.0 2.0395788144734173
552.0 2.0524721104237766
553.0 2.086630577014552
554.0 2.033589685956637
555.0 2.020576914979352
556.0 2.0246161768833795
557.0 2.0464013525181346
558.0 2.034390581978692
559.0 2.05652427011066
560.0 2.0776443406939507
561.0 2.029194726712174
562.0 2.0181170337729983
563.0 2.0287708474530115
564.0 2.0338853655589952
565.0 2.0247851792309017
566.0 2.023620574010743
567.0 2.032481368217203
568.0 2.0401135749287076
569.0 2.0603073553906546
570.0 2.0355756365590625
571.0 2.0314799265729055
572.0 2.046385808951325
573.0 2.0317424303955502
574.0 2.020264693432384
575.0 2.051490774585141
576.0 2.1213022379411592
577.0 2.097769343190723
578.0 2.048633738524384
579.0 2.0163779821660786
580.0 2.007015258901649
581.0 2.009783872299724
582.0 2.008283154831992
583.0 2.00191078417831
584.0 2.002563634680377
585.0 2.0132172620958753
586.0 2.0082082789805202
587.0 2.005807946125666
588.0 2.0002856759561434
589.0 1.9994405466649268
590.0 2.000991507536835
591.0 1.998237041135629
592.0 1.994255654513836
593.0 1.9879613584942288
594.0 1.9960317297114267
595.0 1.9971593651506636
596.0 2.002479845450984
597.0 2.029287389583058
598.0 2.0041313047210374
599.0 1.9961966077486675
600.0 1.9885313908259075
601.0 1.9890727524956067
602.0 1.9931241886483297
603.0 1.982082460489538
604.0 1.9897291519575648
605.0 2.0018847154246435
606.0 1.9956916893521945
607.0 1.9958957590990596
608.0 1.992478982441955
609.0 1.9904416261447802
610.0 1.985147174861696
611.0 1.987263996567991
612.0 1.985799143711726
613.0 1.9825782949725788
614.0 1.9982744455337524
615.0 1.9991385489702225
616.0 1.9783147846659024
617.0 1.9878472006983228
618.0 1.9875867184665468
619.0 1.985980758236514
620.0 1.986566777030627
621.0 2.000087949964735
622.0 2.0041962381866245
623.0 2.017500097552935
624.0 2.0232918303873806
625.0 2.0151488193207316
626.0 2.0299847374359765
627.0 2.009926753739516
628.0 2.0063122883439064
629.0 1.9922849229640431
630.0 1.9847662415769365
631.0 1.9899168668521776
632.0 2.0212905208269754
633.0 2.0201623663306236
634.0 1.9852853549851313
635.0 1.9924618403116863
636.0 2.072321171561877
637.0 2.0122372259696326
638.0 1.987788200378418
639.0 1.9934338654081027
640.0 1.9931141162912052
641.0 1.986793698536025
642.0 1.9843462713890605
643.0 1.9895154477821455
644.0 1.9869972144563992
645.0 1.9958863523271348
646.0 2.0013124578528934
647.0 1.9840188042985067
648.0 1.9825063571333885
649.0 1.9871235448453162
650.0 1.990127748085393
651.0 1.9914130229088995
652.0 1.987819641828537
653.0 1.9905153314272563
654.0 1.9949237753947575
655.0 2.0058198157283993
656.0 1.9897327141629324
657.0 2.011780484682984
658.0 2.0211599692702293
659.0 1.9930820241570473
660.0 2.0000952291819782
661.0 1.9961745018760364
662.0 2.000477503571245
663.0 1.9908027648925781
664.0 1.9880059162775676
665.0 1.9838136525617704
666.0 2.0001892894506454
667.0 2.0116927838987775
668.0 1.9825709420773718
669.0 1.9765702328748174
670.0 1.9680894199344847
671.0 1.9714273057050176
672.0 1.9652841695480876
673.0 1.959202831817998
674.0 1.965702133046256
675.0 1.9613752315441768
676.0 1.9599462432993784
677.0 1.9632288639744122
678.0 1.9658212156759367
679.0 1.9810001469320722
680.0 2.0231855569614305
681.0 2.009472298953268
682.0 1.9720578226778243
683.0 1.966959412727091
684.0 1.9510861734549205
685.0 1.9500350207090378
686.0 1.9397386064132054
687.0 1.9442169020573299
688.0 1.9559113706151645
689.0 1.9594578428400888
690.0 1.9492587099472682
691.0 1.955053537256188
692.0 1.9513544167081516
693.0 1.948332616024547
694.0 1.9460754493872325
695.0 1.9462991257508595
696.0 1.9428119849827554
697.0 1.9447067396508322
698.0 1.94621558735768
699.0 1.9529613157113392
700.0 1.9439312285847135
701.0 1.9473784152004454
702.0 1.9590755162967577
703.0 1.9653123137023714
704.0 1.9547575265169144
705.0 1.9519092481997278
706.0 1.9500169273879793
707.0 1.9490336055556934
708.0 1.9459553874201245
709.0 1.954874927798907
710.0 1.9558968618512154
711.0 1.952257985042201
712.0 1.9630172467894025
713.0 1.9538780897855759
714.0 1.9611950765053432
715.0 1.9696196524633303
716.0 1.9629693147208955
717.0 1.9679432718290224
718.0 1.9832835164335039
719.0 1.9761279208792581
720.0 1.971726417541504
721.0 1.9742446177535586
722.0 1.977948469420274
723.0 1.9808974969718192
724.0 1.9842056648598776
725.0 1.9920269209477637
726.0 1.9936759157313242
727.0 2.001879274017281
728.0 2.02542275769843
729.0 2.0367816703187094
730.0 2.028900267349349
731.0 2.0398039975100093
732.0 2.036143553753694
733.0 2.0409421539968915
734.0 2.1194537811809115
735.0 2.520733738111125
736.0 2.1992913120322757
737.0 2.1115631601876683
738.0 2.074508160352707
739.0 2.0726995492974916
740.0 2.072704530424542
741.0 2.080575587848822
742.0 2.0946015268564224
743.0 2.106042298177878
744.0 2.106430293785201
745.0 2.1099977079364987
746.0 2.1093251506487527
747.0 2.1271964800026684
748.0 2.1321266517043114
749.0 2.1250277790758343
750.0 2.1436950779623456
751.0 2.150138371520572
752.0 2.1557390689849854
753.0 2.1633431116739907
754.0 2.1994311097595425
755.0 2.2007490967710814
756.0 2.215180898706118
757.0 2.208780179421107
758.0 2.2056049009164176
759.0 2.215506538748741
760.0 2.240792299310366
761.0 2.271829409731759
762.0 2.2645382798380322
763.0 2.2799143195152283
764.0 2.2912204696072473
765.0 2.285996586084366
766.0 2.297185583247079
767.0 2.295456023679839
768.0 2.306000515818596
769.0 2.327784351176686
770.0 2.3353790409035153
771.0 2.3399856040875116
772.0 2.3464014132817588
773.0 2.3587804304228888
774.0 2.358092952105734
775.0 2.357777514391475
776.0 2.3742738415797553
777.0 2.383838140302234
778.0 2.3888546344306736
779.0 2.393068795402845
780.0 2.3933564093377857
781.0 2.401867091655731
782.0 2.433869116836124
783.0 2.423768578304185
784.0 2.4321065329843097
785.0 2.4429163303640156
786.0 2.436888183156649
787.0 2.4535832140180798
788.0 2.462899621989992
789.0 2.455379823843638
790.0 2.463548696703381
791.0 2.4696078217691846
792.0 2.4827358722686768
793.0 2.5045678416887918
794.0 2.4715176737970777
795.0 2.4637217223644257
796.0 2.499083533883095
797.0 2.5066824158032737
798.0 2.4580646985106998
799.0 2.4578509628772736
800.0 2.45231465001901
801.0 2.45378354522917
802.0 2.447438100973765
803.0 2.4569830894470215
804.0 2.4577058768934674
805.0 2.47244701286157
806.0 2.476397963033782
807.0 2.4578933947616153
808.0 2.466799487670263
809.0 2.4751911063989005
810.0 2.4697761121723385
811.0 2.470803919765684
812.0 2.4680014881822796
813.0 2.4630196591218314
814.0 2.4604088034894733
815.0 2.451612245705393
816.0 2.459385504325231
817.0 2.4698774301343493
818.0 2.462048497464922
819.0 2.460176393389702
820.0 2.461291010181109
821.0 2.465249814920955
822.0 2.472428551978535
823.0 2.4655425863133535
824.0 2.4658046348227396
825.0 2.457184672355652
826.0 2.4590191774898105
827.0 2.463135759035746
828.0 2.4630381481515036
829.0 2.455136133564843
830.0 2.4677492843733893
831.0 2.457923322916031
832.0 2.4527911891539893
833.0 2.460714724328783
834.0 2.4586592002047434
835.0 2.465542602870199
836.0 2.4689607636796103
837.0 2.4697725938426123
838.0 2.4622981746991477
839.0 2.4693322810861797
840.0 2.465333233277003
841.0 2.4886391907930374
842.0 2.510609812206692
843.0 2.485693997806973
844.0 2.488359433081415
845.0 2.480426154202885
846.0 2.478733648856481
847.0 2.4832881076468363
848.0 2.488074579172664
849.0 2.5008842945098877
850.0 2.5026891380548477
851.0 2.50990634991063
852.0 2.582247825132476
853.0 2.5584523429473243
854.0 2.5168362309535346
855.0 2.5132023178868823
856.0 2.5103520900011063
857.0 2.512389866842164
858.0 2.5114045954412885
859.0 2.5138478378454843
860.0 2.5095397614770465
861.0 2.5061849968300924
862.0 2.505302215615908
863.0 2.500403235356013
864.0 2.5002428094546
865.0 2.5026519116428165
866.0 2.5153612991174064
867.0 2.5318600088357925
868.0 2.519180999861823
869.0 2.5076462725798288
870.0 2.50913814538055
871.0 2.5182661712169647
872.0 2.5162185711993112
873.0 2.5161936763260098
874.0 2.513224313656489
875.0 2.513475086953905
876.0 2.5122972826162973
877.0 2.5171743200884924
878.0 2.5098785079187818
879.0 2.512257037891282
880.0 2.527732686864005
881.0 2.540968731045723
882.0 2.5414069245258966
883.0 2.5488375541236667
884.0 2.544689370526208
885.0 2.52926784588231
886.0 2.519184844361411
887.0 2.517828643321991
888.0 2.5271570086479187
889.0 2.5326969689793057
890.0 2.529333649410142
891.0 2.5202574845817356
892.0 2.5192129214604697
893.0 2.518657777044508
894.0 2.5113684667481317
895.0 2.503075800008244
896.0 2.5052807463539972
897.0 2.5081673993004694
898.0 2.5076139552725687
899.0 2.5048224379618964
900.0 2.5040255900886326
901.0 2.4952400657865734
902.0 2.479968817697631
903.0 2.4873465564515858
904.0 2.4834141068988376
905.0 2.493096884753969
906.0 2.495727212892638
907.0 2.5121195829576917
908.0 2.482838203509649
909.0 2.48230581316683
910.0 2.4869088215960398
911.0 2.4977401395638785
912.0 2.498623377747006
913.0 2.4870925512578754
914.0 2.476087459259563
915.0 2.478691844476594
916.0 2.4781089342302747
917.0 2.4727620018853083
918.0 2.4675704406367407
919.0 2.460288253095415
920.0 2.4611117094755173
921.0 2.4867134756512113
922.0 2.4852170099814734
923.0 2.457331993513637
924.0 2.4675230185190835
925.0 2.467381323377291
926.0 2.460966603623496
927.0 2.4531199634075165
928.0 2.450394622153706
929.0 2.4492515640126333
930.0 2.444126056300269
931.0 2.4481705294715033
932.0 2.4434511065483093
933.0 2.4448576188749738
934.0 2.4647789978318744
935.0 2.445377387934261
936.0 2.4286796467171774
937.0 2.434143981999821
938.0 2.436871588230133
939.0 2.430110192961163
940.0 2.4280612766742706
941.0 2.4259177413251667
942.0 2.419342479772038
943.0 2.411725160148409
944.0 2.4438850813441806
945.0 2.45485130780273
946.0 2.443777557876375
947.0 2.3994181520409055
948.0 2.4069771038161383
949.0 2.4197893291711807
950.0 2.405015465286043
951.0 2.396296411752701
952.0 2.3828723662429385
953.0 2.369106893738111
954.0 2.373402272661527
955.0 2.361547408832444
956.0 2.372770897216267
957.0 2.3573927101161747
958.0 2.352913119726711
959.0 2.3451881607373557
960.0 2.3437702225314245
961.0 2.3416689518425198
962.0 2.3336552729209266
963.0 2.331295129325655
964.0 2.3324878414471946
965.0 2.3308239430189133
966.0 2.3348967217736774
967.0 2.325928956270218
968.0 2.3178701317972608
969.0 2.311803638935089
970.0 2.3192611816856594
971.0 2.3087350163194866
972.0 2.303403658999337
973.0 2.295859927932421
974.0 2.3015426099300385
975.0 2.3024148643016815
976.0 2.287406717737516
977.0 2.289297103881836
978.0 2.2953837282127805
979.0 2.3015688161055246
980.0 2.328153739372889
981.0 2.3511086189084582
982.0 2.347348345650567
983.0 2.3281127280659146
984.0 2.305857860379749
985.0 2.283641586701075
986.0 2.2673504253228507
987.0 2.2708135843276978
988.0 2.268906553586324
989.0 2.267168910966979
990.0 2.2590429004695682
991.0 2.252376816338963
992.0 2.2415025449461408
993.0 2.2280825012260013
994.0 2.2344341476758323
995.0 2.2411907563606897
996.0 2.2357983075910144
997.0 2.264697733852598
998.0 2.301271458466848
999.0 2.397542080945439
1000.0 2.2697985569636026
1001.0 2.2696612974007926
1002.0 2.256411224603653
1003.0 2.252083463801278
1004.0 2.2061644436584578
1005.0 2.2026500834359064
1006.0 2.1977720542086496
1007.0 2.1875558876328998
1008.0 2.199281248781416
1009.0 2.1929075866937637
1010.0 2.188127470513185
1011.0 2.179453324112627
1012.0 2.1695203151967792
1013.0 2.1728863881693945
1014.0 2.1811318058106632
1015.0 2.1870835431747966
1016.0 2.1671898745828204
1017.0 2.1486022952530117
1018.0 2.151971359219816
1019.0 2.1542658996250896
1020.0 2.146229610674911
1021.0 2.1465162999100156
1022.0 2.154251380927033
1023.0 2.1418054989642568
1024.0 2.1388321171204248
1025.0 2.137315180566576
1026.0 2.1529772364430957
1027.0 2.165674574673176
1028.0 2.1353499268492064
1029.0 2.120293103986316
1030.0 2.119631416267819
1031.0 2.1181736439466476
1032.0 2.1164327727423773
1033.0 2.116451052327951
1034.0 2.118042368027899
1035.0 2.1283573607603707
1036.0 2.1199965162409677
1037.0 2.1225702034102545
1038.0 2.1120501491758557
1039.0 2.1099270068936877
1040.0 2.1039196294214992
1041.0 2.0982301616006427
1042.0 2.1078958536187806
1043.0 2.1129195623927646
1044.0 2.109437901112768
1045.0 2.1002149192823305
1046.0 2.089634139504698
1047.0 2.0895735969146094
1048.0 2.0892824638220997
1049.0 2.0829588737752704
1050.0 2.0859808259540134
1051.0 2.10497984290123
1052.0 2.1138360790080495
1053.0 2.0946967800458274
1054.0 2.095471759637197
1055.0 2.105759465859996
1056.0 2.1063982902301683
1057.0 2.0837204828858376
1058.0 2.079893246293068
1059.0 2.081313445336289
1060.0 2.0768342125746937
1061.0 2.077456846833229
1062.0 2.080847536524137
1063.0 2.0805375286274486
1064.0 2.087241460879644
1065.0 2.0855772271752357
1066.0 2.07871583600839
1067.0 2.083070838616954
1068.0 2.098847215374311
1069.0 2.0907132592466144
1070.0 2.0840104098121324
1071.0 2.0682042001022234
1072.0 2.068602069384522
1073.0 2.0711836086379156
1074.0 2.078661618133386
1075.0 2.0681467569536633
1076.0 2.0674971408314176
1077.0 2.069778804977735
1078.0 2.071645556224717
1079.0 2.085213392145104
1080.0 2.076243709358904
1081.0 2.067228479517831
1082.0 2.068117842078209
1083.0 2.0737061947584152
1084.0 2.0639213629894786
1085.0 2.0616402286622257
1086.0 2.072076141006417
1087.0 2.082333573864566
1088.0 2.0730814726816282
1089.0 2.0695359855890274
1090.0 2.065649473832713
1091.0 2.0762948526276483
1092.0 2.0782437456978693
1093.0 2.067381868759791
1094.0 2.0610757370789847
1095.0 2.0664442314041986
1096.0 2.062757467230161
1097.0 2.061672639515665
1098.0 2.0687691089179783
1099.0 2.0821653058131537
1100.0 2.0946230035689144
