1.0 37.57889175415039
2.0 37.744937896728516
3.0 37.744937896728516
4.0 37.48739242553711
5.0 37.52703857421875
6.0 37.46775817871094
7.0 37.60540008544922
8.0 37.02718734741211
9.0 36.8075065612793
10.0 36.994205474853516
11.0 36.48834991455078
12.0 36.54433059692383
13.0 36.41163635253906
14.0 36.486244201660156
15.0 36.56126022338867
16.0 36.71938705444336
17.0 37.150718688964844
18.0 37.03059387207031
19.0 37.548519134521484
20.0 37.479209899902344
21.0 37.5372200012207
22.0 37.5372200012207
23.0 37.47296142578125
24.0 37.232513427734375
25.0 37.89177703857422
26.0 38.13026809692383
27.0 38.06241989135742
28.0 38.688777923583984
29.0 37.595314025878906
30.0 37.667293548583984
31.0 37.987300872802734
32.0 37.53544235229492
33.0 36.507938385009766
34.0 36.25141525268555
35.0 35.92457962036133
36.0 32.640037536621094
37.0 27.699939727783203
38.0 18.469480514526367
39.0 11.203742980957031
40.0 9.032798767089844
41.0 9.032798767089844
42.0 9.496539115905762
43.0 8.720134735107422
44.0 14.380498886108398
45.0 105.0953369140625
46.0 28.546586990356445
47.0 29.286026000976563
48.0 30.69658088684082
49.0 32.909095764160156
50.0 33.576229095458984
51.0 33.62569808959961
52.0 33.011680603027344
53.0 33.1967658996582
54.0 33.54287338256836
55.0 33.12957763671875
56.0 33.01922607421875
57.0 33.45538330078125
58.0 33.55011749267578
59.0 33.95693588256836
60.0 33.95693588256836
61.0 34.287925720214844
62.0 33.90415954589844
63.0 33.49066925048828
64.0 33.35686111450195
65.0 33.25205993652344
66.0 33.61809158325195
67.0 33.93479537963867
68.0 34.016998291015625
69.0 33.647682189941406
70.0 33.63835906982422
71.0 33.452056884765625
72.0 32.570091247558594
73.0 32.44190979003906
74.0 32.368995666503906
75.0 32.64071273803711
76.0 32.69014358520508
77.0 32.52751159667969
78.0 32.6494026184082
79.0 32.6494026184082
80.0 32.8227424621582
81.0 32.746910095214844
82.0 32.46839904785156
