1.0 36.29498374462128
2.0 36.295565247535706
3.0 36.207005858421326
4.0 36.23338449001312
5.0 36.27204513549805
6.0 36.29533934593201
7.0 36.37409269809723
8.0 36.493457198143005
9.0 36.64862263202667
10.0 36.732826232910156
11.0 36.77241897583008
12.0 36.82696843147278
13.0 36.90372049808502
14.0 36.9137544631958
15.0 36.95701253414154
16.0 36.99298882484436
17.0 36.981964349746704
18.0 36.94352829456329
19.0 36.970598220825195
20.0 37.00122928619385
21.0 37.01526129245758
22.0 37.03896689414978
23.0 37.11095750331879
24.0 37.14044892787933
25.0 37.3062584400177
26.0 37.36166262626648
27.0 37.474672079086304
28.0 37.522310733795166
29.0 37.52429687976837
30.0 37.45972490310669
31.0 37.423601388931274
32.0 37.43788981437683
33.0 37.43004333972931
34.0 37.31181824207306
35.0 37.20037078857422
36.0 37.182878255844116
37.0 37.136696338653564
38.0 37.16721212863922
39.0 37.19127559661865
40.0 37.22014117240906
41.0 37.2144318819046
42.0 37.19181990623474
43.0 37.185699105262756
44.0 37.12472748756409
45.0 37.180548310279846
46.0 37.172327637672424
47.0 37.228394985198975
48.0 37.322954535484314
49.0 37.373411893844604
50.0 37.54710531234741
51.0 37.71245276927948
52.0 37.88068890571594
53.0 38.02057588100433
54.0 37.98332893848419
55.0 37.9817498922348
56.0 38.08449912071228
57.0 38.13953077793121
58.0 38.087448716163635
59.0 37.99703097343445
60.0 37.911945939064026
61.0 37.71644902229309
62.0 37.6456698179245
63.0 37.51320683956146
64.0 37.389814376831055
65.0 37.463379979133606
66.0 37.33968245983124
67.0 37.35050559043884
68.0 37.343396067619324
69.0 37.3177729845047
70.0 37.22633337974548
71.0 37.22952663898468
72.0 37.11693453788757
73.0 37.09267318248749
74.0 37.182246804237366
75.0 37.042577624320984
76.0 37.01922881603241
77.0 37.037392139434814
78.0 37.08429419994354
79.0 37.03971254825592
80.0 36.96948969364166
81.0 36.9990690946579
82.0 36.97298848628998
83.0 37.063796520233154
84.0 36.99012529850006
85.0 36.96914339065552
86.0 36.97394001483917
87.0 36.9646360874176
88.0 37.04380249977112
89.0 37.01491391658783
90.0 37.0579217672348
91.0 37.170273780822754
92.0 37.17905008792877
93.0 37.27186822891235
94.0 37.35014522075653
95.0 37.40500867366791
96.0 37.44806134700775
97.0 37.43151104450226
98.0 37.43530607223511
99.0 37.36685359477997
100.0 37.36436319351196
101.0 37.388046979904175
102.0 37.34813618659973
103.0 37.282235503196716
104.0 37.20863950252533
105.0 37.082369565963745
106.0 36.933977127075195
107.0 36.83542513847351
108.0 36.7811244726181
109.0 36.7213100194931
110.0 36.71912407875061
111.0 36.560935616493225
112.0 36.470179200172424
113.0 36.44020962715149
114.0 36.388771057128906
115.0 36.36226165294647
116.0 36.38100028038025
117.0 36.41087245941162
118.0 36.32688009738922
119.0 36.154537200927734
120.0 36.02268946170807
121.0 36.00855493545532
122.0 35.89815282821655
123.0 35.92574656009674
124.0 35.84867298603058
125.0 35.80753171443939
126.0 35.76425313949585
127.0 35.63166809082031
128.0 35.523590087890625
129.0 35.317134618759155
130.0 35.127140164375305
131.0 34.98821461200714
132.0 34.842728972435
133.0 34.7882604598999
134.0 34.815614223480225
135.0 34.84516501426697
136.0 34.810402631759644
137.0 34.83344852924347
138.0 34.78003919124603
139.0 34.746556997299194
140.0 34.715323090553284
141.0 34.84417426586151
142.0 34.881487250328064
143.0 34.90044403076172
144.0 34.98907268047333
145.0 35.136394023895264
146.0 35.11104476451874
147.0 35.108739137649536
148.0 35.00276505947113
149.0 34.882383584976196
150.0 34.72423958778381
151.0 34.54052913188934
152.0 34.51525127887726
153.0 34.38021671772003
154.0 34.17904055118561
155.0 33.94852685928345
156.0 33.835057497024536
157.0 33.78341794013977
158.0 33.81843364238739
159.0 33.87887644767761
160.0 33.90775799751282
161.0 34.080989480018616
162.0 34.097225189208984
163.0 34.17649447917938
164.0 34.24145543575287
165.0 34.31654679775238
166.0 34.36079180240631
167.0 34.41378402709961
168.0 34.48350286483765
169.0 34.5413898229599
170.0 34.59686732292175
171.0 34.68911826610565
172.0 34.75676488876343
173.0 34.99152052402496
174.0 35.08995580673218
175.0 35.019795298576355
176.0 35.07492816448212
177.0 35.030747056007385
178.0 34.99194359779358
179.0 34.940879464149475
180.0 34.926992654800415
181.0 34.90984845161438
182.0 34.889543890953064
183.0 35.04637110233307
184.0 35.07236969470978
185.0 35.13768672943115
186.0 35.17618000507355
187.0 35.21241271495819
188.0 35.23111414909363
189.0 35.22173857688904
190.0 35.17906212806702
191.0 35.11642348766327
192.0 35.04591453075409
193.0 34.97396993637085
194.0 34.98268985748291
195.0 34.87447202205658
196.0 34.863104701042175
197.0 34.782474637031555
198.0 34.729541659355164
199.0 34.619083762168884
200.0 34.52756905555725
201.0 34.47033512592316
202.0 34.41402077674866
203.0 34.3164644241333
204.0 34.29518914222717
205.0 34.314409136772156
206.0 34.32120335102081
207.0 34.17413127422333
208.0 34.13358926773071
209.0 34.0488076210022
210.0 34.049004435539246
211.0 34.07372295856476
212.0 33.97487831115723
213.0 33.844661355018616
214.0 33.7849223613739
215.0 33.790685534477234
216.0 33.852875113487244
217.0 33.85640203952789
218.0 33.89500081539154
219.0 33.884103894233704
220.0 33.96611559391022
221.0 34.04230070114136
222.0 34.010040521621704
223.0 34.08365774154663
224.0 34.18882167339325
225.0 34.19302952289581
226.0 34.08777630329132
227.0 34.04012143611908
228.0 34.03886067867279
229.0 34.015190839767456
230.0 33.92498219013214
231.0 33.943782687187195
232.0 33.9106719493866
233.0 33.8160674571991
234.0 33.795615911483765
235.0 33.68270778656006
236.0 33.62958824634552
237.0 33.64632451534271
238.0 33.67390954494476
239.0 33.680660247802734
240.0 33.72325897216797
241.0 33.69529104232788
242.0 33.58025860786438
243.0 33.4983936548233
244.0 33.2318240404129
245.0 33.093480348587036
246.0 33.04423224925995
247.0 32.98030185699463
248.0 32.92799162864685
249.0 32.89156794548035
250.0 32.81159436702728
251.0 32.75268244743347
252.0 32.62427854537964
253.0 32.49504667520523
254.0 32.37559551000595
255.0 32.33346503973007
256.0 32.284642696380615
257.0 32.25541818141937
258.0 32.353717625141144
259.0 32.39138799905777
260.0 32.437899112701416
261.0 32.55369305610657
262.0 32.65029102563858
263.0 32.67261290550232
264.0 32.782197296619415
265.0 32.86295294761658
266.0 32.94729298353195
267.0 33.15334343910217
268.0 33.16748046875
269.0 33.386303663253784
270.0 33.60349881649017
271.0 33.74081087112427
272.0 33.869771003723145
273.0 34.04594302177429
274.0 34.23776340484619
275.0 34.39661633968353
276.0 34.41844570636749
277.0 34.53437876701355
278.0 34.60815787315369
279.0 34.70824718475342
280.0 34.67005944252014
281.0 34.66827869415283
282.0 34.70380413532257
283.0 34.77427816390991
284.0 34.85439658164978
285.0 34.89299261569977
286.0 34.89825880527496
287.0 34.90789806842804
288.0 34.96412527561188
289.0 35.08940601348877
290.0 35.00540232658386
291.0 34.994889974594116
292.0 34.976348757743835
293.0 34.86762201786041
294.0 34.765061140060425
295.0 34.80192017555237
296.0 34.778271555900574
297.0 34.75570368766785
298.0 34.78806471824646
299.0 34.88518667221069
300.0 34.979129910469055
301.0 35.02146565914154
302.0 35.00401949882507
303.0 34.995073318481445
304.0 34.941521644592285
305.0 34.93761909008026
306.0 34.77880573272705
307.0 34.7840234041214
308.0 34.92235028743744
309.0 34.976070165634155
310.0 34.97557973861694
311.0 34.89586782455444
312.0 34.85226786136627
313.0 34.782376408576965
314.0 34.67154574394226
315.0 34.577009320259094
316.0 34.54448676109314
317.0 34.39785158634186
318.0 34.255133748054504
319.0 34.162179708480835
320.0 34.111557722091675
321.0 34.11099660396576
322.0 33.99085736274719
323.0 33.85473346710205
324.0 33.72511160373688
325.0 33.61534357070923
326.0 33.434214770793915
327.0 33.28767740726471
328.0 33.300683438777924
329.0 33.26258194446564
330.0 33.1820262670517
331.0 33.07307893037796
332.0 32.982470870018005
333.0 32.97471511363983
334.0 32.958764135837555
335.0 32.90922439098358
336.0 32.997725427150726
337.0 32.96271973848343
338.0 32.98200345039368
339.0 33.05518275499344
340.0 33.107803761959076
341.0 33.05451601743698
342.0 33.16143971681595
343.0 33.32353085279465
344.0 33.4162420630455
345.0 33.4782395362854
346.0 33.482980370521545
347.0 33.51761847734451
348.0 33.46703141927719
349.0 33.44640564918518
350.0 33.36690008640289
351.0 33.158040046691895
352.0 32.98581373691559
353.0 32.8468542098999
354.0 32.74799966812134
355.0 32.68798470497131
356.0 32.5766995549202
357.0 32.571510314941406
358.0 32.46656286716461
359.0 32.34391933679581
360.0 32.18167436122894
361.0 32.10904484987259
362.0 31.96557754278183
363.0 31.794069230556488
364.0 31.730671226978302
365.0 31.55705463886261
366.0 31.502750873565674
367.0 31.53053569793701
368.0 31.548421144485474
369.0 31.508051693439484
370.0 31.630070745944977
371.0 31.533190608024597
372.0 31.467291295528412
373.0 31.461558520793915
374.0 31.518994212150574
375.0 31.570067763328552
376.0 31.600396871566772
377.0 31.676742672920227
378.0 31.791692197322845
379.0 31.829075753688812
380.0 31.809007048606873
381.0 31.690743386745453
382.0 31.715204179286957
383.0 31.723053872585297
384.0 31.68787842988968
385.0 31.683522820472717
386.0 31.702252566814423
387.0 31.76859277486801
388.0 31.816786110401154
389.0 31.871710896492004
390.0 31.894840478897095
391.0 31.82083559036255
392.0 31.850079715251923
393.0 31.89467543363571
394.0 31.83849060535431
395.0 31.790845096111298
396.0 31.723163187503815
397.0 31.714036524295807
398.0 31.617581844329834
399.0 31.49721908569336
400.0 31.41140478849411
401.0 31.263148307800293
402.0 31.160857021808624
403.0 31.112306356430054
404.0 31.074032485485077
405.0 30.903589248657227
406.0 30.886700212955475
407.0 30.77507132291794
408.0 30.685862243175507
409.0 30.51407504081726
410.0 30.41298085451126
411.0 30.325832188129425
412.0 30.190778732299805
413.0 30.146669387817383
414.0 30.13356614112854
415.0 30.337935149669647
416.0 30.466068148612976
417.0 30.469526290893555
418.0 30.55217355489731
419.0 30.55328631401062
420.0 30.64668697118759
421.0 30.734294414520264
422.0 30.81934356689453
423.0 30.976841807365417
424.0 31.0905921459198
425.0 31.082306623458862
426.0 31.04952508211136
427.0 30.9453027844429
428.0 30.83180660009384
429.0 30.668531835079193
430.0 30.488647878170013
431.0 30.39087748527527
432.0 30.37667226791382
433.0 30.393744945526123
434.0 30.340730488300323
435.0 30.261784851551056
436.0 30.165977478027344
437.0 30.086709201335907
438.0 30.132027983665466
439.0 30.154888570308685
440.0 30.17697912454605
441.0 30.093396723270416
442.0 30.16602462530136
443.0 30.241215467453003
444.0 30.264847218990326
445.0 30.292000770568848
446.0 30.30541706085205
447.0 30.44873595237732
448.0 30.52476614713669
449.0 30.518814980983734
450.0 30.549054980278015
451.0 30.664862871170044
452.0 30.733303666114807
453.0 30.872000813484192
454.0 31.036979496479034
455.0 31.140951991081238
456.0 31.254697680473328
457.0 31.40951383113861
458.0 31.510553777217865
459.0 31.61419665813446
460.0 31.533820271492004
461.0 31.41159564256668
462.0 31.39737778902054
463.0 31.26715236902237
464.0 31.190863132476807
465.0 31.177393555641174
466.0 31.15876531600952
467.0 31.179540514945984
468.0 31.34380978345871
469.0 31.536620020866394
470.0 31.68150395154953
471.0 31.64435362815857
472.0 31.56988090276718
473.0 31.50256633758545
474.0 31.56399542093277
475.0 31.668095350265503
476.0 31.847907841205597
477.0 32.06822460889816
478.0 32.3725391626358
479.0 32.50298798084259
480.0 32.52514338493347
481.0 32.67666417360306
482.0 32.74723666906357
483.0 32.803870379924774
484.0 32.93479359149933
485.0 32.98595678806305
486.0 33.21629720926285
487.0 33.37049901485443
488.0 33.42987674474716
489.0 33.47212642431259
490.0 33.553875386714935
491.0 33.680298030376434
492.0 33.67047333717346
493.0 33.6791707277298
494.0 33.80326569080353
495.0 33.91867423057556
496.0 34.06130087375641
497.0 34.123775482177734
498.0 34.15742784738541
499.0 34.21154302358627
500.0 34.39336562156677
501.0 34.444825649261475
502.0 34.43390095233917
503.0 34.39523994922638
504.0 34.52535802125931
505.0 34.57925182580948
506.0 34.373260855674744
507.0 34.277072846889496
508.0 34.205286383628845
509.0 34.2585734128952
510.0 34.278042674064636
511.0 34.29786044359207
512.0 34.25147020816803
513.0 34.21661841869354
514.0 34.08990979194641
515.0 34.13219857215881
516.0 34.063859820365906
517.0 33.92618274688721
518.0 33.766037583351135
519.0 33.67581343650818
520.0 33.64395296573639
521.0 33.489248871803284
522.0 33.30633199214935
523.0 33.10268151760101
524.0 32.80460441112518
525.0 32.49854111671448
526.0 32.13812291622162
527.0 31.78782320022583
528.0 31.61249303817749
529.0 31.449252367019653
530.0 31.35107511281967
531.0 31.122327089309692
532.0 30.972890853881836
533.0 30.799428820610046
534.0 30.6592019200325
535.0 30.427505493164063
536.0 30.258302748203278
537.0 30.12199366092682
538.0 30.039749324321747
539.0 29.88688188791275
540.0 29.681794703006744
541.0 29.551544427871704
542.0 29.388958275318146
543.0 29.319794416427612
544.0 29.229121506214142
545.0 29.15384155511856
546.0 29.042429327964783
547.0 28.9470437169075
548.0 28.871099829673767
549.0 28.788423895835876
550.0 28.697206676006317
551.0 28.692180812358856
552.0 28.715296626091003
553.0 28.84443300962448
554.0 29.081846177577972
555.0 29.205836057662964
556.0 29.2910618185997
557.0 29.3054638504982
558.0 29.264371931552887
559.0 29.295453190803528
560.0 29.264071762561798
561.0 29.243100106716156
562.0 29.218856275081635
563.0 29.16595870256424
564.0 29.132951498031616
565.0 29.178021490573883
566.0 29.223589420318604
567.0 29.349464535713196
568.0 29.48159283399582
569.0 29.535426318645477
570.0 29.707764148712158
571.0 29.93739539384842
572.0 30.126417815685272
573.0 30.249140202999115
574.0 30.414030492305756
575.0 30.453890025615692
576.0 30.508446633815765
577.0 30.434689819812775
578.0 30.403182089328766
579.0 30.432742714881897
580.0 30.377939343452454
581.0 30.43040019273758
582.0 30.413417637348175
583.0 30.4146129488945
584.0 30.55513209104538
585.0 30.637292683124542
586.0 30.754437267780304
587.0 30.86673140525818
588.0 30.92921155691147
589.0 30.920945525169373
590.0 31.036028444767
591.0 31.154795467853546
592.0 31.282703518867493
593.0 31.37834471464157
594.0 31.422972857952118
595.0 31.384139358997345
596.0 31.419748604297638
597.0 31.473572611808777
598.0 31.470583081245422
599.0 31.433912873268127
600.0 31.37075561285019
601.0 31.34616196155548
602.0 31.34057331085205
603.0 31.419999718666077
604.0 31.440418660640717
605.0 31.37476271390915
606.0 31.26002722978592
607.0 31.206891298294067
608.0 31.20186138153076
609.0 31.217245519161224
610.0 31.210889101028442
611.0 31.23339933156967
612.0 31.247307419776917
613.0 31.08462482690811
614.0 30.96266770362854
615.0 30.847947239875793
616.0 30.70063591003418
617.0 30.594503343105316
618.0 30.586011111736298
619.0 30.606910705566406
620.0 30.805783808231354
621.0 30.837314784526825
622.0 30.68373018503189
623.0 30.554737627506256
624.0 30.385149478912354
625.0 30.275993287563324
626.0 30.071486949920654
627.0 29.799472749233246
628.0 29.604196548461914
629.0 29.325800359249115
630.0 28.99612295627594
631.0 28.767727613449097
632.0 28.74927169084549
633.0 28.712754547595978
634.0 28.7348872423172
635.0 28.680776476860046
636.0 28.492760062217712
637.0 28.309853672981262
638.0 28.133945882320404
639.0 27.944787859916687
640.0 27.840180099010468
641.0 27.810504019260406
642.0 27.74583077430725
643.0 27.501631557941437
644.0 27.270512759685516
645.0 27.115897595882416
646.0 27.059768855571747
647.0 27.010089337825775
648.0 26.92888832092285
649.0 26.807583391666412
650.0 26.762865662574768
651.0 26.563451826572418
652.0 26.40911316871643
653.0 26.298736035823822
654.0 26.212372303009033
655.0 26.000602304935455
656.0 25.8244788646698
657.0 25.598197400569916
658.0 25.452766835689545
659.0 25.42452734708786
660.0 25.333164930343628
661.0 25.303149163722992
662.0 25.17782074213028
663.0 25.212026834487915
664.0 25.190219581127167
665.0 25.129400372505188
666.0 25.016250610351563
667.0 24.74471229314804
668.0 24.516974449157715
669.0 24.325559735298157
670.0 24.194193124771118
671.0 24.021594524383545
672.0 23.871237337589264
673.0 23.71995782852173
674.0 23.602952003479004
675.0 23.465832114219666
676.0 23.219002425670624
677.0 23.05571472644806
678.0 22.936323702335358
679.0 22.752468526363373
680.0 22.588494420051575
681.0 22.30814564228058
682.0 22.12010967731476
683.0 22.025824189186096
684.0 21.8686420917511
685.0 21.835907995700836
686.0 21.801719963550568
687.0 21.817979216575623
688.0 21.841324031352997
689.0 21.84581422805786
690.0 21.836265087127686
691.0 21.80173534154892
692.0 21.664130091667175
693.0 21.64108097553253
694.0 21.544127225875854
695.0 21.503696978092194
696.0 21.47719556093216
697.0 21.52301734685898
698.0 21.587189555168152
699.0 21.670302391052246
700.0 21.731285452842712
701.0 21.706077575683594
702.0 21.79500550031662
703.0 21.981867015361786
704.0 22.104138553142548
705.0 22.31042319536209
706.0 22.51118952035904
707.0 22.750244736671448
708.0 23.066614151000977
709.0 23.205980002880096
710.0 23.519155859947205
711.0 23.75201988220215
712.0 23.99364173412323
713.0 24.182885825634003
714.0 24.286702573299408
715.0 24.403407037258148
716.0 24.633383333683014
717.0 24.81605952978134
718.0 24.970978319644928
719.0 25.20660835504532
720.0 25.298970758914948
721.0 25.44588327407837
722.0 25.476738333702087
723.0 25.54175114631653
724.0 25.593445301055908
725.0 25.603570878505707
726.0 25.638442277908325
727.0 25.62232482433319
728.0 25.584742307662964
729.0 25.471162915229797
730.0 25.35480445623398
731.0 25.2382510304451
732.0 25.160006880760193
733.0 25.22230750322342
734.0 25.29053682088852
735.0 25.394976377487183
736.0 25.45923900604248
737.0 25.462880313396454
738.0 25.5409152507782
739.0 25.56134730577469
740.0 25.66032838821411
741.0 25.79840326309204
742.0 25.876951277256012
743.0 26.000426173210144
744.0 25.981439352035522
745.0 25.93491619825363
746.0 25.972576022148132
747.0 26.008575558662415
748.0 25.93748116493225
749.0 25.906595528125763
750.0 25.801073908805847
751.0 25.75051385164261
752.0 25.77206563949585
753.0 25.70661026239395
754.0 25.592174530029297
755.0 25.577857613563538
756.0 25.58004856109619
757.0 25.562702417373657
758.0 25.461443305015564
759.0 25.488379538059235
760.0 25.44064897298813
761.0 25.433336675167084
762.0 25.476192355155945
763.0 25.44125145673752
764.0 25.434881031513214
765.0 25.33168238401413
766.0 25.33361792564392
767.0 25.329954087734222
768.0 25.3163303732872
769.0 25.333652436733246
770.0 25.38255214691162
771.0 25.388103485107422
772.0 25.38006854057312
773.0 25.34637576341629
774.0 25.257478773593903
775.0 25.254805505275726
776.0 25.25112110376358
777.0 25.21653378009796
778.0 25.227283477783203
779.0 25.290445625782013
780.0 25.29644066095352
781.0 25.34319794178009
782.0 25.4481104016304
783.0 25.52893376350403
784.0 25.586057603359222
785.0 25.65692263841629
786.0 25.792638957500458
787.0 26.000697433948517
788.0 26.21585577726364
789.0 26.41152560710907
790.0 26.566589415073395
791.0 26.792664349079132
792.0 26.985582649707794
793.0 27.146836578845978
794.0 27.301352083683014
795.0 27.40955013036728
796.0 27.515381455421448
797.0 27.644921958446503
798.0 27.816342532634735
799.0 27.937567174434662
800.0 28.17348074913025
801.0 28.502017855644226
802.0 28.496146142482758
803.0 28.682820916175842
804.0 28.886746048927307
805.0 29.06039923429489
806.0 29.218647241592407
807.0 29.294679582118988
808.0 29.52327162027359
809.0 29.769106328487396
810.0 30.044075787067413
811.0 30.211049735546112
812.0 30.376807928085327
813.0 30.52683264017105
814.0 30.598812580108643
815.0 30.742160260677338
816.0 30.81211918592453
817.0 30.92223685979843
818.0 30.96532529592514
819.0 30.95576912164688
820.0 30.98924994468689
821.0 31.07257091999054
822.0 31.304207742214203
823.0 31.423404276371002
824.0 31.502664268016815
825.0 31.665513515472412
826.0 31.805562257766724
827.0 31.89207148551941
828.0 31.968832552433014
829.0 32.10737144947052
830.0 32.12509983778
831.0 32.19714915752411
832.0 32.34949815273285
833.0 32.45150572061539
834.0 32.5409739613533
835.0 32.48342329263687
836.0 32.589951515197754
837.0 32.542281448841095
838.0 32.548491060733795
839.0 32.583981692790985
840.0 32.58921855688095
841.0 32.65304642915726
842.0 32.60837376117706
843.0 32.612771570682526
844.0 32.691737830638885
845.0 32.8239905834198
846.0 32.914817452430725
847.0 32.97148406505585
848.0 33.074057817459106
849.0 33.24443781375885
850.0 33.33381450176239
851.0 33.439340353012085
852.0 33.60842049121857
853.0 33.718483090400696
854.0 33.980427265167236
855.0 34.11261832714081
856.0 34.11280691623688
857.0 34.16710650920868
858.0 34.24044477939606
859.0 34.282888531684875
860.0 34.32528829574585
861.0 34.32997465133667
862.0 34.28370928764343
863.0 34.368141889572144
864.0 34.34428799152374
865.0 34.30061221122742
866.0 34.3822135925293
867.0 34.49117314815521
868.0 34.57801175117493
869.0 34.61708390712738
870.0 34.64955139160156
871.0 34.71511220932007
872.0 34.69250571727753
873.0 34.52284097671509
874.0 34.56051051616669
875.0 34.497639656066895
876.0 34.450942397117615
877.0 34.367037773132324
878.0 34.32529377937317
879.0 34.25062310695648
880.0 34.18328237533569
881.0 34.30332159996033
882.0 34.25233447551727
883.0 34.254059076309204
884.0 34.204753279685974
885.0 34.14686876535416
886.0 34.138649344444275
887.0 34.15526157617569
888.0 34.13173007965088
889.0 34.13693654537201
890.0 34.18507260084152
891.0 34.039287984371185
892.0 34.082875311374664
893.0 34.193139731884
894.0 34.47590887546539
895.0 34.64880359172821
896.0 34.782961666584015
897.0 34.84068489074707
898.0 34.99146521091461
899.0 35.16791820526123
900.0 35.362399101257324
901.0 35.51763713359833
902.0 35.664793968200684
903.0 35.84847831726074
904.0 36.01158797740936
905.0 36.08608937263489
906.0 36.33171784877777
907.0 36.41287887096405
908.0 36.42790472507477
909.0 36.20080530643463
910.0 36.289061069488525
911.0 36.40095889568329
912.0 36.45891451835632
913.0 36.638686180114746
914.0 36.7277090549469
915.0 36.756638288497925
916.0 36.763766407966614
917.0 36.723130226135254
918.0 36.57386898994446
919.0 36.62868070602417
920.0 36.691224694252014
921.0 36.697293400764465
922.0 36.768911242485046
923.0 36.8948335647583
924.0 36.94556438922882
925.0 36.930965185165405
926.0 36.899574995040894
927.0 36.76210916042328
928.0 36.721320271492004
929.0 36.78266084194183
930.0 36.86962068080902
931.0 36.86547100543976
932.0 36.93483126163483
933.0 37.006991028785706
934.0 37.208016753196716
935.0 37.233445167541504
936.0 37.33243811130524
937.0 37.40667378902435
938.0 37.50268578529358
939.0 37.69492304325104
940.0 37.910922169685364
941.0 38.035064458847046
942.0 38.14890480041504
943.0 38.24338984489441
944.0 38.1993008852005
945.0 38.12827551364899
946.0 38.20774960517883
947.0 38.203007102012634
948.0 38.38203036785126
949.0 38.453476786613464
950.0 38.699854135513306
951.0 38.79043745994568
952.0 38.79484820365906
953.0 38.69787919521332
954.0 38.49209022521973
955.0 38.42865979671478
956.0 38.410810232162476
957.0 38.34490525722504
958.0 38.264026284217834
959.0 38.190836668014526
960.0 38.158331990242004
961.0 37.91941595077515
962.0 37.916624665260315
963.0 37.716960072517395
964.0 37.70050668716431
965.0 37.83416700363159
966.0 37.95118820667267
967.0 37.94028162956238
968.0 37.82693803310394
969.0 37.78565549850464
970.0 37.708022713661194
971.0 37.54831111431122
972.0 37.44411325454712
973.0 37.35049510002136
974.0 37.28161180019379
975.0 37.13700819015503
976.0 37.090315103530884
977.0 37.03802263736725
978.0 36.92462337017059
979.0 36.89682447910309
980.0 36.93429780006409
981.0 37.023914217948914
982.0 37.08421349525452
983.0 37.1247855424881
984.0 37.245736598968506
985.0 37.362508058547974
986.0 37.42825543880463
987.0 37.53406524658203
988.0 37.648772835731506
989.0 37.7632600069046
990.0 37.794471859931946
991.0 37.96113467216492
992.0 38.18931329250336
993.0 38.32983708381653
994.0 38.47170305252075
995.0 38.63803565502167
996.0 38.713414430618286
997.0 38.78284823894501
998.0 38.800989270210266
999.0 38.56956136226654
1000.0 38.47347044944763
1001.0 38.48976528644562
1002.0 38.44287049770355
1003.0 38.46897208690643
1004.0 38.60858774185181
1005.0 38.70092058181763
1006.0 38.747652649879456
1007.0 38.817254304885864
1008.0 38.71529197692871
1009.0 38.81819689273834
1010.0 39.00349748134613
1011.0 39.204811573028564
1012.0 39.22922337055206
1013.0 39.226264238357544
1014.0 39.1659072637558
1015.0 39.115558385849
1016.0 39.066893100738525
1017.0 38.87208640575409
1018.0 38.63122606277466
1019.0 38.550955176353455
1020.0 38.40942466259003
1021.0 38.32948458194733
1022.0 38.388705372810364
1023.0 38.588608264923096
1024.0 38.78224718570709
1025.0 38.93234586715698
1026.0 39.03042423725128
1027.0 39.23110485076904
1028.0 39.45295298099518
1029.0 39.78771960735321
1030.0 40.137566685676575
1031.0 40.492589831352234
1032.0 40.706557512283325
1033.0 40.97906458377838
1034.0 41.2153400182724
1035.0 41.128679513931274
1036.0 41.25895035266876
1037.0 41.409830927848816
1038.0 41.570842146873474
1039.0 41.686790108680725
1040.0 41.7947541475296
1041.0 41.76692759990692
1042.0 41.84175145626068
1043.0 41.87388515472412
1044.0 41.784308314323425
1045.0 41.79085969924927
1046.0 41.78986179828644
1047.0 41.840283036231995
1048.0 41.823724150657654
1049.0 41.89453840255737
1050.0 41.86233699321747
1051.0 41.84659397602081
1052.0 41.86086332798004
1053.0 41.73716151714325
1054.0 41.7795490026474
1055.0 42.09292149543762
1056.0 42.310903429985046
1057.0 42.35838305950165
1058.0 42.3666934967041
1059.0 42.29265534877777
1060.0 42.287567496299744
1061.0 42.214415311813354
1062.0 42.32148492336273
1063.0 42.35905635356903
1064.0 42.46139204502106
1065.0 42.58969533443451
1066.0 42.6551718711853
1067.0 42.79132962226868
1068.0 42.80855679512024
1069.0 43.00314509868622
1070.0 43.14984202384949
1071.0 43.16504657268524
1072.0 43.18146073818207
1073.0 43.215383410453796
1074.0 43.30212688446045
1075.0 43.44641351699829
1076.0 43.47100520133972
1077.0 43.4439502954483
1078.0 43.49125814437866
1079.0 43.432339787483215
1080.0 43.327738881111145
1081.0 43.23435652256012
1082.0 43.09446835517883
1083.0 43.05930578708649
1084.0 43.05940794944763
1085.0 43.04367768764496
1086.0 43.06507134437561
1087.0 43.332003593444824
1088.0 43.28389000892639
1089.0 43.21630382537842
1090.0 43.284252643585205
1091.0 43.273099064826965
1092.0 43.46770250797272
1093.0 43.549381375312805
1094.0 43.67719638347626
1095.0 43.48915469646454
1096.0 43.4873046875
1097.0 43.411006450653076
1098.0 43.3826322555542
1099.0 43.40222465991974
1100.0 43.299580574035645
1101.0 43.2289582490921
1102.0 43.30686056613922
1103.0 43.26637351512909
1104.0 43.22649681568146
1105.0 43.18994677066803
1106.0 43.12086308002472
1107.0 43.3061386346817
1108.0 43.530781388282776
1109.0 43.7618373632431
1110.0 43.88782739639282
1111.0 44.024468660354614
1112.0 44.0525838136673
1113.0 44.18048346042633
1114.0 44.313979148864746
1115.0 44.25455462932587
1116.0 44.48921072483063
1117.0 44.63191497325897
1118.0 44.77155804634094
1119.0 44.94953095912933
1120.0 45.068222522735596
1121.0 45.135037422180176
1122.0 45.25760102272034
1123.0 45.309396862983704
1124.0 45.20331037044525
1125.0 45.27918028831482
1126.0 45.411195039749146
1127.0 45.51747012138367
1128.0 45.49873721599579
1129.0 45.6257289648056
1130.0 45.78729593753815
1131.0 45.91424536705017
1132.0 46.090004324913025
1133.0 46.02924346923828
1134.0 46.11756706237793
1135.0 46.274383544921875
1136.0 46.27235448360443
1137.0 46.32850360870361
1138.0 46.29214119911194
1139.0 46.41576564311981
1140.0 46.49263525009155
1141.0 46.62912452220917
1142.0 46.460729479789734
1143.0 46.410343647003174
1144.0 46.27123022079468
1145.0 46.048256039619446
1146.0 45.925169587135315
1147.0 45.810017228126526
1148.0 45.76857578754425
1149.0 45.658499360084534
1150.0 45.67671346664429
1151.0 45.55213940143585
1152.0 45.46575915813446
1153.0 45.4084267616272
1154.0 45.52525353431702
1155.0 45.45054507255554
1156.0 45.54279279708862
1157.0 45.52211678028107
1158.0 45.47104513645172
1159.0 45.50249361991882
1160.0 45.53037369251251
1161.0 45.630398988723755
1162.0 45.71175169944763
1163.0 45.70077681541443
1164.0 45.70280170440674
1165.0 45.700266003608704
1166.0 45.613800048828125
1167.0 45.58489441871643
1168.0 45.666781425476074
1169.0 45.54481649398804
1170.0 45.588613510131836
1171.0 45.513108015060425
1172.0 45.46496295928955
1173.0 45.44482696056366
1174.0 45.31551647186279
1175.0 45.26360762119293
1176.0 45.27775740623474
1177.0 45.283451080322266
1178.0 45.10035693645477
1179.0 45.03670072555542
1180.0 45.004531383514404
1181.0 44.890265703201294
1182.0 44.831822752952576
1183.0 44.861820578575134
1184.0 44.75689899921417
1185.0 44.72912645339966
1186.0 44.79606580734253
1187.0 44.73805916309357
1188.0 44.809521079063416
1189.0 44.89947772026062
1190.0 44.930882930755615
1191.0 44.99595379829407
1192.0 45.02411878108978
1193.0 44.99056577682495
1194.0 45.09661090373993
1195.0 45.25671660900116
1196.0 45.275869607925415
1197.0 45.311182260513306
1198.0 45.352458119392395
1199.0 45.41606247425079
1200.0 45.42524206638336
1201.0 45.47456133365631
1202.0 45.54394042491913
1203.0 45.59515297412872
1204.0 45.74842917919159
1205.0 45.620601415634155
1206.0 45.44549095630646
1207.0 45.38577163219452
1208.0 45.324604988098145
1209.0 45.26622748374939
1210.0 45.22947072982788
1211.0 45.16862642765045
1212.0 45.096351742744446
1213.0 45.034825563430786
1214.0 44.781540513038635
1215.0 44.708165407180786
1216.0 44.65134406089783
1217.0 44.44982206821442
1218.0 44.25988149642944
1219.0 44.16942310333252
1220.0 44.04542303085327
1221.0 43.746848464012146
1222.0 43.60165345668793
1223.0 43.22818446159363
1224.0 43.13087058067322
1225.0 42.977410197257996
1226.0 42.87586510181427
1227.0 42.7896728515625
1228.0 42.68647027015686
1229.0 42.576340436935425
1230.0 42.5616888999939
1231.0 42.47685217857361
1232.0 42.39987075328827
1233.0 42.29576015472412
1234.0 42.30836081504822
1235.0 42.25498449802399
1236.0 42.18632674217224
1237.0 42.043506026268005
1238.0 41.905306816101074
1239.0 41.95294761657715
1240.0 41.962812185287476
1241.0 42.00247013568878
1242.0 41.98259079456329
1243.0 41.844175815582275
1244.0 41.63945496082306
1245.0 41.44515335559845
1246.0 41.2297306060791
1247.0 41.011311531066895
1248.0 40.84869301319122
1249.0 40.675456404685974
1250.0 40.79426348209381
1251.0 40.761396527290344
1252.0 40.62323009967804
1253.0 40.65648925304413
1254.0 40.654616355895996
1255.0 40.62756025791168
1256.0 40.49031674861908
1257.0 40.36853229999542
1258.0 40.15016460418701
1259.0 39.972233295440674
1260.0 39.72932422161102
1261.0 39.49922561645508
1262.0 39.29891347885132
1263.0 39.05429494380951
1264.0 38.86074995994568
1265.0 38.85050427913666
1266.0 38.86660885810852
1267.0 38.84583580493927
1268.0 38.9406658411026
1269.0 38.96641004085541
1270.0 39.12375771999359
1271.0 39.412742495536804
1272.0 39.674781918525696
1273.0 39.88491475582123
1274.0 40.00795030593872
1275.0 40.20928776264191
1276.0 40.291059136390686
1277.0 40.420358180999756
1278.0 40.33590269088745
1279.0 40.19187414646149
1280.0 40.03611671924591
1281.0 39.924086570739746
1282.0 39.875954389572144
1283.0 39.718597292900085
1284.0 39.576220989227295
1285.0 39.53005373477936
1286.0 39.59973657131195
1287.0 39.8271050453186
1288.0 39.96406352519989
1289.0 40.07632827758789
1290.0 40.22546100616455
1291.0 40.26509761810303
1292.0 40.211658239364624
1293.0 40.0543075799942
1294.0 39.84685933589935
1295.0 39.73655378818512
1296.0 39.69614255428314
1297.0 39.58167099952698
1298.0 39.541993260383606
1299.0 39.49836814403534
1300.0 39.58286416530609
1301.0 39.59999680519104
1302.0 39.34690821170807
1303.0 39.006678104400635
1304.0 38.91442918777466
1305.0 38.74334967136383
1306.0 38.69192838668823
1307.0 38.48563599586487
1308.0 38.38095700740814
1309.0 38.2606076002121
1310.0 38.17531943321228
1311.0 37.95652687549591
1312.0 37.868430972099304
1313.0 37.80246424674988
1314.0 37.66475284099579
1315.0 37.46423053741455
1316.0 37.228875041007996
1317.0 37.14526450634003
1318.0 37.12217378616333
1319.0 37.03151023387909
1320.0 36.92504858970642
1321.0 36.848140597343445
1322.0 36.80207121372223
1323.0 36.680570125579834
1324.0 36.64922535419464
1325.0 36.63973021507263
1326.0 36.66063416004181
1327.0 36.64698135852814
1328.0 36.648611545562744
1329.0 36.801446199417114
1330.0 36.8091105222702
1331.0 37.02568578720093
1332.0 37.17402994632721
1333.0 37.11543643474579
1334.0 37.035918951034546
1335.0 37.07464420795441
1336.0 37.14332163333893
1337.0 37.095890164375305
1338.0 36.89172148704529
1339.0 36.7319872379303
1340.0 36.51783800125122
1341.0 36.44497537612915
1342.0 36.36484253406525
1343.0 36.44171738624573
1344.0 36.442626953125
1345.0 36.35982275009155
1346.0 36.32941234111786
1347.0 36.15104806423187
1348.0 36.107264161109924
1349.0 35.93102717399597
1350.0 35.76963555812836
1351.0 35.453383564949036
1352.0 35.1438707113266
1353.0 34.95209455490112
1354.0 34.73633873462677
1355.0 34.57771718502045
1356.0 34.48671841621399
1357.0 34.408737778663635
1358.0 34.37109589576721
1359.0 34.37075662612915
1360.0 34.35221076011658
1361.0 34.278274178504944
1362.0 34.19457566738129
1363.0 34.09608459472656
1364.0 33.94692242145538
1365.0 33.85359859466553
1366.0 33.83523631095886
1367.0 33.738264083862305
1368.0 33.660765171051025
1369.0 33.794450521469116
1370.0 33.826695561409
1371.0 33.823999524116516
1372.0 33.81490242481232
1373.0 33.86443054676056
1374.0 33.84673190116882
1375.0 33.91307604312897
1376.0 33.98549258708954
1377.0 34.02154529094696
1378.0 34.0375474691391
1379.0 34.049859285354614
1380.0 33.989344239234924
1381.0 34.015852093696594
1382.0 34.068570256233215
1383.0 34.12360417842865
1384.0 34.262617230415344
1385.0 34.24003982543945
1386.0 34.29301452636719
1387.0 34.28980898857117
1388.0 34.303216218948364
1389.0 34.30839025974274
1390.0 34.30497169494629
1391.0 34.32598161697388
1392.0 34.43451726436615
1393.0 34.396448493003845
1394.0 34.37579810619354
1395.0 34.311259746551514
1396.0 34.313512325286865
1397.0 34.37693119049072
1398.0 34.3398402929306
1399.0 34.30019557476044
1400.0 34.231218457221985
1401.0 34.121785163879395
1402.0 33.98456621170044
1403.0 33.83864414691925
1404.0 33.69353377819061
1405.0 33.55650758743286
1406.0 33.463102996349335
1407.0 33.4370893239975
1408.0 33.402229487895966
1409.0 33.31793689727783
1410.0 33.30199706554413
1411.0 33.24223458766937
1412.0 33.05187028646469
1413.0 32.90699589252472
1414.0 32.787805020809174
1415.0 32.7166690826416
1416.0 32.663736283779144
1417.0 32.70208698511124
1418.0 32.5639226436615
1419.0 32.45830279588699
1420.0 32.36593276262283
1421.0 32.27774381637573
1422.0 32.155789732933044
1423.0 31.986639261245728
1424.0 31.907074809074402
1425.0 31.761627912521362
1426.0 31.632045447826385
1427.0 31.454613029956818
1428.0 31.28341418504715
1429.0 30.813629686832428
1430.0 30.38917076587677
1431.0 30.05781716108322
1432.0 29.793456971645355
1433.0 29.419686138629913
1434.0 29.145132422447205
1435.0 28.889788568019867
1436.0 28.68572336435318
1437.0 28.58885508775711
1438.0 28.592763364315033
1439.0 28.57363325357437
1440.0 28.55393475294113
1441.0 28.559635758399963
1442.0 28.63818073272705
1443.0 28.598446011543274
1444.0 28.467526018619537
1445.0 28.244520366191864
1446.0 28.107956290245056
1447.0 28.054702818393707
1448.0 28.119672656059265
1449.0 28.19208735227585
1450.0 28.138818383216858
1451.0 28.164449214935303
1452.0 28.100801646709442
1453.0 28.049569725990295
1454.0 27.964317977428436
1455.0 27.84164184331894
1456.0 27.668921530246735
1457.0 27.379870533943176
1458.0 27.09464782476425
1459.0 26.999489903450012
1460.0 26.923335433006287
1461.0 26.831303775310516
1462.0 26.58568960428238
1463.0 26.303838431835175
1464.0 25.998762905597687
1465.0 25.749515414237976
1466.0 25.578000485897064
1467.0 25.448821663856506
1468.0 25.22246754169464
1469.0 24.924970746040344
1470.0 24.752282202243805
1471.0 24.697720289230347
1472.0 24.636782348155975
1473.0 24.533784091472626
1474.0 24.254988849163055
1475.0 23.970925509929657
1476.0 23.66059637069702
1477.0 23.299142122268677
1478.0 23.06976181268692
1479.0 22.807871460914612
1480.0 22.638334333896637
1481.0 22.516320765018463
1482.0 22.393560767173767
1483.0 22.185675024986267
1484.0 22.147847950458527
1485.0 22.183036029338837
1486.0 22.219560980796814
1487.0 22.134270012378693
1488.0 22.060662627220154
1489.0 21.90823668241501
1490.0 21.883457005023956
1491.0 21.709188103675842
1492.0 21.469101190567017
1493.0 21.329966843128204
1494.0 21.201681077480316
1495.0 21.008658230304718
1496.0 20.782786786556244
1497.0 20.391167104244232
1498.0 19.98931211233139
1499.0 19.55317395925522
1500.0 19.013092637062073
1501.0 18.73010927438736
1502.0 18.5762882232666
1503.0 18.42954683303833
1504.0 18.31598025560379
1505.0 18.241224229335785
1506.0 18.014857709407806
1507.0 17.740680932998657
1508.0 17.62065714597702
1509.0 17.435642182826996
1510.0 17.220457911491394
1511.0 17.007743149995804
1512.0 16.780721098184586
1513.0 16.605956971645355
1514.0 16.476321548223495
1515.0 16.341008692979813
1516.0 16.2225743830204
1517.0 16.12858495116234
1518.0 15.942712783813477
1519.0 15.726542979478836
1520.0 15.532738745212555
1521.0 15.29862767457962
1522.0 15.100107282400131
1523.0 14.907003104686737
1524.0 14.705518275499344
1525.0 14.603598922491074
1526.0 14.410731017589569
1527.0 14.152022272348404
1528.0 13.859241217374802
1529.0 13.658230364322662
1530.0 13.450877040624619
1531.0 13.215450018644333
1532.0 12.973561495542526
1533.0 12.697451114654541
1534.0 12.348896205425262
1535.0 12.088108390569687
1536.0 11.84919360280037
1537.0 11.882467597723007
1538.0 11.888394832611084
1539.0 11.919416755437851
1540.0 11.869050532579422
1541.0 11.86491534113884
1542.0 11.828218340873718
1543.0 11.787748873233795
1544.0 11.739372730255127
1545.0 11.597890019416809
1546.0 11.463125824928284
1547.0 11.276626974344254
1548.0 11.169367969036102
1549.0 11.108122915029526
1550.0 11.106574803590775
1551.0 11.096707314252853
1552.0 11.064691841602325
1553.0 11.0143463909626
1554.0 10.959129065275192
1555.0 10.830400884151459
1556.0 10.773107647895813
1557.0 10.73154217004776
1558.0 10.697994947433472
1559.0 10.686109393835068
1560.0 10.681094288825989
1561.0 10.717693030834198
1562.0 10.708876132965088
1563.0 10.7223279774189
1564.0 10.671363890171051
1565.0 10.637502402067184
1566.0 10.618880450725555
1567.0 10.553570121526718
1568.0 10.488654464483261
1569.0 10.420733481645584
1570.0 10.392713367938995
1571.0 10.364146918058395
1572.0 10.337912440299988
1573.0 10.260030686855316
1574.0 10.162278950214386
1575.0 10.109389185905457
1576.0 10.0260608792305
1577.0 9.972867667675018
1578.0 9.883249282836914
1579.0 9.780642181634903
1580.0 9.717952013015747
1581.0 9.6542948782444
1582.0 9.557523012161255
1583.0 9.494872659444809
1584.0 9.372240632772446
1585.0 9.25502923130989
1586.0 9.144238024950027
1587.0 9.051341116428375
1588.0 8.922478795051575
1589.0 8.795867174863815
1590.0 8.648812234401703
1591.0 8.560375213623047
1592.0 8.443361222743988
1593.0 8.364469692111015
1594.0 8.275685891509056
1595.0 8.210801526904106
1596.0 8.094423472881317
1597.0 8.025039240717888
1598.0 7.904087662696838
1599.0 7.80420646071434
1600.0 7.739029079675674
1601.0 7.652839437127113
1602.0 7.637892201542854
1603.0 7.601912423968315
1604.0 7.5326163321733475
1605.0 7.44818502664566
1606.0 7.350794568657875
1607.0 7.260528668761253
1608.0 7.160507768392563
1609.0 7.140281826257706
1610.0 7.0860415399074554
1611.0 7.034520149230957
1612.0 6.997293367981911
1613.0 6.989260360598564
1614.0 7.018790572881699
1615.0 6.993408516049385
1616.0 6.945152774453163
1617.0 6.896584242582321
1618.0 6.841266170144081
1619.0 6.860308811068535
1620.0 6.8786842077970505
1621.0 6.9106457978487015
1622.0 6.908032685518265
1623.0 6.954415187239647
1624.0 6.938400611281395
1625.0 6.913956746459007
1626.0 6.90402364730835
1627.0 6.885526642203331
1628.0 6.8844791650772095
1629.0 6.834871008992195
1630.0 6.829637601971626
1631.0 6.8238381296396255
1632.0 6.81079226732254
1633.0 6.819013863801956
1634.0 6.786896452307701
1635.0 6.736297652125359
1636.0 6.747804030776024
1637.0 6.792505592107773
1638.0 6.793870285153389
1639.0 6.798794224858284
1640.0 6.836996361613274
1641.0 6.914612859487534
1642.0 6.930341422557831
1643.0 6.918598428368568
1644.0 6.905964747071266
1645.0 6.903000354766846
1646.0 6.905773103237152
1647.0 6.945163533091545
1648.0 6.9375089854002
1649.0 6.931500315666199
1650.0 6.924794942140579
1651.0 6.879813984036446
1652.0 6.817191779613495
1653.0 6.739144131541252
1654.0 6.724540129303932
1655.0 6.7008365243673325
1656.0 6.687375411391258
1657.0 6.6749557107687
1658.0 6.68249848484993
1659.0 6.675594747066498
1660.0 6.650614380836487
1661.0 6.600669547915459
1662.0 6.54804539680481
1663.0 6.495990097522736
1664.0 6.498192846775055
1665.0 6.5154410898685455
1666.0 6.507943645119667
1667.0 6.544852122664452
1668.0 6.5746560245752335
1669.0 6.5825005620718
1670.0 6.569539919495583
1671.0 6.537091687321663
1672.0 6.508564531803131
1673.0 6.517515271902084
1674.0 6.536393851041794
1675.0 6.523365378379822
1676.0 6.494553849101067
1677.0 6.48149099946022
1678.0 6.473380193114281
1679.0 6.492922142148018
1680.0 6.462734192609787
1681.0 6.465708255767822
1682.0 6.480661153793335
1683.0 6.49854151904583
1684.0 6.506935298442841
1685.0 6.508731633424759
1686.0 6.513263046741486
1687.0 6.500046297907829
1688.0 6.456211045384407
1689.0 6.424529075622559
1690.0 6.370906502008438
1691.0 6.358812868595123
1692.0 6.343094781041145
1693.0 6.285911068320274
1694.0 6.245603382587433
1695.0 6.217839330434799
1696.0 6.1244912296533585
1697.0 6.07493557035923
1698.0 6.011149078607559
1699.0 5.9673202484846115
1700.0 5.945548787713051
1701.0 5.941498756408691
1702.0 5.943222016096115
1703.0 5.926934450864792
1704.0 5.915849968791008
1705.0 5.879624307155609
1706.0 5.862984240055084
1707.0 5.81951642036438
1708.0 5.805693358182907
1709.0 5.754302531480789
1710.0 5.732275113463402
1711.0 5.678845107555389
1712.0 5.679490730166435
1713.0 5.683490365743637
1714.0 5.658957153558731
1715.0 5.631385758519173
1716.0 5.569069877266884
1717.0 5.515422910451889
1718.0 5.514519855380058
1719.0 5.484454229474068
1720.0 5.45266018807888
1721.0 5.39416329562664
1722.0 5.341976076364517
1723.0 5.341576963663101
1724.0 5.282171741127968
1725.0 5.2501319497823715
1726.0 5.2198856472969055
1727.0 5.187338933348656
1728.0 5.169475585222244
1729.0 5.110417976975441
1730.0 5.043759256601334
1731.0 4.962505012750626
1732.0 4.917367205023766
1733.0 4.87711176276207
1734.0 4.867127180099487
1735.0 4.871257945895195
1736.0 4.861915081739426
1737.0 4.876184463500977
1738.0 4.896892383694649
1739.0 4.901723176240921
1740.0 4.880245700478554
1741.0 4.915597319602966
1742.0 4.90100859105587
1743.0 4.8951412588357925
1744.0 4.926839783787727
1745.0 4.926891818642616
1746.0 4.920568332076073
1747.0 4.90085269510746
1748.0 4.84148097038269
1749.0 4.826561152935028
1750.0 4.79552187025547
1751.0 4.799810737371445
1752.0 4.716381058096886
1753.0 4.6616606414318085
1754.0 4.63407501578331
1755.0 4.577965691685677
1756.0 4.556205049157143
1757.0 4.521961078047752
1758.0 4.481963157653809
1759.0 4.425429478287697
1760.0 4.395300507545471
1761.0 4.3738682717084885
1762.0 4.350959956645966
1763.0 4.377474248409271
1764.0 4.400667995214462
1765.0 4.448045313358307
1766.0 4.476935714483261
1767.0 4.5416054874658585
1768.0 4.581445977091789
1769.0 4.642189651727676
1770.0 4.689611315727234
1771.0 4.753677472472191
1772.0 4.7759658098220825
1773.0 4.771415412425995
1774.0 4.758319303393364
1775.0 4.755004957318306
1776.0 4.752575844526291
1777.0 4.725912362337112
1778.0 4.705523982644081
1779.0 4.651317447423935
1780.0 4.66406923532486
1781.0 4.644167870283127
1782.0 4.632593750953674
1783.0 4.6207264214754105
1784.0 4.607723459601402
1785.0 4.536466792225838
1786.0 4.463399827480316
1787.0 4.419901415705681
1788.0 4.375445231795311
1789.0 4.37395153939724
1790.0 4.364605739712715
1791.0 4.349092036485672
1792.0 4.360495015978813
1793.0 4.3773446679115295
1794.0 4.4017686396837234
1795.0 4.423168167471886
1796.0 4.403095543384552
1797.0 4.397215619683266
1798.0 4.4247883558273315
1799.0 4.42668142914772
1800.0 4.454834207892418
1801.0 4.4945569932460785
1802.0 4.526412025094032
1803.0 4.588852062821388
1804.0 4.647776827216148
1805.0 4.699186727404594
1806.0 4.734428912401199
1807.0 4.700999930500984
1808.0 4.707144007086754
1809.0 4.714884281158447
1810.0 4.69808292388916
1811.0 4.714796856045723
1812.0 4.768145561218262
1813.0 4.827313601970673
1814.0 4.90291228890419
1815.0 4.953432232141495
1816.0 5.00246387720108
1817.0 4.98812098801136
1818.0 4.97528775036335
1819.0 4.986531749367714
1820.0 5.011791795492172
1821.0 5.011773869395256
1822.0 5.030603006482124
1823.0 5.074993267655373
1824.0 5.083721697330475
1825.0 5.100766211748123
1826.0 5.096254125237465
1827.0 5.148701369762421
1828.0 5.171330228447914
1829.0 5.171224445104599
1830.0 5.181303858757019
1831.0 5.17420020699501
1832.0 5.1893559992313385
1833.0 5.208037003874779
1834.0 5.210261270403862
1835.0 5.2689381539821625
1836.0 5.3253620862960815
1837.0 5.355989098548889
1838.0 5.3852172791957855
1839.0 5.396479219198227
1840.0 5.416617348790169
1841.0 5.451992020010948
1842.0 5.467532470822334
1843.0 5.4517661184072495
1844.0 5.457896575331688
1845.0 5.445806488394737
1846.0 5.425122082233429
1847.0 5.4077848345041275
1848.0 5.390708535909653
1849.0 5.41237273812294
1850.0 5.406907945871353
1851.0 5.443266570568085
1852.0 5.436067596077919
1853.0 5.458875447511673
1854.0 5.5005263686180115
1855.0 5.533335566520691
1856.0 5.578805893659592
1857.0 5.6016650795936584
1858.0 5.6144148260355
1859.0 5.667896643280983
1860.0 5.690190389752388
1861.0 5.734208256006241
1862.0 5.736150220036507
1863.0 5.751842096447945
1864.0 5.709038317203522
1865.0 5.656885713338852
1866.0 5.6038693487644196
1867.0 5.567021667957306
1868.0 5.528671249747276
1869.0 5.479706048965454
1870.0 5.449072331190109
1871.0 5.422000929713249
1872.0 5.401301681995392
1873.0 5.353649273514748
1874.0 5.315634772181511
1875.0 5.294918209314346
1876.0 5.289805680513382
1877.0 5.27456896007061
1878.0 5.2511162757873535
1879.0 5.2204238176345825
1880.0 5.174590989947319
1881.0 5.1647593677043915
1882.0 5.109673112630844
1883.0 5.052686974406242
1884.0 4.9880001693964005
1885.0 4.964822843670845
1886.0 4.977055832743645
1887.0 4.986305356025696
1888.0 4.951358318328857
1889.0 4.935912400484085
1890.0 4.92176878452301
1891.0 4.935200706124306
1892.0 4.930438384413719
1893.0 4.909706175327301
1894.0 4.881735071539879
1895.0 4.866994485259056
1896.0 4.811571270227432
1897.0 4.805788516998291
1898.0 4.822721853852272
1899.0 4.833726301789284
1900.0 4.848893538117409
1901.0 4.849801957607269
1902.0 4.843265309929848
1903.0 4.845315411686897
1904.0 4.832436740398407
1905.0 4.848255604505539
1906.0 4.82840496301651
1907.0 4.809879973530769
1908.0 4.77056784927845
1909.0 4.768558531999588
1910.0 4.762790769338608
1911.0 4.748713627457619
1912.0 4.7421253472566605
1913.0 4.7422966957092285
1914.0 4.795397847890854
1915.0 4.810485512018204
1916.0 4.821431905031204
1917.0 4.854458183050156
1918.0 4.892846122384071
1919.0 4.927502319216728
1920.0 4.985423728823662
1921.0 4.9945069551467896
1922.0 5.047997429966927
1923.0 5.0419102013111115
1924.0 5.030749171972275
1925.0 5.027248278260231
1926.0 5.044953182339668
1927.0 5.06357479095459
1928.0 5.073492035269737
1929.0 5.097899898886681
1930.0 5.102507129311562
1931.0 5.102356851100922
1932.0 5.13697350025177
1933.0 5.1474383026361465
1934.0 5.195751130580902
1935.0 5.189691975712776
1936.0 5.212865620851517
1937.0 5.245213761925697
1938.0 5.226149708032608
1939.0 5.194018974900246
1940.0 5.139625012874603
1941.0 5.128186002373695
1942.0 5.107228145003319
1943.0 5.123529717326164
1944.0 5.180114343762398
1945.0 5.203166365623474
1946.0 5.200803726911545
1947.0 5.20469705760479
1948.0 5.177972540259361
1949.0 5.177977308630943
1950.0 5.178809642791748
1951.0 5.17976513504982
1952.0 5.19649250805378
1953.0 5.2279322296381
1954.0 5.221116527915001
1955.0 5.194676399230957
1956.0 5.217524901032448
1957.0 5.2222883105278015
1958.0 5.241939768195152
1959.0 5.261377811431885
1960.0 5.3208727687597275
1961.0 5.342244774103165
1962.0 5.359096989035606
1963.0 5.36634986102581
1964.0 5.372096478939056
1965.0 5.370927408337593
1966.0 5.386866554617882
1967.0 5.398696571588516
1968.0 5.384872615337372
1969.0 5.377761363983154
1970.0 5.369844898581505
1971.0 5.366120129823685
1972.0 5.341440051794052
1973.0 5.31525731086731
1974.0 5.312504515051842
1975.0 5.278189957141876
1976.0 5.271860137581825
1977.0 5.307686269283295
1978.0 5.359948948025703
1979.0 5.415854230523109
1980.0 5.474292054772377
1981.0 5.536520600318909
1982.0 5.58650341629982
1983.0 5.63207034766674
1984.0 5.6697428822517395
1985.0 5.678953513503075
1986.0 5.664644405245781
1987.0 5.66437891125679
1988.0 5.68829220533371
1989.0 5.713333144783974
1990.0 5.717721059918404
1991.0 5.703877881169319
1992.0 5.689024850726128
1993.0 5.681897297501564
1994.0 5.639722913503647
1995.0 5.630679875612259
1996.0 5.641045153141022
1997.0 5.604257866740227
1998.0 5.584216222167015
1999.0 5.589552998542786
2000.0 5.574564680457115
2001.0 5.56461426615715
2002.0 5.553502485156059
2003.0 5.559400901198387
2004.0 5.572529777884483
2005.0 5.57271283864975
2006.0 5.585624545812607
2007.0 5.564565196633339
2008.0 5.539094880223274
2009.0 5.535343140363693
2010.0 5.528308689594269
2011.0 5.545927003026009
2012.0 5.630730405449867
2013.0 5.680052548646927
2014.0 5.744182854890823
2015.0 5.827567622065544
2016.0 5.877771303057671
2017.0 5.894292905926704
2018.0 5.900173768401146
2019.0 5.899017110466957
2020.0 5.905244544148445
2021.0 5.891661062836647
2022.0 5.909150376915932
2023.0 5.992247864603996
2024.0 6.059976696968079
2025.0 6.108930826187134
2026.0 6.1499035358428955
2027.0 6.172056272625923
2028.0 6.16255247592926
2029.0 6.150681182742119
2030.0 6.1439739763736725
2031.0 6.177331253886223
2032.0 6.1518534719944
2033.0 6.162623420357704
2034.0 6.147200033068657
2035.0 6.147435650229454
2036.0 6.159655958414078
2037.0 6.179937034845352
2038.0 6.182072460651398
2039.0 6.167639195919037
2040.0 6.158808305859566
2041.0 6.178557112812996
2042.0 6.184646710753441
2043.0 6.160885527729988
2044.0 6.142164349555969
2045.0 6.112255290150642
2046.0 6.090304911136627
2047.0 6.087283283472061
2048.0 6.070290565490723
2049.0 6.073295250535011
2050.0 6.03121118247509
2051.0 6.0259276032447815
2052.0 6.001943364739418
2053.0 5.981305867433548
2054.0 5.907605618238449
2055.0 5.881853461265564
2056.0 5.8640246987342834
2057.0 5.866282746195793
2058.0 5.832783669233322
2059.0 5.871797114610672
2060.0 5.932130500674248
2061.0 5.986628606915474
2062.0 6.05373115837574
2063.0 6.0568331480026245
2064.0 6.1217953115701675
2065.0 6.132418245077133
2066.0 6.137762203812599
2067.0 6.1536958664655685
2068.0 6.2092980444431305
2069.0 6.220160096883774
2070.0 6.2152863293886185
2071.0 6.19421298801899
2072.0 6.221519693732262
2073.0 6.229475095868111
2074.0 6.283287435770035
2075.0 6.314506769180298
2076.0 6.361577928066254
2077.0 6.378717914223671
2078.0 6.392880991101265
2079.0 6.368408441543579
2080.0 6.316233918070793
2081.0 6.342962145805359
2082.0 6.375506281852722
2083.0 6.463250815868378
2084.0 6.565010040998459
2085.0 6.66247071325779
2086.0 6.756026208400726
2087.0 6.774025484919548
2088.0 6.805160120129585
2089.0 6.81155264377594
2090.0 6.835732400417328
2091.0 6.848328456282616
2092.0 6.902506157755852
2093.0 6.887687832117081
2094.0 6.862525820732117
2095.0 6.785721734166145
2096.0 6.75833848118782
2097.0 6.734097808599472
2098.0 6.67089869081974
2099.0 6.649931833148003
2100.0 6.674278646707535
2101.0 6.648344621062279
2102.0 6.650942534208298
2103.0 6.61546865105629
2104.0 6.624075174331665
2105.0 6.6343411058187485
2106.0 6.679048299789429
2107.0 6.710019633173943
2108.0 6.718328341841698
2109.0 6.761840462684631
2110.0 6.773112282156944
2111.0 6.722755387425423
2112.0 6.713962897658348
2113.0 6.702099531888962
2114.0 6.695887669920921
2115.0 6.707009240984917
2116.0 6.737373650074005
2117.0 6.772439509630203
2118.0 6.77575871348381
2119.0 6.762945711612701
2120.0 6.746777355670929
2121.0 6.712653294205666
2122.0 6.6902443915605545
2123.0 6.628299057483673
2124.0 6.6585396230220795
2125.0 6.651534631848335
2126.0 6.642869785428047
2127.0 6.64353446662426
2128.0 6.656349986791611
2129.0 6.657795712351799
2130.0 6.668669521808624
2131.0 6.66482900083065
2132.0 6.713359475135803
2133.0 6.713824704289436
2134.0 6.733182728290558
2135.0 6.781586021184921
2136.0 6.788430139422417
2137.0 6.830139592289925
2138.0 6.913103759288788
2139.0 6.962142631411552
2140.0 6.977637693285942
2141.0 7.092215448617935
2142.0 7.1719683557748795
2143.0 7.206498712301254
2144.0 7.255287662148476
2145.0 7.264589726924896
2146.0 7.249691992998123
2147.0 7.209309905767441
2148.0 7.20353576540947
2149.0 7.170777752995491
2150.0 7.1682107746601105
2151.0 7.157703638076782
2152.0 7.143704041838646
2153.0 7.1456834226846695
2154.0 7.156118288636208
2155.0 7.254275977611542
2156.0 7.285949662327766
2157.0 7.336069360375404
2158.0 7.336690217256546
2159.0 7.308501124382019
2160.0 7.320511296391487
2161.0 7.359814882278442
2162.0 7.361429139971733
2163.0 7.4009043872356415
2164.0 7.3812470734119415
2165.0 7.3713622987270355
2166.0 7.35611067712307
2167.0 7.3501265943050385
2168.0 7.337417811155319
2169.0 7.271624535322189
2170.0 7.1868088990449905
2171.0 7.141468167304993
2172.0 7.129799515008926
2173.0 7.088673412799835
2174.0 7.089849203824997
2175.0 7.10343511402607
2176.0 7.150987803936005
2177.0 7.15923972427845
2178.0 7.102743104100227
2179.0 7.065017595887184
2180.0 7.0485216826200485
2181.0 7.038480699062347
2182.0 7.018173053860664
2183.0 6.973713219165802
2184.0 6.978611156344414
2185.0 6.988026514649391
2186.0 7.006846636533737
2187.0 7.01644267141819
2188.0 7.042752727866173
2189.0 7.05345818400383
2190.0 7.06718185544014
2191.0 7.157159045338631
2192.0 7.1931328028440475
2193.0 7.216588944196701
2194.0 7.262987449765205
2195.0 7.318965971469879
2196.0 7.3089238703250885
2197.0 7.371259719133377
2198.0 7.392011001706123
2199.0 7.392024859786034
2200.0 7.405601844191551
2201.0 7.454583078622818
2202.0 7.5085340440273285
2203.0 7.56397557258606
2204.0 7.62357060611248
2205.0 7.663424029946327
2206.0 7.700136065483093
2207.0 7.776360362768173
2208.0 7.849569454789162
2209.0 7.911840155720711
2210.0 7.9233885407447815
2211.0 7.9601567685604095
2212.0 8.010372176766396
2213.0 8.100135579705238
2214.0 8.134494438767433
2215.0 8.194364935159683
2216.0 8.239030063152313
2217.0 8.278649970889091
2218.0 8.31653106212616
2219.0 8.383917585015297
2220.0 8.493016511201859
2221.0 8.617812499403954
2222.0 8.695836290717125
2223.0 8.780131876468658
2224.0 8.861186802387238
2225.0 8.969275951385498
2226.0 9.084730178117752
2227.0 9.184958189725876
2228.0 9.265421688556671
2229.0 9.358279079198837
2230.0 9.468202710151672
2231.0 9.562546998262405
2232.0 9.590095341205597
2233.0 9.590079963207245
2234.0 9.593319147825241
2235.0 9.580061882734299
2236.0 9.581563770771027
2237.0 9.645984470844269
2238.0 9.689772069454193
2239.0 9.73217111825943
2240.0 9.757774114608765
2241.0 9.764349699020386
2242.0 9.730430632829666
2243.0 9.705352008342743
2244.0 9.690388947725296
2245.0 9.674416601657867
2246.0 9.623190760612488
2247.0 9.596102356910706
2248.0 9.593357473611832
2249.0 9.649343580007553
2250.0 9.61430338025093
2251.0 9.59171050786972
2252.0 9.523701310157776
2253.0 9.465017259120941
2254.0 9.46056604385376
2255.0 9.466728061437607
2256.0 9.522688746452332
2257.0 9.51331576704979
2258.0 9.518198698759079
2259.0 9.524107575416565
2260.0 9.508750051259995
2261.0 9.49539178609848
2262.0 9.496856421232224
2263.0 9.47142443060875
2264.0 9.463168352842331
2265.0 9.513414412736893
2266.0 9.566230297088623
2267.0 9.592863261699677
2268.0 9.557225108146667
2269.0 9.561387062072754
2270.0 9.587429165840149
2271.0 9.62563145160675
2272.0 9.630881369113922
2273.0 9.650635302066803
2274.0 9.72699385881424
2275.0 9.762292236089706
2276.0 9.775273144245148
2277.0 9.723996460437775
2278.0 9.709927558898926
2279.0 9.768815726041794
2280.0 9.772293359041214
2281.0 9.685430735349655
2282.0 9.680341452360153
2283.0 9.669754773378372
2284.0 9.673332512378693
2285.0 9.697240591049194
2286.0 9.703429967164993
2287.0 9.742908120155334
2288.0 9.789821177721024
2289.0 9.814677476882935
2290.0 9.818688422441483
2291.0 9.831010937690735
2292.0 9.80367025732994
2293.0 9.804839700460434
2294.0 9.82903590798378
2295.0 9.83521780371666
2296.0 9.787596315145493
2297.0 9.764350265264511
2298.0 9.750708639621735
2299.0 9.779195994138718
2300.0 9.795178383588791
2301.0 9.817087024450302
2302.0 9.922950387001038
2303.0 10.018397510051727
2304.0 10.109831184148788
2305.0 10.179901272058487
2306.0 10.271350115537643
2307.0 10.374538987874985
2308.0 10.384043186903
2309.0 10.46342322230339
2310.0 10.518123835325241
2311.0 10.61607563495636
2312.0 10.68036213517189
2313.0 10.741265594959259
2314.0 10.810550838708878
2315.0 10.897877812385559
2316.0 10.936843603849411
2317.0 10.907902836799622
2318.0 10.954234629869461
2319.0 10.976244539022446
2320.0 10.994614392518997
2321.0 11.010879755020142
2322.0 10.969551593065262
2323.0 10.988479018211365
2324.0 11.015216588973999
2325.0 11.052089542150497
2326.0 11.149841755628586
2327.0 11.22966131567955
2328.0 11.272691369056702
2329.0 11.362934082746506
2330.0 11.469357550144196
2331.0 11.547681093215942
2332.0 11.594000190496445
2333.0 11.647030293941498
2334.0 11.661834180355072
2335.0 11.742991358041763
2336.0 11.801741361618042
2337.0 11.820284843444824
2338.0 11.884600162506104
2339.0 11.91671559214592
2340.0 11.896734178066254
2341.0 11.971767842769623
2342.0 11.961297035217285
2343.0 11.917583972215652
2344.0 11.891186088323593
2345.0 11.860722243785858
2346.0 11.870404779911041
2347.0 11.887440830469131
2348.0 12.006517708301544
2349.0 12.08724620938301
2350.0 12.178793519735336
2351.0 12.23801988363266
2352.0 12.27345359325409
2353.0 12.363756686449051
2354.0 12.480874210596085
2355.0 12.564344704151154
2356.0 12.673374891281128
2357.0 12.745693325996399
2358.0 12.894395858049393
2359.0 13.016335278749466
2360.0 13.05394184589386
2361.0 13.191565185785294
2362.0 13.200355291366577
2363.0 13.274061471223831
2364.0 13.339381754398346
2365.0 13.39588862657547
2366.0 13.403581619262695
2367.0 13.458300828933716
2368.0 13.456800729036331
2369.0 13.518506795167923
2370.0 13.617769718170166
2371.0 13.579553931951523
2372.0 13.573915958404541
2373.0 13.596964597702026
2374.0 13.583632171154022
2375.0 13.606997668743134
2376.0 13.580698639154434
2377.0 13.62029054760933
2378.0 13.665948152542114
2379.0 13.682009786367416
2380.0 13.637149214744568
2381.0 13.667535036802292
2382.0 13.64991146326065
2383.0 13.640450716018677
2384.0 13.685793578624725
2385.0 13.681353896856308
2386.0 13.715938240289688
2387.0 13.658656030893326
2388.0 13.63936510682106
2389.0 13.671570211648941
2390.0 13.678354620933533
2391.0 13.65510156750679
2392.0 13.67377257347107
2393.0 13.633410692214966
2394.0 13.60224249958992
2395.0 13.678495466709137
2396.0 13.681949347257614
2397.0 13.710987150669098
2398.0 13.662741005420685
2399.0 13.630630671977997
2400.0 13.592285752296448
2401.0 13.485299229621887
2402.0 13.48004561662674
2403.0 13.45814824104309
2404.0 13.398279845714569
2405.0 13.42269840836525
2406.0 13.453988701105118
2407.0 13.517670214176178
2408.0 13.580615937709808
2409.0 13.634263157844543
2410.0 13.679782688617706
2411.0 13.68639886379242
2412.0 13.700645118951797
2413.0 13.736524224281311
2414.0 13.692850917577744
2415.0 13.655107617378235
2416.0 13.60288017988205
2417.0 13.544457137584686
2418.0 13.504733175039291
2419.0 13.472243428230286
2420.0 13.403840869665146
2421.0 13.402659714221954
2422.0 13.30885499715805
2423.0 13.24652236700058
2424.0 13.250778764486313
2425.0 13.216683894395828
2426.0 13.179955422878265
2427.0 13.097186297178268
2428.0 13.043570458889008
2429.0 13.025052398443222
2430.0 12.998248487710953
2431.0 12.997075140476227
2432.0 13.031577944755554
2433.0 13.053387820720673
2434.0 13.016176223754883
2435.0 13.018071979284286
2436.0 13.01596188545227
2437.0 13.007029116153717
2438.0 12.986429035663605
2439.0 13.068429082632065
2440.0 13.120430201292038
2441.0 13.136315673589706
2442.0 13.118461966514587
2443.0 13.073441565036774
2444.0 13.031311929225922
2445.0 12.987753421068192
2446.0 12.969564884901047
2447.0 12.94933158159256
2448.0 12.955985337495804
2449.0 13.002086460590363
2450.0 13.03191477060318
2451.0 13.086473941802979
2452.0 13.115018546581268
2453.0 13.14192658662796
2454.0 13.160206139087677
2455.0 13.16658017039299
2456.0 13.11951556801796
2457.0 13.078460842370987
2458.0 13.15272805094719
2459.0 13.154771745204926
2460.0 13.091394245624542
2461.0 13.033839344978333
2462.0 13.006112307310104
2463.0 13.018153816461563
2464.0 13.046361297369003
2465.0 13.045669704675674
2466.0 13.033168107271194
2467.0 13.107174903154373
2468.0 13.201990991830826
2469.0 13.303111284971237
2470.0 13.400840699672699
2471.0 13.480619251728058
2472.0 13.576959103345871
2473.0 13.635124206542969
2474.0 13.65929326415062
2475.0 13.679482102394104
2476.0 13.722655862569809
2477.0 13.761860251426697
2478.0 13.799125045537949
2479.0 13.835585862398148
2480.0 13.84355714917183
2481.0 13.886295825242996
2482.0 13.903404712677002
2483.0 13.930114418268204
2484.0 13.989859819412231
2485.0 14.12481838464737
2486.0 14.1430062353611
2487.0 14.163818448781967
2488.0 14.187535375356674
2489.0 14.181444019079208
2490.0 14.232409685850143
2491.0 14.236507028341293
2492.0 14.24610099196434
2493.0 14.2937613427639
2494.0 14.276554614305496
2495.0 14.377528071403503
2496.0 14.413169711828232
2497.0 14.475593090057373
2498.0 14.538588464260101
2499.0 14.576780825853348
2500.0 14.593468487262726
2501.0 14.581322312355042
2502.0 14.590180963277817
2503.0 14.54287537932396
2504.0 14.626219391822815
2505.0 14.614327043294907
2506.0 14.614337235689163
2507.0 14.605616092681885
2508.0 14.60031071305275
2509.0 14.61660611629486
2510.0 14.613347977399826
2511.0 14.625995755195618
2512.0 14.701615244150162
2513.0 14.688093394041061
2514.0 14.7028568983078
2515.0 14.709563106298447
2516.0 14.659159064292908
2517.0 14.687906265258789
2518.0 14.756047815084457
2519.0 14.734805971384048
2520.0 14.674586683511734
2521.0 14.691571444272995
2522.0 14.727534502744675
2523.0 14.721280753612518
2524.0 14.73717150092125
2525.0 14.725967079401016
2526.0 14.722282022237778
2527.0 14.723406940698624
2528.0 14.652914851903915
2529.0 14.645655661821365
2530.0 14.686333119869232
2531.0 14.724167615175247
2532.0 14.742112040519714
2533.0 14.767762571573257
2534.0 14.771211117506027
2535.0 14.772692829370499
2536.0 14.771638989448547
2537.0 14.783025115728378
2538.0 14.78153282403946
2539.0 14.784967213869095
2540.0 14.763465583324432
2541.0 14.730987459421158
2542.0 14.739612489938736
2543.0 14.745124250650406
2544.0 14.739904046058655
2545.0 14.707308113574982
2546.0 14.72706812620163
2547.0 14.77513325214386
2548.0 14.773487567901611
2549.0 14.74288883805275
2550.0 14.779712051153183
2551.0 14.765017122030258
2552.0 14.746578603982925
2553.0 14.730704754590988
2554.0 14.72760072350502
2555.0 14.728961050510406
2556.0 14.68505311012268
2557.0 14.685624778270721
2558.0 14.617730677127838
2559.0 14.550545126199722
2560.0 14.574620485305786
2561.0 14.551270127296448
2562.0 14.533374845981598
2563.0 14.519766360521317
2564.0 14.505739241838455
2565.0 14.508580297231674
2566.0 14.526183158159256
2567.0 14.573491781949997
2568.0 14.529613137245178
2569.0 14.49157264828682
2570.0 14.446199595928192
2571.0 14.405111998319626
2572.0 14.351104259490967
2573.0 14.343241512775421
2574.0 14.355794847011566
2575.0 14.30391040444374
2576.0 14.28559398651123
2577.0 14.26510176062584
2578.0 14.203316450119019
2579.0 14.195642173290253
2580.0 14.174100190401077
2581.0 14.136900424957275
2582.0 14.100023120641708
2583.0 14.081746309995651
2584.0 14.045468956232071
2585.0 14.010389387607574
2586.0 14.001797050237656
2587.0 13.989796042442322
2588.0 14.022502601146698
2589.0 14.01555871963501
2590.0 14.011518269777298
2591.0 13.996894538402557
2592.0 13.983494371175766
2593.0 13.92941901087761
2594.0 13.885961681604385
2595.0 13.88632881641388
2596.0 13.86439597606659
2597.0 13.812890261411667
2598.0 13.792061895132065
2599.0 13.776270747184753
2600.0 13.800745844841003
2601.0 13.699191570281982
2602.0 13.634700804948807
2603.0 13.62579733133316
2604.0 13.629733681678772
2605.0 13.613749623298645
2606.0 13.562428146600723
2607.0 13.563252478837967
2608.0 13.54869818687439
2609.0 13.491271048784256
2610.0 13.475599020719528
2611.0 13.41112568974495
2612.0 13.399839609861374
2613.0 13.368379473686218
2614.0 13.323175489902496
2615.0 13.294874459505081
2616.0 13.229380875825882
2617.0 13.253842443227768
2618.0 13.281558334827423
2619.0 13.255868405103683
2620.0 13.260560780763626
2621.0 13.272138208150864
2622.0 13.284269124269485
2623.0 13.28748744726181
2624.0 13.272887498140335
2625.0 13.261675268411636
2626.0 13.321809768676758
2627.0 13.30013757944107
2628.0 13.288995683193207
2629.0 13.293234527111053
2630.0 13.23168495297432
2631.0 13.229432851076126
2632.0 13.202239274978638
2633.0 13.253208428621292
2634.0 13.299887329339981
2635.0 13.274450421333313
2636.0 13.241516888141632
2637.0 13.258957952260971
2638.0 13.280712515115738
2639.0 13.282237619161606
2640.0 13.308825492858887
2641.0 13.241517275571823
2642.0 13.276084870100021
2643.0 13.305334895849228
2644.0 13.332580775022507
2645.0 13.318783402442932
2646.0 13.29134863615036
2647.0 13.280734568834305
2648.0 13.294167459011078
2649.0 13.381346374750137
2650.0 13.388136476278305
2651.0 13.398624777793884
2652.0 13.401612937450409
2653.0 13.393857955932617
2654.0 13.388503938913345
2655.0 13.393361061811447
2656.0 13.291589230298996
2657.0 13.257422029972076
2658.0 13.252561748027802
2659.0 13.236072957515717
2660.0 13.236925274133682
2661.0 13.224404603242874
2662.0 13.209855884313583
2663.0 13.23121702671051
2664.0 13.2347052693367
2665.0 13.249441266059875
2666.0 13.26637777686119
2667.0 13.292718678712845
2668.0 13.318499952554703
2669.0 13.313409984111786
2670.0 13.30369782447815
2671.0 13.30074280500412
2672.0 13.285282701253891
2673.0 13.323949068784714
2674.0 13.277158588171005
2675.0 13.241728574037552
2676.0 13.20258355140686
2677.0 13.203772157430649
2678.0 13.157653510570526
2679.0 13.132531344890594
2680.0 13.088413178920746
2681.0 13.031940221786499
2682.0 13.0076704621315
2683.0 12.939635932445526
2684.0 12.901185542345047
2685.0 12.920414060354233
2686.0 12.922248721122742
2687.0 12.940456986427307
2688.0 12.910023212432861
2689.0 12.950950473546982
2690.0 12.97174859046936
2691.0 12.964001208543777
2692.0 12.98941108584404
2693.0 12.973142713308334
2694.0 12.945517301559448
2695.0 12.961317777633667
2696.0 12.951799601316452
2697.0 12.966306239366531
2698.0 13.016566216945648
2699.0 13.067184656858444
2700.0 13.049650609493256
2701.0 13.037898153066635
2702.0 13.018675684928894
2703.0 12.986447632312775
2704.0 12.940892457962036
2705.0 12.914271116256714
2706.0 12.897201895713806
2707.0 12.846282631158829
2708.0 12.823798656463623
2709.0 12.839890897274017
2710.0 12.837326914072037
2711.0 12.77537715435028
2712.0 12.791015833616257
2713.0 12.803080826997757
2714.0 12.815584182739258
2715.0 12.807744830846786
2716.0 12.839153498411179
2717.0 12.839876145124435
2718.0 12.866473734378815
2719.0 12.856174349784851
2720.0 12.84044435620308
2721.0 12.832758665084839
2722.0 12.801873654127121
2723.0 12.824469268321991
2724.0 12.820063143968582
2725.0 12.770003288984299
2726.0 12.710498660802841
2727.0 12.715396642684937
2728.0 12.62596806883812
2729.0 12.522660046815872
2730.0 12.46386206150055
2731.0 12.391201198101044
2732.0 12.345289826393127
2733.0 12.385620474815369
2734.0 12.38002997636795
2735.0 12.376569867134094
2736.0 12.334371775388718
2737.0 12.337470889091492
2738.0 12.328291416168213
2739.0 12.292017638683319
2740.0 12.27471774816513
2741.0 12.27138552069664
2742.0 12.241887271404266
2743.0 12.237440258264542
2744.0 12.287870794534683
2745.0 12.284051775932312
2746.0 12.344581812620163
2747.0 12.330186367034912
2748.0 12.3160200715065
2749.0 12.301115185022354
2750.0 12.31135281920433
2751.0 12.331680476665497
2752.0 12.399543792009354
2753.0 12.381177932024002
2754.0 12.416231453418732
2755.0 12.427846491336823
2756.0 12.452095866203308
2757.0 12.487488180398941
2758.0 12.452403753995895
2759.0 12.423055797815323
2760.0 12.425464510917664
2761.0 12.436258137226105
2762.0 12.437613844871521
2763.0 12.399720162153244
2764.0 12.400376319885254
2765.0 12.351856231689453
2766.0 12.315805464982986
2767.0 12.300262838602066
2768.0 12.300193697214127
2769.0 12.250723719596863
2770.0 12.219991266727448
2771.0 12.253370016813278
2772.0 12.233138233423233
2773.0 12.211681723594666
2774.0 12.226190358400345
2775.0 12.239626079797745
2776.0 12.287176996469498
2777.0 12.252909243106842
2778.0 12.223950207233429
2779.0 12.251936078071594
2780.0 12.273975819349289
2781.0 12.272815227508545
2782.0 12.270713597536087
2783.0 12.258768945932388
2784.0 12.275677680969238
2785.0 12.23853787779808
2786.0 12.254721641540527
2787.0 12.210482031106949
2788.0 12.212692737579346
2789.0 12.202623397111893
2790.0 12.211450308561325
2791.0 12.21755439043045
2792.0 12.19239491224289
2793.0 12.201526820659637
2794.0 12.222139805555344
2795.0 12.171885341405869
2796.0 12.157099068164825
2797.0 12.081405282020569
2798.0 12.087538629770279
2799.0 12.105067729949951
2800.0 12.061497658491135
2801.0 12.080540180206299
2802.0 12.094987601041794
2803.0 12.063149809837341
2804.0 12.015368402004242
2805.0 11.97308161854744
2806.0 11.979054003953934
2807.0 11.997730880975723
2808.0 11.948822528123856
2809.0 11.918918162584305
2810.0 11.95183277130127
2811.0 11.969634801149368
2812.0 12.043321758508682
2813.0 12.018940389156342
2814.0 11.960941553115845
2815.0 11.995508581399918
2816.0 12.000237435102463
2817.0 11.97456207871437
2818.0 11.98424407839775
2819.0 11.98551595211029
2820.0 11.965944230556488
2821.0 11.936443388462067
2822.0 11.914322286844254
2823.0 11.918134212493896
2824.0 11.942010700702667
2825.0 11.835818707942963
2826.0 11.832383275032043
2827.0 11.848359495401382
2828.0 11.924105376005173
2829.0 11.92371529340744
2830.0 11.87775531411171
2831.0 11.910396128892899
2832.0 11.899410605430603
2833.0 11.859203070402145
2834.0 11.839252173900604
2835.0 11.807545512914658
2836.0 11.795510351657867
2837.0 11.80950739979744
2838.0 11.809672564268112
2839.0 11.77118393778801
2840.0 11.695813924074173
2841.0 11.656495153903961
2842.0 11.673406451940536
2843.0 11.67208930850029
2844.0 11.649352878332138
2845.0 11.685589462518692
2846.0 11.70477882027626
2847.0 11.740249037742615
2848.0 11.739679008722305
2849.0 11.806223839521408
2850.0 11.796416193246841
2851.0 11.763657331466675
2852.0 11.782572597265244
2853.0 11.791899472475052
2854.0 11.80796417593956
2855.0 11.820456206798553
2856.0 11.819469809532166
2857.0 11.802421689033508
2858.0 11.811658650636673
2859.0 11.83205184340477
2860.0 11.782342970371246
2861.0 11.79681795835495
2862.0 11.785107851028442
2863.0 11.767807394266129
2864.0 11.742857486009598
2865.0 11.715662747621536
2866.0 11.669571876525879
2867.0 11.699839979410172
2868.0 11.683283358812332
2869.0 11.65916708111763
2870.0 11.64833414554596
2871.0 11.633588641881943
2872.0 11.64635545015335
2873.0 11.656513631343842
2874.0 11.678815305233002
2875.0 11.679834693670273
2876.0 11.639837771654129
2877.0 11.64972472190857
2878.0 11.651942908763885
2879.0 11.62901172041893
2880.0 11.651066958904266
2881.0 11.634260535240173
2882.0 11.651596367359161
2883.0 11.65012577176094
2884.0 11.628091990947723
2885.0 11.635189354419708
2886.0 11.65009954571724
2887.0 11.651006817817688
2888.0 11.639863193035126
2889.0 11.66306248307228
2890.0 11.623769640922546
2891.0 11.685291707515717
2892.0 11.683725863695145
2893.0 11.718048691749573
2894.0 11.721386760473251
2895.0 11.735911428928375
2896.0 11.752817034721375
2897.0 11.697903722524643
2898.0 11.73429262638092
2899.0 11.730543434619904
2900.0 11.686285436153412
2901.0 11.680590778589249
2902.0 11.677221715450287
2903.0 11.674515694379807
2904.0 11.654695987701416
2905.0 11.670592278242111
2906.0 11.667110681533813
2907.0 11.688261985778809
2908.0 11.632400631904602
2909.0 11.656186789274216
2910.0 11.673872649669647
2911.0 11.67949965596199
2912.0 11.69795435667038
2913.0 11.669252216815948
2914.0 11.719332933425903
2915.0 11.684932857751846
2916.0 11.663429379463196
2917.0 11.644319325685501
2918.0 11.664281070232391
2919.0 11.662693858146667
2920.0 11.641047894954681
2921.0 11.667239725589752
2922.0 11.685597151517868
2923.0 11.67715036869049
2924.0 11.68705153465271
2925.0 11.690444082021713
2926.0 11.710812330245972
2927.0 11.729385912418365
2928.0 11.735389590263367
2929.0 11.721632152795792
2930.0 11.734432727098465
2931.0 11.712249457836151
2932.0 11.721958935260773
2933.0 11.725955784320831
2934.0 11.7635018825531
2935.0 11.77797219157219
2936.0 11.744271576404572
2937.0 11.769912153482437
2938.0 11.779082149267197
2939.0 11.788079172372818
2940.0 11.793817043304443
2941.0 11.799183964729309
2942.0 11.785357862710953
2943.0 11.771771222352982
2944.0 11.82044991850853
2945.0 11.779108136892319
2946.0 11.775023311376572
2947.0 11.789673924446106
2948.0 11.754237532615662
2949.0 11.738870650529861
2950.0 11.74879902601242
2951.0 11.784304112195969
2952.0 11.779504716396332
2953.0 11.74946179986
2954.0 11.78632801771164
2955.0 11.806423842906952
2956.0 11.793965250253677
2957.0 11.764448583126068
2958.0 11.710954695940018
2959.0 11.70638683438301
2960.0 11.724669367074966
2961.0 11.705611646175385
2962.0 11.680275052785873
2963.0 11.690272182226181
2964.0 11.658855110406876
2965.0 11.69154468178749
2966.0 11.681224763393402
2967.0 11.642628133296967
2968.0 11.615540385246277
2969.0 11.597769796848297
2970.0 11.591800421476364
2971.0 11.57093957066536
2972.0 11.582332909107208
2973.0 11.560278505086899
2974.0 11.542395889759064
2975.0 11.520385205745697
2976.0 11.495380908250809
2977.0 11.52035003900528
2978.0 11.522469907999039
2979.0 11.492064982652664
2980.0 11.49332371354103
2981.0 11.474869191646576
2982.0 11.479286402463913
2983.0 11.494135409593582
2984.0 11.482588082551956
2985.0 11.482393890619278
2986.0 11.500027984380722
2987.0 11.49656593799591
2988.0 11.508017718791962
2989.0 11.518623411655426
2990.0 11.52561005949974
2991.0 11.558274000883102
2992.0 11.550484299659729
2993.0 11.534932643175125
2994.0 11.561300277709961
2995.0 11.583965599536896
2996.0 11.550695180892944
2997.0 11.578213095664978
2998.0 11.584899693727493
2999.0 11.592332690954208
3000.0 11.603669822216034
3001.0 11.593078315258026
3002.0 11.602079570293427
3003.0 11.593535661697388
3004.0 11.57849195599556
3005.0 11.55252468585968
3006.0 11.51334261894226
3007.0 11.511886060237885
3008.0 11.514412373304367
3009.0 11.474618643522263
3010.0 11.45937129855156
3011.0 11.42836645245552
3012.0 11.427369982004166
3013.0 11.434637039899826
3014.0 11.405550867319107
3015.0 11.370986431837082
3016.0 11.397850722074509
3017.0 11.348233431577682
3018.0 11.33198493719101
3019.0 11.31363621354103
3020.0 11.322725504636765
3021.0 11.26180386543274
3022.0 11.212097257375717
3023.0 11.164749830961227
3024.0 11.136771529912949
3025.0 11.116524130105972
3026.0 11.086552053689957
3027.0 11.059971451759338
3028.0 11.01834961771965
3029.0 10.99697008728981
3030.0 10.95869243144989
3031.0 10.997618347406387
3032.0 10.968510240316391
3033.0 10.914213806390762
3034.0 10.916881829500198
3035.0 10.899102330207825
3036.0 10.893855541944504
3037.0 10.854837983846664
3038.0 10.84453570842743
3039.0 10.816474288702011
3040.0 10.812956035137177
3041.0 10.783557683229446
3042.0 10.729040682315826
3043.0 10.753569275140762
3044.0 10.760030061006546
3045.0 10.763379603624344
3046.0 10.760246902704239
3047.0 10.722113072872162
3048.0 10.734869092702866
3049.0 10.709951967000961
3050.0 10.729244083166122
3051.0 10.718707948923111
3052.0 10.690014719963074
3053.0 10.671212881803513
3054.0 10.695373386144638
3055.0 10.665820360183716
3056.0 10.677631169557571
3057.0 10.694332927465439
3058.0 10.683676421642303
3059.0 10.670054882764816
3060.0 10.653494715690613
3061.0 10.683506816625595
3062.0 10.70138069987297
3063.0 10.697738736867905
3064.0 10.653748959302902
3065.0 10.680247843265533
3066.0 10.689201951026917
3067.0 10.668563544750214
3068.0 10.653101950883865
3069.0 10.644324243068695
3070.0 10.642344295978546
3071.0 10.618757516145706
3072.0 10.61114963889122
3073.0 10.600425213575363
3074.0 10.605793863534927
3075.0 10.595656484365463
3076.0 10.596967548131943
3077.0 10.612337052822113
3078.0 10.606584548950195
3079.0 10.621745139360428
3080.0 10.597058802843094
3081.0 10.559478431940079
3082.0 10.545133739709854
3083.0 10.549593955278397
3084.0 10.566707760095596
3085.0 10.53647866845131
3086.0 10.527304768562317
3087.0 10.527938783168793
3088.0 10.535402327775955
3089.0 10.520198971033096
3090.0 10.528483510017395
3091.0 10.559612154960632
3092.0 10.54725730419159
3093.0 10.523663878440857
3094.0 10.559784471988678
3095.0 10.574126720428467
3096.0 10.58012443780899
3097.0 10.572696954011917
3098.0 10.587455838918686
3099.0 10.584668546915054
3100.0 10.572695195674896
3101.0 10.584833770990372
3102.0 10.594644367694855
3103.0 10.656509131193161
3104.0 10.610984146595001
3105.0 10.583811074495316
3106.0 10.572886437177658
3107.0 10.563860297203064
3108.0 10.56898620724678
3109.0 10.56458979845047
3110.0 10.540809541940689
3111.0 10.54025286436081
3112.0 10.527229964733124
3113.0 10.510261237621307
3114.0 10.521514922380447
3115.0 10.495220631361008
3116.0 10.479045569896698
3117.0 10.478808492422104
3118.0 10.447317868471146
3119.0 10.435413807630539
3120.0 10.426242053508759
3121.0 10.415637642145157
3122.0 10.413316577672958
3123.0 10.401611477136612
3124.0 10.427707850933075
3125.0 10.397291630506516
3126.0 10.403789788484573
3127.0 10.391242682933807
3128.0 10.426551699638367
3129.0 10.43712404370308
3130.0 10.462355852127075
3131.0 10.431743800640106
3132.0 10.42049252986908
3133.0 10.427926898002625
3134.0 10.439474433660507
3135.0 10.443275958299637
3136.0 10.448708802461624
3137.0 10.449634671211243
3138.0 10.446035534143448
3139.0 10.417613834142685
3140.0 10.44750714302063
3141.0 10.459079265594482
3142.0 10.428450375795364
3143.0 10.438504219055176
3144.0 10.420433312654495
3145.0 10.450038582086563
3146.0 10.440568447113037
3147.0 10.423255831003189
3148.0 10.446627646684647
3149.0 10.429017961025238
3150.0 10.410023123025894
3151.0 10.384674370288849
3152.0 10.397145748138428
3153.0 10.352973699569702
3154.0 10.364026427268982
3155.0 10.365325570106506
3156.0 10.36663156747818
3157.0 10.388203889131546
3158.0 10.413707345724106
3159.0 10.383044123649597
3160.0 10.346236109733582
3161.0 10.331589102745056
3162.0 10.335977762937546
3163.0 10.345158904790878
3164.0 10.334866017103195
3165.0 10.312581211328506
3166.0 10.29537171125412
3167.0 10.303236663341522
3168.0 10.272120982408524
3169.0 10.255630403757095
3170.0 10.239562213420868
3171.0 10.221436142921448
3172.0 10.233235776424408
3173.0 10.226860225200653
3174.0 10.224485993385315
3175.0 10.23180341720581
3176.0 10.23472911119461
3177.0 10.233310610055923
3178.0 10.248447239398956
3179.0 10.237193048000336
3180.0 10.201334238052368
3181.0 10.18836310505867
3182.0 10.161729127168655
3183.0 10.150044322013855
3184.0 10.175863534212112
3185.0 10.170028179883957
3186.0 10.188180178403854
3187.0 10.164298504590988
3188.0 10.111098945140839
3189.0 10.126240968704224
3190.0 10.11125162243843
3191.0 10.150176256895065
3192.0 10.12611386179924
3193.0 10.158035725355148
3194.0 10.127213329076767
3195.0 10.162863671779633
3196.0 10.093006312847137
3197.0 10.083474457263947
3198.0 10.101054847240448
3199.0 10.131690233945847
3200.0 10.118770509958267
3201.0 10.139668047428131
3202.0 10.113161414861679
3203.0 10.116342723369598
3204.0 10.101540267467499
3205.0 10.08217903971672
3206.0 10.07007572054863
3207.0 10.068325906991959
3208.0 10.045785456895828
3209.0 10.000277727842331
3210.0 10.003264844417572
3211.0 10.024205923080444
3212.0 9.972105085849762
3213.0 9.955597549676895
3214.0 9.956997215747833
3215.0 9.987640261650085
3216.0 9.951307147741318
3217.0 9.952961504459381
3218.0 9.94018429517746
3219.0 9.923091024160385
3220.0 9.890120089054108
3221.0 9.885289967060089
3222.0 9.874647170305252
3223.0 9.886393547058105
3224.0 9.857406735420227
3225.0 9.85867178440094
3226.0 9.85387834906578
3227.0 9.847588926553726
3228.0 9.89139911532402
3229.0 9.87527322769165
3230.0 9.872947186231613
3231.0 9.874253422021866
3232.0 9.841303080320358
3233.0 9.84084677696228
3234.0 9.793207108974457
3235.0 9.772534638643265
3236.0 9.790487140417099
3237.0 9.768755704164505
3238.0 9.752694934606552
3239.0 9.677037686109543
3240.0 9.67108279466629
3241.0 9.649377822875977
3242.0 9.637198507785797
3243.0 9.587265700101852
3244.0 9.567782521247864
3245.0 9.59792709350586
3246.0 9.556942492723465
3247.0 9.543850302696228
3248.0 9.526033490896225
3249.0 9.540550500154495
3250.0 9.50120234489441
3251.0 9.510171055793762
3252.0 9.491794168949127
3253.0 9.482494592666626
3254.0 9.471034735441208
3255.0 9.453703492879868
3256.0 9.410933256149292
3257.0 9.386794686317444
3258.0 9.374744266271591
3259.0 9.358525156974792
3260.0 9.359026432037354
3261.0 9.3469398021698
3262.0 9.324489116668701
3263.0 9.30372878909111
3264.0 9.279069125652313
3265.0 9.272206455469131
3266.0 9.246098577976227
3267.0 9.250220149755478
3268.0 9.270581722259521
3269.0 9.259831756353378
3270.0 9.23522686958313
3271.0 9.213427484035492
3272.0 9.215602993965149
3273.0 9.22518277168274
3274.0 9.18743023276329
3275.0 9.169749051332474
3276.0 9.120253831148148
3277.0 9.13894972205162
3278.0 9.128466129302979
3279.0 9.105023324489594
3280.0 9.077788591384888
3281.0 9.07375904917717
3282.0 9.068122506141663
3283.0 9.039842635393143
3284.0 9.049695312976837
3285.0 9.074452221393585
3286.0 8.998917430639267
3287.0 8.99825868010521
3288.0 8.986679136753082
3289.0 8.985450774431229
3290.0 8.9788738489151
3291.0 8.941449850797653
3292.0 8.921502709388733
3293.0 8.91114267706871
3294.0 8.884367436170578
3295.0 8.869700193405151
3296.0 8.898289263248444
3297.0 8.866912841796875
3298.0 8.883156567811966
3299.0 8.859117239713669
3300.0 8.803905218839645
3301.0 8.82176673412323
3302.0 8.81783589720726
3303.0 8.845736533403397
3304.0 8.849995851516724
3305.0 8.817929804325104
3306.0 8.828802704811096
3307.0 8.78392630815506
3308.0 8.773717105388641
3309.0 8.78529754281044
3310.0 8.750220715999603
3311.0 8.75156056880951
3312.0 8.755578398704529
3313.0 8.73017168045044
3314.0 8.715576708316803
3315.0 8.694089770317078
3316.0 8.655817419290543
3317.0 8.648510992527008
3318.0 8.649115681648254
3319.0 8.659898400306702
3320.0 8.662693172693253
3321.0 8.65082660317421
3322.0 8.62488904595375
3323.0 8.584789872169495
3324.0 8.603200316429138
3325.0 8.588221669197083
3326.0 8.591336041688919
3327.0 8.593900114297867
3328.0 8.558336645364761
3329.0 8.55125743150711
3330.0 8.527271419763565
3331.0 8.517119526863098
3332.0 8.479127317667007
3333.0 8.481961399316788
3334.0 8.494996458292007
3335.0 8.492212980985641
3336.0 8.47795057296753
3337.0 8.483673632144928
3338.0 8.44645145535469
3339.0 8.441261440515518
3340.0 8.450186967849731
3341.0 8.449778109788895
3342.0 8.443155407905579
3343.0 8.434455931186676
3344.0 8.405141711235046
3345.0 8.39550906419754
3346.0 8.412638127803802
3347.0 8.403072953224182
3348.0 8.412426263093948
3349.0 8.419646680355072
3350.0 8.419481366872787
3351.0 8.43519937992096
3352.0 8.440756529569626
3353.0 8.44283276796341
3354.0 8.427900284528732
3355.0 8.407117277383804
3356.0 8.415074616670609
3357.0 8.40232715010643
3358.0 8.401400059461594
3359.0 8.396446824073792
3360.0 8.386277288198471
3361.0 8.416941404342651
3362.0 8.424584478139877
3363.0 8.414828211069107
3364.0 8.408216178417206
3365.0 8.412788271903992
3366.0 8.409884303808212
3367.0 8.398884057998657
3368.0 8.389491736888885
3369.0 8.383816182613373
3370.0 8.404414892196655
3371.0 8.404545307159424
3372.0 8.376712411642075
3373.0 8.354605585336685
3374.0 8.34313303232193
3375.0 8.363151967525482
3376.0 8.364852219820023
3377.0 8.365926861763
3378.0 8.353968918323517
3379.0 8.329743355512619
3380.0 8.336937725543976
3381.0 8.304492563009262
3382.0 8.330633729696274
3383.0 8.327889949083328
3384.0 8.293232649564743
3385.0 8.27468165755272
3386.0 8.294958800077438
3387.0 8.293992221355438
3388.0 8.276394844055176
3389.0 8.23849555850029
3390.0 8.25556468963623
3391.0 8.251948118209839
3392.0 8.214834958314896
3393.0 8.188313037157059
3394.0 8.15999972820282
3395.0 8.146695479750633
3396.0 8.132807895541191
3397.0 8.146519035100937
3398.0 8.136824056506157
3399.0 8.127891048789024
3400.0 8.136004909873009
3401.0 8.170148685574532
3402.0 8.197571456432343
3403.0 8.214375793933868
3404.0 8.21919459104538
3405.0 8.207769557833672
3406.0 8.188499718904495
3407.0 8.190984666347504
3408.0 8.195820420980453
3409.0 8.214063614606857
3410.0 8.181388705968857
3411.0 8.1813605427742
3412.0 8.219527930021286
3413.0 8.209759026765823
3414.0 8.204381972551346
3415.0 8.213284015655518
3416.0 8.192967265844345
3417.0 8.15962339937687
3418.0 8.19994866847992
3419.0 8.187762945890427
3420.0 8.161557465791702
3421.0 8.149765476584435
3422.0 8.142282336950302
3423.0 8.148565247654915
3424.0 8.176489219069481
3425.0 8.153349697589874
3426.0 8.140827029943466
3427.0 8.12873101234436
3428.0 8.141938239336014
3429.0 8.12809331715107
3430.0 8.118953213095665
3431.0 8.10970538854599
3432.0 8.141805693507195
3433.0 8.14100706577301
3434.0 8.13789877295494
3435.0 8.139607653021812
3436.0 8.1365155428648
3437.0 8.113201335072517
3438.0 8.122055783867836
3439.0 8.128619894385338
3440.0 8.138657599687576
3441.0 8.131810992956161
3442.0 8.13591192662716
3443.0 8.158256873488426
3444.0 8.159572288393974
3445.0 8.174331426620483
3446.0 8.171794950962067
3447.0 8.149886056780815
3448.0 8.15957622230053
3449.0 8.150612935423851
3450.0 8.121436521410942
3451.0 8.146414533257484
3452.0 8.156788066029549
3453.0 8.156650483608246
3454.0 8.111731752753258
3455.0 8.110586732625961
3456.0 8.129830166697502
3457.0 8.124300003051758
3458.0 8.09085775911808
3459.0 8.06922161579132
3460.0 8.092445075511932
3461.0 8.056625664234161
3462.0 8.03847573697567
3463.0 8.035188898444176
3464.0 8.010276436805725
3465.0 8.017785027623177
3466.0 8.027314305305481
3467.0 8.039459437131882
3468.0 8.049800664186478
3469.0 8.043066442012787
3470.0 8.015529751777649
3471.0 8.014944940805435
3472.0 8.019074484705925
3473.0 8.030318900942802
3474.0 8.010734811425209
3475.0 8.005993962287903
3476.0 8.004123479127884
3477.0 8.016703501343727
3478.0 8.011584520339966
3479.0 8.017944723367691
3480.0 8.001173570752144
3481.0 7.998324930667877
3482.0 8.004271492362022
3483.0 8.011454209685326
3484.0 8.013010501861572
3485.0 8.004061982035637
3486.0 7.988089069724083
3487.0 8.005897656083107
3488.0 7.995125845074654
3489.0 7.978430822491646
3490.0 7.988471612334251
3491.0 7.972736552357674
3492.0 7.976637899875641
3493.0 7.982624098658562
3494.0 7.990245506167412
3495.0 8.017028778791428
3496.0 8.033082485198975
3497.0 8.04229973256588
3498.0 8.031373456120491
3499.0 8.03827154636383
3500.0 8.052747786045074
3501.0 8.061796814203262
3502.0 8.095644116401672
3503.0 8.116980388760567
3504.0 8.107929274439812
3505.0 8.094546183943748
3506.0 8.129783526062965
3507.0 8.155311733484268
3508.0 8.14264091849327
3509.0 8.159409031271935
3510.0 8.170484066009521
3511.0 8.186251655220985
3512.0 8.15687309205532
3513.0 8.212532728910446
3514.0 8.243911743164063
3515.0 8.22443038225174
3516.0 8.208502009510994
3517.0 8.196405917406082
3518.0 8.212273895740509
3519.0 8.229171931743622
3520.0 8.19956623017788
3521.0 8.205707982182503
3522.0 8.215951144695282
3523.0 8.223120674490929
3524.0 8.19737209379673
3525.0 8.213923990726471
3526.0 8.226472735404968
3527.0 8.223514139652252
3528.0 8.243830233812332
3529.0 8.261500775814056
3530.0 8.264164179563522
3531.0 8.255723357200623
3532.0 8.277743220329285
3533.0 8.264377236366272
3534.0 8.268600136041641
3535.0 8.279153406620026
3536.0 8.289869517087936
3537.0 8.287450462579727
3538.0 8.31383791565895
3539.0 8.299682796001434
3540.0 8.296915620565414
3541.0 8.318960338830948
3542.0 8.321902722120285
3543.0 8.335567086935043
3544.0 8.331670969724655
3545.0 8.36049085855484
3546.0 8.379982203245163
3547.0 8.33628100156784
3548.0 8.347058206796646
3549.0 8.343345165252686
3550.0 8.34253478050232
3551.0 8.324238955974579
3552.0 8.308093547821045
3553.0 8.330848693847656
3554.0 8.306660592556
3555.0 8.32364684343338
3556.0 8.356660217046738
3557.0 8.35026952624321
3558.0 8.3580162525177
3559.0 8.34844845533371
3560.0 8.328326240181923
3561.0 8.334604561328888
3562.0 8.368229001760483
3563.0 8.369599491357803
3564.0 8.352431386709213
3565.0 8.361498028039932
3566.0 8.34805890917778
3567.0 8.338779509067535
3568.0 8.330695927143097
3569.0 8.345107913017273
3570.0 8.366104632616043
3571.0 8.338556110858917
3572.0 8.348994225263596
3573.0 8.352225095033646
3574.0 8.336738735437393
3575.0 8.31763955950737
3576.0 8.289256572723389
3577.0 8.305391252040863
3578.0 8.265470117330551
3579.0 8.281919598579407
3580.0 8.279136180877686
3581.0 8.276554435491562
3582.0 8.26319444179535
3583.0 8.260464489459991
3584.0 8.232733309268951
3585.0 8.209380179643631
3586.0 8.202754497528076
3587.0 8.181515991687775
3588.0 8.189322382211685
3589.0 8.17185315489769
3590.0 8.191379591822624
3591.0 8.193933814764023
3592.0 8.179129958152771
3593.0 8.128179520368576
3594.0 8.136711105704308
3595.0 8.120267897844315
3596.0 8.123499542474747
3597.0 8.131329998373985
3598.0 8.10587164759636
3599.0 8.146068945527077
3600.0 8.100251287221909
3601.0 8.111731171607971
3602.0 8.112410381436348
3603.0 8.11420401930809
3604.0 8.109378695487976
3605.0 8.108726039528847
3606.0 8.116324126720428
3607.0 8.107199504971504
3608.0 8.077044352889061
3609.0 8.104100361466408
3610.0 8.109660550951958
3611.0 8.09449377655983
3612.0 8.120061844587326
3613.0 8.104690104722977
3614.0 8.064080953598022
3615.0 8.081134721636772
3616.0 8.092687845230103
3617.0 8.069658726453781
3618.0 8.095405280590057
3619.0 8.105201959609985
3620.0 8.085950672626495
3621.0 8.101534336805344
3622.0 8.093245580792427
3623.0 8.062470644712448
3624.0 8.08562184870243
3625.0 8.07088728249073
3626.0 8.069819271564484
3627.0 8.092841416597366
3628.0 8.062904864549637
3629.0 8.073907941579819
3630.0 8.047685161232948
3631.0 8.03209076821804
3632.0 8.046600863337517
3633.0 8.046533614397049
3634.0 8.035052940249443
3635.0 8.003737315535545
3636.0 8.02112552523613
3637.0 7.989536106586456
3638.0 8.004093915224075
3639.0 8.023389279842377
3640.0 8.015827715396881
3641.0 8.006778255105019
3642.0 8.026796728372574
3643.0 8.015091761946678
3644.0 7.984093099832535
3645.0 7.960379108786583
3646.0 7.974967405200005
3647.0 7.98063151538372
3648.0 7.9686988443136215
3649.0 7.9619521498680115
3650.0 7.9507994800806046
3651.0 7.944748893380165
3652.0 7.971295148134232
3653.0 7.96665757894516
3654.0 7.969792976975441
3655.0 7.950807124376297
3656.0 7.967478260397911
3657.0 7.958717107772827
3658.0 7.939611524343491
3659.0 7.9309742748737335
3660.0 7.913727596402168
3661.0 7.895949274301529
3662.0 7.89179790019989
3663.0 7.854253858327866
3664.0 7.860727936029434
3665.0 7.865487024188042
3666.0 7.843767359852791
3667.0 7.837392017245293
3668.0 7.822418704628944
3669.0 7.800728395581245
3670.0 7.835709989070892
3671.0 7.785442918539047
3672.0 7.781881645321846
3673.0 7.7483367919921875
3674.0 7.732279285788536
3675.0 7.723073050379753
3676.0 7.732957080006599
3677.0 7.707669496536255
3678.0 7.725785419344902
3679.0 7.721444979310036
