1.0 18.07620269060135
2.0 18.095143020153046
3.0 18.086842596530914
4.0 18.07676589488983
5.0 18.072883427143097
6.0 18.100847244262695
7.0 18.07802188396454
8.0 18.151253521442413
9.0 18.216526865959167
10.0 18.266627371311188
11.0 18.254352629184723
12.0 18.21508914232254
13.0 18.24289047718048
14.0 18.277135908603668
15.0 18.307576954364777
16.0 18.374241054058075
17.0 18.307277739048004
18.0 18.308959662914276
19.0 18.276896953582764
20.0 18.24537366628647
21.0 18.23710608482361
22.0 18.283922016620636
23.0 18.296266674995422
24.0 18.30518341064453
25.0 18.404497802257538
26.0 18.45107340812683
27.0 18.46700155735016
28.0 18.486661851406097
29.0 18.426368176937103
30.0 18.38132894039154
31.0 18.388417720794678
32.0 18.374176740646362
33.0 18.366055190563202
34.0 18.326240122318268
35.0 18.2357314825058
36.0 18.19569367170334
37.0 18.21178263425827
38.0 18.166493833065033
39.0 18.131922900676727
40.0 18.097811698913574
41.0 18.102062821388245
42.0 18.10470348596573
43.0 18.032053530216217
44.0 17.98002016544342
45.0 17.958422243595123
46.0 17.954412519931793
47.0 17.92309844493866
48.0 17.944489359855652
49.0 17.903550922870636
50.0 17.952869772911072
51.0 18.03674864768982
52.0 18.07391506433487
53.0 18.04813504219055
54.0 18.070423543453217
55.0 18.086837351322174
56.0 18.127786099910736
57.0 18.08214807510376
58.0 18.01867699623108
59.0 17.979516685009003
60.0 17.94459956884384
61.0 17.895774960517883
62.0 17.871878802776337
63.0 17.82470589876175
64.0 17.81056821346283
65.0 17.74762862920761
66.0 17.664719581604004
67.0 17.65505576133728
68.0 17.662514209747314
69.0 17.594267547130585
70.0 17.521489083766937
71.0 17.465882301330566
72.0 17.440792679786682
73.0 17.38398164510727
74.0 17.398027002811432
75.0 17.3118953704834
76.0 17.317666947841644
77.0 17.289771914482117
78.0 17.27922821044922
79.0 17.25019609928131
80.0 17.22972583770752
81.0 17.228694200515747
82.0 17.23085206747055
83.0 17.315609455108643
84.0 17.368776619434357
85.0 17.37020045518875
86.0 17.354864954948425
87.0 17.42603689432144
88.0 17.48151385784149
89.0 17.507227182388306
90.0 17.518763303756714
91.0 17.548777878284454
92.0 17.64254903793335
93.0 17.631441593170166
94.0 17.672654569149017
95.0 17.74261039495468
96.0 17.75434511899948
97.0 17.695580542087555
98.0 17.760281920433044
99.0 17.754105806350708
100.0 17.75708544254303
101.0 17.79998767375946
102.0 17.76610040664673
103.0 17.841152548789978
104.0 17.78865396976471
105.0 17.75686550140381
106.0 17.7632537484169
107.0 17.766762912273407
108.0 17.726160526275635
109.0 17.71433025598526
110.0 17.818713307380676
111.0 17.844793796539307
112.0 17.87223595380783
113.0 17.848644256591797
114.0 17.85457968711853
115.0 17.90390408039093
116.0 17.931703984737396
117.0 17.955055832862854
118.0 17.97961813211441
119.0 18.1197692155838
120.0 18.10652893781662
121.0 18.08703726530075
122.0 18.124755918979645
123.0 18.127149641513824
124.0 18.099767565727234
125.0 18.09587997198105
126.0 18.054313898086548
127.0 18.050300896167755
128.0 18.056908428668976
129.0 17.8934685587883
130.0 17.811741054058075
131.0 17.74382758140564
132.0 17.697341740131378
133.0 17.638322412967682
134.0 17.66132479906082
135.0 17.69721680879593
136.0 17.704279720783234
137.0 17.681253790855408
138.0 17.712129414081573
139.0 17.71351021528244
140.0 17.797654271125793
141.0 17.85436111688614
142.0 17.908302187919617
143.0 17.96903681755066
144.0 18.11676925420761
145.0 18.165416300296783
146.0 18.21368497610092
147.0 18.24914002418518
148.0 18.17028433084488
149.0 18.12999588251114
150.0 18.072940826416016
151.0 17.990850806236267
152.0 17.928816556930542
153.0 17.823742628097534
154.0 17.718626141548157
155.0 17.592609524726868
156.0 17.507632672786713
157.0 17.471175253391266
158.0 17.439819395542145
159.0 17.45535981655121
160.0 17.51542717218399
161.0 17.550053656101227
162.0 17.619601786136627
163.0 17.633404314517975
164.0 17.691899061203003
165.0 17.717212080955505
166.0 17.71821117401123
167.0 17.730031967163086
168.0 17.75364249944687
169.0 17.750309824943542
170.0 17.757261216640472
171.0 17.770896315574646
172.0 17.766971349716187
173.0 17.842623591423035
174.0 17.86331671476364
175.0 17.842035472393036
176.0 17.807486176490784
177.0 17.77576518058777
178.0 17.726578891277313
179.0 17.643874526023865
180.0 17.585597038269043
181.0 17.565418541431427
182.0 17.47186642885208
183.0 17.449781894683838
184.0 17.444683611392975
185.0 17.44646865129471
186.0 17.409742832183838
187.0 17.360807359218597
188.0 17.278777956962585
189.0 17.24567198753357
190.0 17.183092534542084
191.0 17.10290652513504
192.0 17.102943658828735
193.0 17.0338277220726
194.0 17.00698161125183
195.0 16.971619188785553
196.0 16.904339730739594
197.0 16.859358847141266
198.0 16.779175400733948
199.0 16.742613077163696
200.0 16.646548867225647
201.0 16.618314743041992
202.0 16.581860899925232
203.0 16.522623300552368
204.0 16.4507178068161
205.0 16.442543387413025
206.0 16.42220464348793
207.0 16.41085797548294
208.0 16.391444265842438
209.0 16.320601791143417
210.0 16.278877079486847
211.0 16.23698204755783
212.0 16.230872988700867
213.0 16.221432328224182
214.0 16.16664031147957
215.0 16.138463079929352
216.0 16.12213373184204
217.0 16.13237601518631
218.0 16.09125179052353
219.0 16.102350890636444
220.0 16.063572019338608
221.0 16.096261382102966
222.0 16.114292442798615
223.0 16.149985998868942
224.0 16.138559818267822
225.0 16.18670329451561
226.0 16.17772728204727
227.0 16.167950868606567
228.0 16.18564674258232
229.0 16.147618621587753
230.0 16.055239617824554
231.0 16.05422282218933
232.0 16.06571325659752
233.0 16.041279643774033
234.0 16.019435346126556
235.0 16.01938432455063
236.0 16.06017303466797
237.0 16.08952161669731
238.0 16.084047079086304
239.0 16.12938392162323
240.0 16.163718074560165
241.0 16.152689576148987
242.0 16.12894508242607
243.0 16.067869067192078
244.0 16.003051221370697
245.0 15.944161027669907
246.0 15.911969423294067
247.0 15.884370058774948
248.0 15.797508031129837
249.0 15.801307588815689
250.0 15.812431037425995
251.0 15.795302957296371
252.0 15.760240226984024
253.0 15.702932178974152
254.0 15.677700906991959
255.0 15.665957540273666
256.0 15.641246020793915
257.0 15.646163403987885
258.0 15.677974730730057
259.0 15.714938551187515
260.0 15.732258558273315
261.0 15.768806368112564
262.0 15.784742057323456
263.0 15.796893626451492
264.0 15.821105420589447
265.0 15.794959366321564
266.0 15.841390252113342
267.0 15.87770739197731
268.0 15.941960662603378
269.0 16.039815366268158
270.0 16.129095941781998
271.0 16.242493599653244
272.0 16.255331933498383
273.0 16.3615682721138
274.0 16.331870913505554
275.0 16.373638540506363
276.0 16.394234895706177
277.0 16.488071620464325
278.0 16.568636059761047
279.0 16.629572868347168
280.0 16.613579392433167
281.0 16.677538871765137
282.0 16.732667922973633
283.0 16.76475352048874
284.0 16.75039702653885
285.0 16.80275982618332
286.0 16.837832808494568
287.0 16.862904369831085
288.0 16.872354745864868
289.0 16.961392760276794
290.0 17.03006011247635
291.0 17.027273297309875
292.0 16.978788256645203
293.0 16.94871962070465
294.0 16.970968902111053
295.0 16.967105746269226
296.0 16.947344601154327
297.0 16.993288576602936
298.0 17.002759516239166
299.0 17.043404638767242
300.0 17.072128415107727
301.0 17.096246421337128
302.0 17.072689950466156
303.0 17.066323339939117
304.0 17.077827155590057
305.0 17.001099288463593
306.0 16.950164258480072
307.0 16.94784986972809
308.0 16.96593141555786
309.0 16.938122630119324
310.0 16.913927912712097
311.0 16.897046208381653
312.0 16.897892355918884
313.0 16.851725339889526
314.0 16.827162325382233
315.0 16.752937078475952
316.0 16.799233198165894
317.0 16.804584443569183
318.0 16.801063001155853
319.0 16.770600825548172
320.0 16.756727635860443
321.0 16.72317010164261
322.0 16.687579482793808
323.0 16.699881076812744
324.0 16.657160133123398
325.0 16.648819744586945
326.0 16.59058639407158
327.0 16.530008643865585
328.0 16.473095655441284
329.0 16.40228545665741
330.0 16.333724826574326
331.0 16.333708822727203
332.0 16.279633909463882
333.0 16.26312381029129
334.0 16.313392162322998
335.0 16.34812104701996
336.0 16.37431824207306
337.0 16.346594393253326
338.0 16.378426551818848
339.0 16.476341426372528
340.0 16.568292528390884
341.0 16.662138015031815
342.0 16.866536617279053
343.0 17.05988386273384
344.0 17.22166281938553
345.0 17.373775452375412
346.0 17.45497778058052
347.0 17.650039583444595
348.0 17.713867038488388
349.0 17.77676773071289
350.0 17.809775948524475
351.0 17.73679706454277
352.0 17.628336191177368
353.0 17.508200764656067
354.0 17.443320870399475
355.0 17.439638376235962
356.0 17.502161115407944
357.0 17.570422142744064
358.0 17.514295160770416
359.0 17.437789291143417
360.0 17.40750527381897
361.0 17.40411975979805
362.0 17.275160998106003
363.0 17.228839218616486
364.0 17.235066831111908
365.0 17.129337042570114
366.0 17.07653447985649
367.0 17.075694650411606
368.0 17.045442700386047
369.0 17.032498687505722
370.0 17.10987627506256
371.0 17.05442315340042
372.0 17.041914075613022
373.0 17.04712626338005
374.0 17.075402945280075
375.0 17.02408269047737
376.0 16.988090366125107
377.0 17.009252816438675
378.0 17.05524978041649
379.0 16.931509882211685
380.0 16.821764260530472
381.0 16.74642190337181
382.0 16.664822310209274
383.0 16.642648816108704
384.0 16.637679308652878
385.0 16.65876767039299
386.0 16.67700070142746
387.0 16.613779842853546
388.0 16.551248610019684
389.0 16.445968508720398
390.0 16.37931114435196
391.0 16.402088224887848
392.0 16.346998006105423
393.0 16.29288211464882
394.0 16.27324977517128
395.0 16.261942833662033
396.0 16.161165475845337
397.0 16.159974426031113
398.0 16.100851714611053
399.0 16.0428626537323
400.0 15.964932322502136
401.0 15.928438574075699
402.0 15.788369327783585
403.0 15.71457576751709
404.0 15.647730618715286
405.0 15.561119884252548
406.0 15.542176216840744
407.0 15.474980592727661
408.0 15.411814153194427
409.0 15.314751088619232
410.0 15.25253713130951
411.0 15.184596240520477
412.0 15.17011421918869
413.0 15.132937610149384
414.0 15.129550337791443
415.0 15.12324833869934
416.0 15.231905788183212
417.0 15.203726917505264
418.0 15.26096174120903
419.0 15.274150043725967
420.0 15.364937037229538
421.0 15.42506742477417
422.0 15.44461104273796
423.0 15.511116802692413
424.0 15.563008844852448
425.0 15.559248626232147
426.0 15.639855444431305
427.0 15.680946916341782
428.0 15.652535527944565
429.0 15.553742468357086
430.0 15.492972820997238
431.0 15.471329361200333
432.0 15.42680361866951
433.0 15.41904592514038
434.0 15.410020738840103
435.0 15.344497859477997
436.0 15.325894743204117
437.0 15.235291719436646
438.0 15.19358116388321
439.0 15.13763976097107
440.0 15.052692085504532
441.0 14.972995191812515
442.0 14.895084142684937
443.0 14.863347262144089
444.0 14.855275958776474
445.0 14.883605569601059
446.0 14.890809655189514
447.0 14.936827540397644
448.0 14.944385886192322
449.0 14.985146194696426
450.0 15.014420539140701
451.0 15.02178829908371
452.0 14.985507637262344
453.0 15.029112994670868
454.0 15.081074565649033
455.0 15.078160345554352
456.0 15.115624248981476
457.0 15.182842016220093
458.0 15.214628338813782
459.0 15.244496434926987
460.0 15.24508848786354
461.0 15.212822377681732
462.0 15.160222679376602
463.0 15.163137376308441
464.0 15.11586582660675
465.0 15.11490061879158
466.0 15.107012391090393
467.0 15.093960911035538
468.0 15.181882113218307
469.0 15.261945009231567
470.0 15.291881293058395
471.0 15.31591659784317
472.0 15.342202931642532
473.0 15.270578294992447
474.0 15.299359261989594
475.0 15.309334844350815
476.0 15.383750259876251
477.0 15.477910280227661
478.0 15.675775915384293
479.0 15.824371069669724
480.0 15.86179170012474
481.0 15.930985361337662
482.0 15.990551918745041
483.0 16.029113113880157
484.0 16.119157195091248
485.0 16.268486887216568
486.0 16.358819127082825
487.0 16.45905900001526
488.0 16.528802752494812
489.0 16.62366157770157
490.0 16.687802493572235
491.0 16.7232968211174
492.0 16.72865891456604
493.0 16.745531350374222
494.0 16.76334735751152
495.0 16.818403631448746
496.0 16.921402007341385
497.0 16.934726238250732
498.0 17.010529577732086
499.0 17.019287705421448
500.0 17.034322768449783
501.0 17.093653321266174
502.0 17.128712028265
503.0 17.107805252075195
504.0 17.175548672676086
505.0 17.106453090906143
506.0 17.054820597171783
507.0 16.995361626148224
508.0 16.939884662628174
509.0 16.933710992336273
510.0 16.884683400392532
511.0 16.848291784524918
512.0 16.877013623714447
513.0 16.8513622879982
514.0 16.858585238456726
515.0 16.886098325252533
516.0 16.909041166305542
517.0 16.898454904556274
518.0 16.86195081472397
519.0 16.848553001880646
520.0 16.853158950805664
521.0 16.871550977230072
522.0 16.82415670156479
523.0 16.70795613527298
524.0 16.6310653090477
525.0 16.539552330970764
526.0 16.397918105125427
527.0 16.253408640623093
528.0 16.201838195323944
529.0 16.12612533569336
530.0 16.06139126420021
531.0 15.970573544502258
532.0 15.941432565450668
533.0 15.89728730916977
534.0 15.822084158658981
535.0 15.761007398366928
536.0 15.69692724943161
537.0 15.662092953920364
538.0 15.614167422056198
539.0 15.58983999490738
540.0 15.515026539564133
541.0 15.530269891023636
542.0 15.43150269985199
543.0 15.404338032007217
544.0 15.412275582551956
545.0 15.3450368642807
546.0 15.256197363138199
547.0 15.21424052119255
548.0 15.13355764746666
549.0 15.042809337377548
550.0 14.997449785470963
551.0 14.919081658124924
552.0 14.923369795084
553.0 14.962828695774078
554.0 14.984301745891571
555.0 15.03348559141159
556.0 15.093054383993149
557.0 15.108000725507736
558.0 15.15211397409439
559.0 15.148531347513199
560.0 15.11441519856453
561.0 15.105886727571487
562.0 15.069570541381836
563.0 15.065720111131668
564.0 15.037908166646957
565.0 14.998203366994858
566.0 15.0491364300251
567.0 15.131252408027649
568.0 15.190200924873352
569.0 15.207918673753738
570.0 15.312464028596878
571.0 15.404319316148758
572.0 15.461521655321121
573.0 15.531230121850967
574.0 15.587471514940262
575.0 15.650635123252869
576.0 15.689073294401169
577.0 15.650946229696274
578.0 15.607739120721817
579.0 15.587700068950653
580.0 15.53878790140152
581.0 15.550828337669373
582.0 15.525091290473938
583.0 15.571006387472153
584.0 15.635736852884293
585.0 15.670761227607727
586.0 15.70537081360817
587.0 15.749547183513641
588.0 15.793178915977478
589.0 15.814332693815231
590.0 15.934465169906616
591.0 16.067460000514984
592.0 16.216731369495392
593.0 16.2974451482296
594.0 16.375196874141693
595.0 16.40397796034813
596.0 16.466345489025116
597.0 16.49307808279991
598.0 16.532009780406952
599.0 16.52252423763275
600.0 16.53926381468773
601.0 16.581227362155914
602.0 16.62605881690979
603.0 16.72618156671524
604.0 16.71332025527954
605.0 16.64435201883316
606.0 16.630778074264526
607.0 16.57291531562805
608.0 16.57992535829544
609.0 16.56287980079651
610.0 16.54960322380066
611.0 16.520614504814148
612.0 16.486373841762543
613.0 16.435787677764893
614.0 16.39236617088318
615.0 16.360522359609604
616.0 16.303296834230423
617.0 16.305627584457397
618.0 16.375254809856415
619.0 16.433467268943787
620.0 16.540909588336945
621.0 16.607097417116165
622.0 16.568331211805344
623.0 16.590967118740082
624.0 16.5545392036438
625.0 16.519171506166458
626.0 16.445495128631592
627.0 16.40420377254486
628.0 16.285937696695328
629.0 16.200498819351196
630.0 16.089907377958298
631.0 15.927580058574677
632.0 15.914054125547409
633.0 15.972050189971924
634.0 15.93733325600624
635.0 15.943993777036667
636.0 15.909804433584213
637.0 15.830447882413864
638.0 15.710967093706131
639.0 15.608990728855133
640.0 15.53177958726883
641.0 15.479595214128494
642.0 15.329502403736115
643.0 15.222679644823074
644.0 15.147911250591278
645.0 15.018607378005981
646.0 14.927432715892792
647.0 14.914583683013916
648.0 14.86841145157814
649.0 14.772449731826782
650.0 14.713318258523941
651.0 14.636709302663803
652.0 14.60838371515274
653.0 14.551640748977661
654.0 14.488115429878235
655.0 14.40618845820427
656.0 14.312951445579529
657.0 14.160633534193039
658.0 14.038743287324905
659.0 13.974595993757248
660.0 13.92685815691948
661.0 13.83378490805626
662.0 13.789397478103638
663.0 13.718633025884628
664.0 13.710579633712769
665.0 13.658689767122269
666.0 13.503665626049042
667.0 13.389563798904419
668.0 13.272365391254425
669.0 13.153990268707275
670.0 13.060482054948807
671.0 12.994402945041656
672.0 12.927065372467041
673.0 12.844123393297195
674.0 12.811134189367294
675.0 12.697577953338623
676.0 12.637483447790146
677.0 12.624905705451965
678.0 12.588094979524612
679.0 12.533454775810242
680.0 12.479493886232376
681.0 12.42136201262474
682.0 12.415923595428467
683.0 12.4535151720047
684.0 12.404685199260712
685.0 12.40306356549263
686.0 12.387807786464691
687.0 12.440224409103394
688.0 12.516987442970276
689.0 12.49038365483284
690.0 12.490310311317444
691.0 12.518645733594894
692.0 12.50306260585785
693.0 12.456829011440277
694.0 12.429745227098465
695.0 12.403742015361786
696.0 12.455180943012238
697.0 12.54406589269638
698.0 12.585279554128647
699.0 12.657153397798538
700.0 12.711163699626923
701.0 12.779119819402695
702.0 12.868971049785614
703.0 12.965552687644958
704.0 12.964890092611313
705.0 13.016858726739883
706.0 13.177704483270645
707.0 13.270147979259491
708.0 13.417742520570755
709.0 13.499153017997742
710.0 13.66733518242836
711.0 13.756417632102966
712.0 13.888597786426544
713.0 14.025024652481079
714.0 14.160431653261185
715.0 14.261749535799026
716.0 14.32960107922554
717.0 14.454213738441467
718.0 14.544460713863373
719.0 14.642763286828995
720.0 14.640948086977005
721.0 14.670504242181778
722.0 14.664065450429916
723.0 14.611041814088821
724.0 14.600623071193695
725.0 14.598194122314453
726.0 14.617353618144989
727.0 14.549228727817535
728.0 14.476049721240997
729.0 14.392170280218124
730.0 14.31359949707985
731.0 14.199827432632446
732.0 14.124597012996674
733.0 14.145756512880325
734.0 14.163564205169678
735.0 14.175635874271393
736.0 14.158080041408539
737.0 14.173783242702484
738.0 14.184533417224884
739.0 14.176217198371887
740.0 14.225640714168549
741.0 14.276290893554688
742.0 14.329278320074081
743.0 14.355643630027771
744.0 14.331582188606262
745.0 14.309023320674896
746.0 14.258339166641235
747.0 14.206162750720978
748.0 14.143695652484894
749.0 14.073283553123474
750.0 13.9854496717453
751.0 13.91188257932663
752.0 13.827656924724579
753.0 13.733619391918182
754.0 13.647039949893951
755.0 13.595238447189331
756.0 13.4826021194458
757.0 13.413200706243515
758.0 13.33503007888794
759.0 13.260500401258469
760.0 13.242334544658661
761.0 13.192369878292084
762.0 13.16935509443283
763.0 13.150765210390091
764.0 13.074302732944489
765.0 12.993974894285202
766.0 12.987304329872131
767.0 12.976966768503189
768.0 12.91881376504898
769.0 12.921568423509598
770.0 12.963389486074448
771.0 12.961970716714859
772.0 12.956606566905975
773.0 12.943352669477463
774.0 12.90791454911232
775.0 12.918402969837189
776.0 12.905337452888489
777.0 12.936375677585602
778.0 12.949089229106903
779.0 12.946132808923721
780.0 12.96922391653061
781.0 13.020637273788452
782.0 13.073420643806458
783.0 13.109881043434143
784.0 13.13493463397026
785.0 13.179873168468475
786.0 13.234384566545486
787.0 13.265344202518463
788.0 13.343250125646591
789.0 13.459314614534378
790.0 13.54877781867981
791.0 13.648244380950928
792.0 13.755952686071396
793.0 13.812673181295395
794.0 13.864698231220245
795.0 13.903953552246094
796.0 13.94030424952507
797.0 14.04244989156723
798.0 14.079692244529724
799.0 14.144667863845825
800.0 14.275912880897522
801.0 14.343719393014908
802.0 14.32223954796791
803.0 14.386218667030334
804.0 14.474069267511368
805.0 14.532686978578568
806.0 14.566863507032394
807.0 14.638961791992188
808.0 14.677660793066025
809.0 14.746921628713608
810.0 14.83938917517662
811.0 14.89793199300766
812.0 14.921110212802887
813.0 14.945385128259659
814.0 15.023927956819534
815.0 15.079696416854858
816.0 15.099747210741043
817.0 15.142695993185043
818.0 15.16556379199028
819.0 15.149643659591675
820.0 15.164192587137222
821.0 15.218459904193878
822.0 15.267582088708878
823.0 15.26569339632988
824.0 15.351651966571808
825.0 15.386679530143738
826.0 15.471160411834717
827.0 15.524521380662918
828.0 15.534704566001892
829.0 15.591890841722488
830.0 15.59778282046318
831.0 15.666826575994492
832.0 15.671514362096786
833.0 15.696935772895813
834.0 15.685091942548752
835.0 15.69612917304039
836.0 15.632583975791931
837.0 15.603453040122986
838.0 15.580238372087479
839.0 15.569935590028763
840.0 15.550599962472916
841.0 15.532045394182205
842.0 15.543430238962173
843.0 15.541731089353561
844.0 15.609737575054169
845.0 15.618183344602585
846.0 15.684790074825287
847.0 15.72659695148468
848.0 15.718277424573898
849.0 15.811638444662094
850.0 15.882953971624374
851.0 15.913173645734787
852.0 15.949851244688034
853.0 16.021489083766937
854.0 16.07520079612732
855.0 16.1180137693882
856.0 16.15948584675789
857.0 16.11400792002678
858.0 16.122960567474365
859.0 16.088928669691086
860.0 16.100746899843216
861.0 16.082077980041504
862.0 16.073521614074707
863.0 16.07624426484108
864.0 16.065357983112335
865.0 16.097244083881378
866.0 16.06956571340561
867.0 16.124949514865875
868.0 16.139258682727814
869.0 16.119252115488052
870.0 16.148855805397034
871.0 16.16070267558098
872.0 16.086750358343124
873.0 15.98938164114952
874.0 15.971300452947617
875.0 15.957651615142822
876.0 15.892368406057358
877.0 15.86557912826538
878.0 15.832656174898148
879.0 15.783995687961578
880.0 15.801834225654602
881.0 15.854841947555542
882.0 15.830562978982925
883.0 15.855051904916763
884.0 15.831276804208755
885.0 15.857029289007187
886.0 15.84797403216362
887.0 15.844341784715652
888.0 15.830057263374329
889.0 15.79354664683342
890.0 15.748680770397186
891.0 15.738637238740921
892.0 15.748273104429245
893.0 15.718804687261581
894.0 15.787422090768814
895.0 15.785924196243286
896.0 15.83396115899086
897.0 15.876126438379288
898.0 15.941621899604797
899.0 15.97033104300499
900.0 15.991961419582367
901.0 16.0637329518795
902.0 16.16510644555092
903.0 16.19102045893669
904.0 16.22020584344864
905.0 16.277745336294174
906.0 16.35053414106369
907.0 16.35827749967575
908.0 16.334621906280518
909.0 16.349372655153275
910.0 16.355615258216858
911.0 16.392505824565887
912.0 16.475941479206085
913.0 16.513635218143463
914.0 16.523730009794235
915.0 16.50567364692688
916.0 16.54960009455681
917.0 16.518317490816116
918.0 16.5131456553936
919.0 16.49319240450859
920.0 16.52012002468109
921.0 16.525092273950577
922.0 16.58674716949463
923.0 16.623937278985977
924.0 16.610677272081375
925.0 16.608941733837128
926.0 16.662438362836838
927.0 16.64536562561989
928.0 16.6215703189373
929.0 16.632500916719437
930.0 16.650393277406693
931.0 16.615976959466934
932.0 16.62324571609497
933.0 16.702510565519333
934.0 16.75876495242119
935.0 16.785856813192368
936.0 16.827142894268036
937.0 16.845293313264847
938.0 16.90209847688675
939.0 16.977315217256546
940.0 17.000705510377884
941.0 17.104229271411896
942.0 17.12792056798935
943.0 17.188665568828583
944.0 17.25039651989937
945.0 17.14916068315506
946.0 17.162792086601257
947.0 17.1989706158638
948.0 17.22951716184616
949.0 17.2911217212677
950.0 17.345117211341858
951.0 17.382930099964142
952.0 17.434098720550537
953.0 17.34934237599373
954.0 17.280003607273102
955.0 17.285226553678513
956.0 17.210821568965912
957.0 17.20605194568634
958.0 17.212368071079254
959.0 17.20928430557251
960.0 17.169877231121063
961.0 17.130484223365784
962.0 17.130114018917084
963.0 17.110719680786133
964.0 17.103046119213104
965.0 17.175242483615875
966.0 17.20120644569397
967.0 17.18722689151764
968.0 17.260690927505493
969.0 17.263959288597107
970.0 17.267795741558075
971.0 17.20220023393631
972.0 17.14981508255005
973.0 17.163188993930817
974.0 17.16055464744568
975.0 17.13155907392502
976.0 17.11951231956482
977.0 17.163298428058624
978.0 17.094394028186798
979.0 17.081299781799316
980.0 17.118349194526672
981.0 17.17117702960968
982.0 17.138920724391937
983.0 17.19620716571808
984.0 17.198643147945404
985.0 17.21587723493576
986.0 17.261037230491638
987.0 17.277328550815582
988.0 17.319632530212402
989.0 17.371792674064636
990.0 17.353180289268494
991.0 17.46014541387558
992.0 17.58498990535736
993.0 17.668920755386353
994.0 17.728774309158325
995.0 17.77913337945938
996.0 17.838257253170013
997.0 17.80996733903885
998.0 17.87899076938629
999.0 17.826636493206024
1000.0 17.806263327598572
1001.0 17.82765221595764
1002.0 17.856446981430054
1003.0 17.80293118953705
1004.0 17.910902976989746
1005.0 17.96038830280304
1006.0 18.004979848861694
1007.0 18.066995561122894
1008.0 18.070240378379822
1009.0 18.142064154148102
1010.0 18.196503520011902
1011.0 18.276765406131744
1012.0 18.372823417186737
1013.0 18.423899114131927
1014.0 18.44017857313156
1015.0 18.443563640117645
1016.0 18.453274250030518
1017.0 18.425621807575226
1018.0 18.39996701478958
1019.0 18.344873368740082
1020.0 18.31049805879593
1021.0 18.34991604089737
1022.0 18.41228151321411
1023.0 18.47517901659012
1024.0 18.549802839756012
1025.0 18.597242653369904
1026.0 18.63330787420273
1027.0 18.712363302707672
1028.0 18.780846059322357
1029.0 18.862485587596893
1030.0 18.99110299348831
1031.0 19.139469265937805
1032.0 19.16610825061798
1033.0 19.1757749915123
1034.0 19.310524582862854
1035.0 19.30275124311447
1036.0 19.332116782665253
1037.0 19.336455821990967
1038.0 19.356518745422363
1039.0 19.421782076358795
1040.0 19.436122477054596
1041.0 19.422659397125244
1042.0 19.445465862751007
1043.0 19.410501897335052
1044.0 19.37645399570465
1045.0 19.333370864391327
1046.0 19.312791347503662
1047.0 19.313876628875732
1048.0 19.350671648979187
1049.0 19.348796904087067
1050.0 19.329813361167908
1051.0 19.293562412261963
1052.0 19.249988734722137
1053.0 19.224609851837158
1054.0 19.259083032608032
1055.0 19.277170598506927
1056.0 19.305899918079376
1057.0 19.355014085769653
1058.0 19.33121281862259
1059.0 19.256092846393585
1060.0 19.208380818367004
1061.0 19.18967056274414
1062.0 19.195678114891052
1063.0 19.1990624666214
1064.0 19.152840435504913
1065.0 19.193262040615082
1066.0 19.163973450660706
1067.0 19.181330025196075
1068.0 19.222740054130554
1069.0 19.2878475189209
1070.0 19.318089425563812
1071.0 19.294812321662903
1072.0 19.313033163547516
1073.0 19.304134905338287
1074.0 19.317631721496582
1075.0 19.35204780101776
1076.0 19.343399822711945
1077.0 19.34831327199936
1078.0 19.327812790870667
1079.0 19.30030709505081
1080.0 19.263499200344086
1081.0 19.27089524269104
1082.0 19.235313296318054
1083.0 19.16761749982834
1084.0 19.17336529493332
1085.0 19.169545114040375
1086.0 19.142692148685455
1087.0 19.17716020345688
1088.0 19.229533314704895
1089.0 19.227608144283295
1090.0 19.224356949329376
1091.0 19.259004831314087
1092.0 19.275364935398102
1093.0 19.337127566337585
1094.0 19.349586308002472
1095.0 19.32085084915161
1096.0 19.28179967403412
1097.0 19.284052789211273
1098.0 19.350894689559937
1099.0 19.373038291931152
1100.0 19.28198629617691
1101.0 19.253550708293915
1102.0 19.23822683095932
1103.0 19.216236174106598
1104.0 19.17190319299698
1105.0 19.20072042942047
1106.0 19.200647473335266
1107.0 19.223082959651947
1108.0 19.272158324718475
1109.0 19.305474817752838
1110.0 19.371068358421326
1111.0 19.34299236536026
1112.0 19.360382914543152
1113.0 19.395825743675232
1114.0 19.443865597248077
1115.0 19.517483592033386
1116.0 19.551224052906036
1117.0 19.57004749774933
1118.0 19.64650070667267
1119.0 19.673649489879608
1120.0 19.703549444675446
1121.0 19.72844535112381
1122.0 19.720321476459503
1123.0 19.770731508731842
1124.0 19.7355055809021
1125.0 19.808940708637238
1126.0 19.843478798866272
1127.0 19.791945099830627
1128.0 19.809798777103424
1129.0 19.91562396287918
1130.0 19.946176946163177
1131.0 19.93150758743286
1132.0 19.99664866924286
1133.0 19.928622543811798
1134.0 19.98816329240799
1135.0 20.078721284866333
1136.0 20.06760996580124
1137.0 20.071910560131073
1138.0 20.089133262634277
1139.0 20.111062943935394
1140.0 20.161203384399414
1141.0 20.168459594249725
1142.0 20.12592124938965
1143.0 20.135539770126343
1144.0 20.13040280342102
1145.0 20.04654163122177
1146.0 20.079348504543304
1147.0 20.032670438289642
1148.0 20.015053629875183
1149.0 20.000208854675293
1150.0 19.942596316337585
1151.0 19.96705412864685
1152.0 19.92271625995636
1153.0 19.943870663642883
1154.0 19.935848236083984
1155.0 19.911179065704346
1156.0 19.92968773841858
1157.0 19.923321425914764
1158.0 19.87339425086975
1159.0 19.892811357975006
1160.0 19.910931289196014
1161.0 19.9473015666008
1162.0 19.9330992102623
1163.0 19.916843712329865
1164.0 19.90096801519394
1165.0 19.89058417081833
1166.0 19.93187791109085
1167.0 19.85802912712097
1168.0 19.878354609012604
1169.0 19.861459374427795
1170.0 19.76086515188217
1171.0 19.72998809814453
1172.0 19.744515597820282
1173.0 19.733587503433228
1174.0 19.700101673603058
1175.0 19.728168189525604
1176.0 19.711078703403473
1177.0 19.673848688602448
1178.0 19.54888355731964
1179.0 19.55077689886093
1180.0 19.544384837150574
1181.0 19.44117248058319
1182.0 19.5015190243721
1183.0 19.48128968477249
1184.0 19.416124403476715
1185.0 19.38715821504593
1186.0 19.380063831806183
1187.0 19.38991677761078
1188.0 19.400303840637207
1189.0 19.363783538341522
1190.0 19.396008789539337
1191.0 19.389315903186798
1192.0 19.383825719356537
1193.0 19.412319481372833
1194.0 19.431414306163788
1195.0 19.448832750320435
1196.0 19.4615261554718
1197.0 19.399029791355133
1198.0 19.422962367534637
1199.0 19.490495443344116
1200.0 19.495710492134094
1201.0 19.540940701961517
1202.0 19.561380982398987
1203.0 19.55316799879074
1204.0 19.616058468818665
1205.0 19.57180655002594
1206.0 19.516949892044067
1207.0 19.47029799222946
1208.0 19.48330247402191
1209.0 19.474542260169983
1210.0 19.434470236301422
1211.0 19.47888958454132
1212.0 19.42420768737793
1213.0 19.435632288455963
1214.0 19.34173059463501
1215.0 19.35009002685547
1216.0 19.34232985973358
1217.0 19.284229397773743
1218.0 19.25588822364807
1219.0 19.189786791801453
1220.0 19.113122284412384
1221.0 18.98305904865265
1222.0 18.93019264936447
1223.0 18.82977682352066
1224.0 18.74886256456375
1225.0 18.752728521823883
1226.0 18.666845977306366
1227.0 18.636316537857056
1228.0 18.55728542804718
1229.0 18.507613956928253
1230.0 18.508403837680817
1231.0 18.46123993396759
1232.0 18.39025640487671
1233.0 18.38326144218445
1234.0 18.39448207616806
1235.0 18.38045758008957
1236.0 18.374412298202515
1237.0 18.375194132328033
1238.0 18.299222350120544
1239.0 18.341789960861206
1240.0 18.36394965648651
1241.0 18.300941348075867
1242.0 18.30691647529602
1243.0 18.259155988693237
1244.0 18.221734404563904
1245.0 18.183248102664948
1246.0 18.057488083839417
1247.0 18.00636327266693
1248.0 17.926735520362854
1249.0 17.96768468618393
1250.0 17.94248342514038
1251.0 17.916676342487335
1252.0 17.94353473186493
1253.0 17.901693522930145
1254.0 17.882286071777344
1255.0 17.858866453170776
1256.0 17.80416977405548
1257.0 17.76603603363037
1258.0 17.64241236448288
1259.0 17.591626822948456
1260.0 17.564046800136566
1261.0 17.50584441423416
1262.0 17.401428997516632
1263.0 17.321474313735962
1264.0 17.29868108034134
1265.0 17.28855586051941
1266.0 17.263018786907196
1267.0 17.255909979343414
1268.0 17.29208207130432
1269.0 17.349035799503326
1270.0 17.412959396839142
1271.0 17.46120536327362
1272.0 17.553340792655945
1273.0 17.70416021347046
1274.0 17.72402060031891
1275.0 17.79231095314026
1276.0 17.86077517271042
1277.0 17.96582728624344
1278.0 17.92863839864731
1279.0 17.889247119426727
1280.0 17.85283374786377
1281.0 17.83508265018463
1282.0 17.791070520877838
1283.0 17.730657279491425
1284.0 17.653233766555786
1285.0 17.694759964942932
1286.0 17.72303718328476
1287.0 17.738612174987793
1288.0 17.803038001060486
1289.0 17.84652030467987
1290.0 17.853443503379822
1291.0 17.869745075702667
1292.0 17.821864545345306
1293.0 17.742443323135376
1294.0 17.73033034801483
1295.0 17.65002316236496
1296.0 17.58277601003647
1297.0 17.551713228225708
1298.0 17.484065294265747
1299.0 17.48891693353653
1300.0 17.47184842824936
1301.0 17.39875429868698
1302.0 17.366277039051056
1303.0 17.27155750989914
1304.0 17.253047704696655
1305.0 17.224086821079254
1306.0 17.22451275587082
1307.0 17.21136701107025
1308.0 17.239621698856354
1309.0 17.18996810913086
1310.0 17.16471391916275
1311.0 17.120903193950653
1312.0 17.10280281305313
1313.0 17.116718471050262
1314.0 17.0339338183403
1315.0 16.895571410655975
1316.0 16.729112207889557
1317.0 16.696138620376587
1318.0 16.617288649082184
1319.0 16.567133903503418
1320.0 16.51955085992813
1321.0 16.422477304935455
1322.0 16.340190798044205
1323.0 16.253882497549057
1324.0 16.25053909420967
1325.0 16.256441593170166
1326.0 16.274429380893707
1327.0 16.29544311761856
1328.0 16.346702694892883
1329.0 16.382066279649734
1330.0 16.446952044963837
1331.0 16.531115293502808
1332.0 16.608106791973114
1333.0 16.6568823158741
1334.0 16.695026606321335
1335.0 16.742351680994034
1336.0 16.754162579774857
1337.0 16.743884086608887
1338.0 16.717855513095856
1339.0 16.70337611436844
1340.0 16.59377893805504
1341.0 16.57132190465927
1342.0 16.55185294151306
1343.0 16.5302951335907
1344.0 16.548695981502533
1345.0 16.52271580696106
1346.0 16.517302572727203
1347.0 16.46842360496521
1348.0 16.41588255763054
1349.0 16.33887541294098
1350.0 16.275559961795807
1351.0 16.14037224650383
1352.0 16.05208647251129
1353.0 15.974475890398026
1354.0 15.956935614347458
1355.0 15.931025445461273
1356.0 15.895202726125717
1357.0 15.913458347320557
1358.0 15.955394625663757
1359.0 15.984899669885635
1360.0 15.94291776418686
1361.0 15.960042893886566
1362.0 15.887814790010452
1363.0 15.860505878925323
1364.0 15.807785034179688
1365.0 15.7572061419487
1366.0 15.69148924946785
1367.0 15.643876612186432
1368.0 15.705545872449875
1369.0 15.683529645204544
1370.0 15.640681833028793
1371.0 15.59895795583725
1372.0 15.59572696685791
1373.0 15.55621275305748
1374.0 15.539559304714203
1375.0 15.566683173179626
1376.0 15.583015829324722
1377.0 15.573626309633255
1378.0 15.628370583057404
1379.0 15.635414570569992
1380.0 15.66956502199173
1381.0 15.70121642947197
1382.0 15.725453585386276
1383.0 15.726745784282684
1384.0 15.81897684931755
1385.0 15.784925729036331
1386.0 15.795971840620041
1387.0 15.807390183210373
1388.0 15.799955397844315
1389.0 15.787679076194763
1390.0 15.763404309749603
1391.0 15.799309611320496
1392.0 15.818036288022995
1393.0 15.858809143304825
1394.0 15.864559173583984
1395.0 15.857956647872925
1396.0 15.850367665290833
1397.0 15.855536997318268
1398.0 15.88267207145691
1399.0 15.929997742176056
1400.0 15.96185439825058
1401.0 15.907900273799896
1402.0 15.884180545806885
1403.0 15.817910015583038
1404.0 15.754156410694122
1405.0 15.735083848237991
1406.0 15.719195663928986
1407.0 15.67061397433281
1408.0 15.642272412776947
1409.0 15.666426181793213
1410.0 15.680624693632126
1411.0 15.673324912786484
1412.0 15.581255108118057
1413.0 15.544164538383484
1414.0 15.537990391254425
1415.0 15.483164638280869
1416.0 15.467531979084015
1417.0 15.479716688394547
1418.0 15.434664249420166
1419.0 15.426378011703491
1420.0 15.355284571647644
1421.0 15.33407735824585
1422.0 15.283605605363846
1423.0 15.277969062328339
1424.0 15.213626235723495
1425.0 15.190930873155594
1426.0 15.149650305509567
1427.0 15.095334976911545
1428.0 15.014353573322296
1429.0 14.901102811098099
1430.0 14.738265484571457
1431.0 14.631723076105118
1432.0 14.52672752737999
1433.0 14.369935810565948
1434.0 14.263248473405838
1435.0 14.183368682861328
1436.0 14.123181074857712
1437.0 14.058353632688522
1438.0 14.035624116659164
1439.0 14.03615489602089
1440.0 14.036992311477661
1441.0 14.000959903001785
1442.0 14.024181574583054
1443.0 13.988023787736893
1444.0 13.925134748220444
1445.0 13.924731314182281
1446.0 13.886736243963242
1447.0 13.828332215547562
1448.0 13.8110072016716
1449.0 13.861138224601746
1450.0 13.821592420339584
1451.0 13.821334481239319
1452.0 13.839922547340393
1453.0 13.809328824281693
1454.0 13.769315361976624
1455.0 13.766868680715561
1456.0 13.70498612523079
1457.0 13.660410016775131
1458.0 13.565098077058792
1459.0 13.555533200502396
1460.0 13.463225573301315
1461.0 13.432840287685394
1462.0 13.413643687963486
1463.0 13.334869772195816
1464.0 13.265746116638184
1465.0 13.155266135931015
1466.0 13.112185269594193
1467.0 13.09024366736412
1468.0 13.034060537815094
1469.0 12.964590281248093
1470.0 12.890822350978851
1471.0 12.860746771097183
1472.0 12.9362453520298
1473.0 12.93045362830162
1474.0 12.935328364372253
1475.0 12.858474314212799
1476.0 12.756839990615845
1477.0 12.668555796146393
1478.0 12.549519032239914
1479.0 12.439457833766937
1480.0 12.361447542905807
1481.0 12.316209614276886
1482.0 12.290403038263321
1483.0 12.261200815439224
1484.0 12.255321860313416
1485.0 12.31614539027214
1486.0 12.371831446886063
1487.0 12.429735332727432
1488.0 12.501006662845612
1489.0 12.549252182245255
1490.0 12.52932146191597
1491.0 12.55724224448204
1492.0 12.550004303455353
1493.0 12.537314414978027
1494.0 12.50580209493637
1495.0 12.528695523738861
1496.0 12.498083651065826
1497.0 12.54602825641632
1498.0 12.551793664693832
1499.0 12.591381579637527
1500.0 12.31324291229248
1501.0 12.469229757785797
1502.0 12.692839950323105
1503.0 12.687993824481964
1504.0 12.537862598896027
1505.0 12.22256538271904
1506.0 12.792478650808334
1507.0 12.713817447423935
1508.0 11.986817866563797
1509.0 11.569321244955063
1510.0 11.717093646526337
1511.0 11.546382665634155
1512.0 11.380878031253815
1513.0 11.006936758756638
1514.0 10.59206971526146
1515.0 10.40009692311287
1516.0 10.379669547080994
1517.0 10.249959707260132
1518.0 10.073214590549469
1519.0 10.084442555904388
1520.0 9.814024984836578
1521.0 9.53012689948082
1522.0 9.371912002563477
1523.0 9.24216029047966
1524.0 9.124758303165436
1525.0 8.967296034097672
1526.0 8.815629214048386
1527.0 8.64261108636856
1528.0 8.562247693538666
1529.0 8.447821140289307
1530.0 8.323513209819794
1531.0 8.194899097084999
1532.0 8.063975781202316
1533.0 7.922900706529617
1534.0 7.760461658239365
1535.0 7.61886727809906
1536.0 7.560687735676765
1537.0 8.70692041516304
1538.0 8.7064019292593
1539.0 8.48369300365448
1540.0 8.114196181297302
1541.0 7.877752497792244
1542.0 7.899575516581535
1543.0 7.985935762524605
1544.0 7.964243412017822
1545.0 8.05516567826271
1546.0 9.610309973359108
1547.0 9.7122171074152
1548.0 9.827441990375519
1549.0 10.294177949428558
1550.0 14.184554010629654
1551.0 14.579518482089043
1552.0 9.577936694025993
1553.0 9.390036150813103
1554.0 15.505537569522858
1555.0 9.583782717585564
1556.0 9.239698186516762
1557.0 10.486648082733154
1558.0 14.756307885050774
1559.0 13.823416501283646
1560.0 9.906611517071724
1561.0 8.896300792694092
1562.0 8.84637151658535
1563.0 9.03743301331997
1564.0 9.097644671797752
1565.0 9.424920380115509
1566.0 10.847720265388489
1567.0 12.78904989361763
1568.0 9.388815715909004
1569.0 8.730435907840729
1570.0 8.639554381370544
1571.0 8.726368054747581
1572.0 8.964970901608467
1573.0 8.908060267567635
1574.0 8.7719936221838
1575.0 8.995673686265945
1576.0 9.156694799661636
1577.0 9.061032518744469
1578.0 8.219181761145592
1579.0 8.317515388131142
1580.0 8.252960309386253
1581.0 8.224645912647247
1582.0 8.215106070041656
1583.0 8.54223918914795
1584.0 8.538528695702553
1585.0 7.547828257083893
1586.0 7.524522572755814
1587.0 7.479703634977341
1588.0 7.014967158436775
1589.0 6.557353541254997
1590.0 6.953299403190613
1591.0 5.647282242774963
1592.0 5.583671644330025
1593.0 5.514228329062462
1594.0 5.4501021951437
1595.0 5.4044181406497955
1596.0 5.330263391137123
1597.0 5.291532084345818
1598.0 5.256657376885414
1599.0 5.201966807246208
1600.0 5.147591724991798
1601.0 5.096692711114883
1602.0 5.0515066832304
1603.0 5.023418486118317
1604.0 5.000980168581009
1605.0 4.926426097750664
1606.0 4.898334339261055
1607.0 4.841304466128349
1608.0 4.805765837430954
1609.0 4.770561724901199
1610.0 4.71446293592453
1611.0 4.703044682741165
1612.0 4.665092080831528
1613.0 4.657102271914482
1614.0 4.656217321753502
1615.0 4.6783173233270645
1616.0 4.6548072546720505
1617.0 4.6146329790353775
1618.0 4.595891252160072
1619.0 4.576180189847946
1620.0 4.564707785844803
1621.0 4.582390636205673
1622.0 4.601472735404968
1623.0 4.61035019159317
1624.0 4.581223413348198
1625.0 4.575860872864723
1626.0 4.596296012401581
1627.0 4.568026497960091
1628.0 4.55874802172184
1629.0 4.531401738524437
1630.0 4.516881659626961
1631.0 4.535163268446922
1632.0 4.509791970252991
1633.0 4.491497173905373
1634.0 4.488819465041161
1635.0 4.4782432317733765
1636.0 4.5090024173259735
1637.0 4.509270399808884
1638.0 4.5218441635370255
1639.0 4.507600367069244
1640.0 4.536065265536308
1641.0 4.560366719961166
1642.0 4.561458930373192
1643.0 4.5585518181324005
1644.0 4.549619033932686
1645.0 4.5790998339653015
1646.0 4.589496374130249
1647.0 4.571584835648537
1648.0 4.576181948184967
1649.0 4.583871528506279
1650.0 4.596221715211868
1651.0 4.5913169384002686
1652.0 4.559497371315956
1653.0 4.514060989022255
1654.0 4.502126410603523
1655.0 4.489125579595566
1656.0 4.4777031019330025
1657.0 4.486939825117588
1658.0 4.483447335660458
1659.0 4.468143969774246
1660.0 4.46638011187315
1661.0 4.452760264277458
1662.0 4.4010200425982475
1663.0 4.376398138701916
1664.0 4.413502171635628
1665.0 4.412080839276314
1666.0 4.40122827142477
1667.0 4.435437977313995
1668.0 4.465074062347412
1669.0 4.480939641594887
1670.0 4.473078086972237
1671.0 4.450000509619713
1672.0 4.427164778113365
1673.0 4.435092717409134
1674.0 4.413656160235405
1675.0 4.424917817115784
1676.0 4.4339779913425446
1677.0 4.4281395226716995
1678.0 4.408988118171692
1679.0 4.408063068985939
1680.0 4.401161685585976
1681.0 4.386231422424316
1682.0 4.415016978979111
1683.0 4.418954387307167
1684.0 4.407271310687065
1685.0 4.391071639955044
1686.0 4.3834259286522865
1687.0 4.384682811796665
1688.0 4.355005480349064
1689.0 4.350006282329559
1690.0 4.340752474963665
1691.0 4.337720148265362
1692.0 4.315601825714111
1693.0 4.308698445558548
1694.0 4.2837352976202965
1695.0 4.251955762505531
1696.0 4.21813652664423
1697.0 4.19616612046957
1698.0 4.151381514966488
1699.0 4.1025210916996
1700.0 4.099378883838654
1701.0 4.097866043448448
1702.0 4.078779026865959
1703.0 4.074089340865612
1704.0 4.05372066795826
1705.0 4.053554147481918
1706.0 4.046791039407253
1707.0 4.01321829110384
1708.0 3.96632831543684
1709.0 3.9635706394910812
1710.0 3.9350520372390747
1711.0 3.9129205644130707
1712.0 3.923081360757351
1713.0 3.938854403793812
1714.0 3.926514223217964
1715.0 3.8986448794603348
1716.0 3.8465751335024834
1717.0 3.84214648604393
1718.0 3.8314489871263504
1719.0 3.8028919771313667
1720.0 3.7868059277534485
1721.0 3.7306219562888145
1722.0 3.6984913870692253
1723.0 3.688245616853237
1724.0 3.6463028639554977
1725.0 3.633367709815502
1726.0 3.6028005182743073
1727.0 3.595430463552475
1728.0 3.5806007981300354
1729.0 3.5712912008166313
1730.0 3.5260816290974617
1731.0 3.4749361276626587
1732.0 3.4359776824712753
1733.0 3.4207875579595566
1734.0 3.4104795157909393
1735.0 3.40217262506485
1736.0 3.4169928953051567
1737.0 3.4364139437675476
1738.0 3.4109779000282288
1739.0 3.4146618619561195
1740.0 3.407631039619446
1741.0 3.4246851354837418
1742.0 3.4450495541095734
1743.0 3.408694915473461
1744.0 3.428411588072777
1745.0 3.438765086233616
1746.0 3.4276862740516663
1747.0 3.408593989908695
1748.0 3.391387738287449
1749.0 3.3512130230665207
1750.0 3.350616931915283
1751.0 3.3332989290356636
1752.0 3.2884308099746704
1753.0 3.283216282725334
1754.0 3.2410474494099617
1755.0 3.209310993552208
1756.0 3.187466211616993
1757.0 3.1810189709067345
1758.0 3.160884492099285
1759.0 3.1234665289521217
1760.0 3.099898286163807
1761.0 3.078602522611618
1762.0 3.0972655341029167
1763.0 3.0955513417720795
1764.0 3.095150388777256
1765.0 3.1257391944527626
1766.0 3.1732377111911774
1767.0 3.199536867439747
1768.0 3.2149765118956566
1769.0 3.26894823461771
1770.0 3.2787865549325943
1771.0 3.2807253152132034
1772.0 3.2932229191064835
1773.0 3.303615614771843
1774.0 3.2930692806839943
1775.0 3.295425035059452
1776.0 3.282409407198429
1777.0 3.2794057950377464
1778.0 3.253806561231613
1779.0 3.2271559461951256
1780.0 3.2080467641353607
1781.0 3.2177856490015984
1782.0 3.203321799635887
1783.0 3.203994981944561
1784.0 3.183958947658539
1785.0 3.156249389052391
1786.0 3.109507955610752
1787.0 3.070313945412636
1788.0 3.046829618513584
1789.0 3.057748980820179
1790.0 3.057332955300808
1791.0 3.048323340713978
1792.0 3.046339266002178
1793.0 3.045644998550415
1794.0 3.060538373887539
1795.0 3.0715947076678276
1796.0 3.065985858440399
1797.0 3.0550650879740715
1798.0 3.0788537561893463
1799.0 3.0703502520918846
1800.0 3.0988952070474625
1801.0 3.11557936668396
1802.0 3.135569788515568
1803.0 3.174879938364029
1804.0 3.2001172825694084
1805.0 3.230312943458557
1806.0 3.2701434567570686
1807.0 3.2545901462435722
1808.0 3.2744895666837692
1809.0 3.2803805768489838
1810.0 3.258700482547283
1811.0 3.2465079724788666
1812.0 3.2595249488949776
1813.0 3.2919210121035576
1814.0 3.3306430131196976
1815.0 3.374557390809059
1816.0 3.389064759016037
1817.0 3.3978420197963715
1818.0 3.385675325989723
1819.0 3.3927958086133003
1820.0 3.3997341319918633
1821.0 3.4170250594615936
1822.0 3.421644404530525
1823.0 3.4083531722426414
1824.0 3.4238287955522537
1825.0 3.4374107718467712
1826.0 3.463528946042061
1827.0 3.4719807282090187
1828.0 3.454897105693817
1829.0 3.475625842809677
1830.0 3.488460451364517
1831.0 3.490851439535618
1832.0 3.5115973874926567
1833.0 3.517503932118416
1834.0 3.507032610476017
1835.0 3.543535813689232
1836.0 3.5598931685090065
1837.0 3.587133526802063
1838.0 3.59696514159441
1839.0 3.6026356294751167
1840.0 3.6044085696339607
1841.0 3.614247292280197
1842.0 3.6265256479382515
1843.0 3.6291284039616585
1844.0 3.6449588388204575
1845.0 3.6333997398614883
1846.0 3.626131683588028
1847.0 3.646159701049328
1848.0 3.6271682158112526
1849.0 3.6242319270968437
1850.0 3.637706995010376
1851.0 3.61660173535347
1852.0 3.6174662560224533
1853.0 3.620775379240513
1854.0 3.6527523770928383
1855.0 3.6664117351174355
1856.0 3.6796345859766006
1857.0 3.7065976411104202
1858.0 3.694481462240219
1859.0 3.7168291434645653
1860.0 3.7545965015888214
1861.0 3.7771512493491173
1862.0 3.801923230290413
1863.0 3.7926952093839645
1864.0 3.7822430208325386
1865.0 3.747774161398411
1866.0 3.73832293599844
1867.0 3.70447014272213
1868.0 3.6639565229415894
1869.0 3.6257793083786964
1870.0 3.6448439806699753
1871.0 3.6279857009649277
1872.0 3.6003766655921936
1873.0 3.6198350861668587
1874.0 3.5776101276278496
1875.0 3.5618603453040123
1876.0 3.5550477206707
1877.0 3.5480272471904755
1878.0 3.5411353036761284
1879.0 3.522188976407051
1880.0 3.4980394914746284
1881.0 3.4948612451553345
1882.0 3.46908887475729
1883.0 3.4406010061502457
1884.0 3.420463167130947
1885.0 3.3836498484015465
1886.0 3.388149619102478
1887.0 3.372974894940853
1888.0 3.3812322691082954
1889.0 3.3855556026101112
1890.0 3.3859843090176582
1891.0 3.3924062997102737
1892.0 3.3896708860993385
1893.0 3.36531238257885
1894.0 3.3625035285949707
1895.0 3.3535514026880264
1896.0 3.3193508982658386
1897.0 3.3043004497885704
1898.0 3.2989068925380707
1899.0 3.3158454820513725
1900.0 3.309732362627983
1901.0 3.324053168296814
1902.0 3.3307195976376534
1903.0 3.331459939479828
1904.0 3.319450929760933
1905.0 3.330204613506794
1906.0 3.343523658812046
1907.0 3.317958138883114
1908.0 3.2958369329571724
1909.0 3.3002888038754463
1910.0 3.303319603204727
1911.0 3.278437301516533
1912.0 3.280113086104393
1913.0 3.2752212956547737
1914.0 3.2801746875047684
1915.0 3.3209984600543976
1916.0 3.317686416208744
1917.0 3.3266279250383377
1918.0 3.340963624417782
1919.0 3.3872914984822273
1920.0 3.410449303686619
1921.0 3.425035275518894
1922.0 3.4419356882572174
1923.0 3.4266458824276924
1924.0 3.423481412231922
1925.0 3.421126566827297
1926.0 3.4463376477360725
1927.0 3.452529050409794
1928.0 3.4514419585466385
1929.0 3.457929901778698
1930.0 3.4763489067554474
1931.0 3.4745487198233604
1932.0 3.4862361028790474
1933.0 3.490888424217701
1934.0 3.484711915254593
1935.0 3.4988573417067528
1936.0 3.5055586844682693
1937.0 3.5336499884724617
1938.0 3.512270338833332
1939.0 3.4979761987924576
1940.0 3.4622983783483505
1941.0 3.4450820088386536
1942.0 3.4476378485560417
1943.0 3.4570899829268456
1944.0 3.476394437253475
1945.0 3.4955918043851852
1946.0 3.485493041574955
1947.0 3.480394273996353
1948.0 3.475030764937401
1949.0 3.4842692762613297
1950.0 3.500838629901409
1951.0 3.5178638249635696
1952.0 3.529069259762764
1953.0 3.515947125852108
1954.0 3.5135448276996613
1955.0 3.504335530102253
1956.0 3.518784984946251
1957.0 3.5145727396011353
1958.0 3.526090629398823
1959.0 3.558969736099243
1960.0 3.56158097833395
1961.0 3.577318049967289
1962.0 3.5770284980535507
1963.0 3.577704183757305
1964.0 3.6054873391985893
1965.0 3.6061891838908195
1966.0 3.619874618947506
1967.0 3.606585867702961
1968.0 3.6248225644230843
1969.0 3.5865272730588913
1970.0 3.5607618540525436
1971.0 3.5669323429465294
1972.0 3.558811418712139
1973.0 3.5433728396892548
1974.0 3.535820499062538
1975.0 3.5407214015722275
1976.0 3.5585699006915092
1977.0 3.559533476829529
1978.0 3.5788613334298134
1979.0 3.6083061695098877
1980.0 3.6406469345092773
1981.0 3.6687394827604294
1982.0 3.6948637291789055
1983.0 3.709781490266323
1984.0 3.7241073921322823
1985.0 3.7276356741786003
1986.0 3.7373465225100517
1987.0 3.7302214354276657
1988.0 3.7414946034550667
1989.0 3.7590661495923996
1990.0 3.752641014754772
1991.0 3.748225748538971
1992.0 3.746091701090336
1993.0 3.733748883008957
1994.0 3.7185797691345215
1995.0 3.708516649901867
1996.0 3.7041299790143967
1997.0 3.691190280020237
1998.0 3.696803867816925
1999.0 3.675934210419655
2000.0 3.670365534722805
2001.0 3.6617401838302612
2002.0 3.6592873707413673
2003.0 3.668564587831497
2004.0 3.6701583340764046
2005.0 3.68629901856184
2006.0 3.68371170014143
2007.0 3.6850628033280373
2008.0 3.6524372547864914
2009.0 3.6437664926052094
2010.0 3.6587268263101578
2011.0 3.666098639369011
2012.0 3.6946906372904778
2013.0 3.7171937227249146
2014.0 3.7762098163366318
2015.0 3.799352690577507
2016.0 3.826548807322979
2017.0 3.861498147249222
2018.0 3.8609351962804794
2019.0 3.8564240112900734
2020.0 3.8476729169487953
2021.0 3.845778025686741
2022.0 3.8680879324674606
2023.0 3.9007833898067474
2024.0 3.9251959174871445
2025.0 3.9730437099933624
2026.0 3.9852228835225105
2027.0 3.9788652136921883
2028.0 3.9656663835048676
2029.0 3.9737289026379585
2030.0 3.9894039630889893
2031.0 3.9951395466923714
2032.0 3.994418278336525
2033.0 4.007613472640514
2034.0 3.9918959513306618
2035.0 3.9887479320168495
2036.0 3.991883896291256
2037.0 3.9766571894288063
2038.0 3.9816100895404816
2039.0 3.980045072734356
2040.0 3.9666017666459084
2041.0 3.9673432782292366
2042.0 3.970983698964119
2043.0 3.952119179069996
2044.0 3.9384559467434883
2045.0 3.950982317328453
2046.0 3.920988693833351
2047.0 3.912398636341095
2048.0 3.9015577360987663
2049.0 3.9125440940260887
2050.0 3.8930250480771065
2051.0 3.8843375369906425
2052.0 3.882739372551441
2053.0 3.8494585379958153
2054.0 3.839247487485409
2055.0 3.8096851259469986
2056.0 3.7878609225153923
2057.0 3.7867963314056396
2058.0 3.805647797882557
2059.0 3.7934920862317085
2060.0 3.8138556703925133
2061.0 3.844341479241848
2062.0 3.8562214598059654
2063.0 3.879128374159336
2064.0 3.8816448748111725
2065.0 3.8826286047697067
2066.0 3.8975280821323395
2067.0 3.898232124745846
2068.0 3.904540538787842
2069.0 3.928669109940529
2070.0 3.9290084838867188
2071.0 3.9044192656874657
2072.0 3.9043572768568993
2073.0 3.91558475792408
2074.0 3.937599837779999
2075.0 3.956651844084263
2076.0 3.969094969332218
2077.0 4.008779972791672
2078.0 3.9827258810400963
2079.0 3.939874030649662
2080.0 3.940044842660427
2081.0 3.9430961534380913
2082.0 3.95807708799839
2083.0 4.010902605950832
2084.0 4.040469758212566
2085.0 4.0616167932748795
2086.0 4.088081888854504
2087.0 4.102363772690296
2088.0 4.084845662117004
2089.0 4.103809230029583
2090.0 4.123625099658966
2091.0 4.14062824100256
2092.0 4.124384239315987
2093.0 4.1529004871845245
2094.0 4.147176444530487
2095.0 4.128162547945976
2096.0 4.082334227859974
2097.0 4.085571639239788
2098.0 4.0638474598526955
2099.0 4.05529111623764
2100.0 4.037397965788841
2101.0 4.016651481389999
2102.0 4.0346958711743355
2103.0 4.012619830667973
2104.0 4.018479645252228
2105.0 4.02453126758337
2106.0 4.0288634821772575
2107.0 4.045735955238342
2108.0 4.054454430937767
2109.0 4.062299460172653
2110.0 4.061997391283512
2111.0 4.068819731473923
2112.0 4.0422999784350395
2113.0 4.028301149606705
2114.0 4.042765401303768
2115.0 4.042133815586567
2116.0 4.0483081713318825
2117.0 4.058343946933746
2118.0 4.0497918874025345
2119.0 4.059753879904747
2120.0 4.037626437842846
2121.0 4.029377490282059
2122.0 4.029149428009987
2123.0 4.0268571600317955
2124.0 4.0152464509010315
2125.0 4.0240151807665825
2126.0 4.012659624218941
2127.0 4.022808521986008
2128.0 4.030490532517433
2129.0 4.00916500389576
2130.0 4.029483623802662
2131.0 4.0296017825603485
2132.0 4.0266730561852455
2133.0 4.030718505382538
2134.0 4.025423437356949
2135.0 4.05451437830925
2136.0 4.057416342198849
2137.0 4.05927187204361
2138.0 4.108981668949127
2139.0 4.122783534228802
2140.0 4.166583091020584
2141.0 4.200305730104446
2142.0 4.2109764739871025
2143.0 4.250654175877571
2144.0 4.276564866304398
2145.0 4.268892869353294
2146.0 4.233040317893028
2147.0 4.231649801135063
2148.0 4.253079935908318
2149.0 4.253611296415329
2150.0 4.245391800999641
2151.0 4.224761009216309
2152.0 4.235270604491234
2153.0 4.221009582281113
2154.0 4.231653839349747
2155.0 4.270983576774597
2156.0 4.295761123299599
2157.0 4.328050300478935
2158.0 4.343482807278633
2159.0 4.332105487585068
2160.0 4.329185888171196
2161.0 4.335912674665451
2162.0 4.35411661863327
2163.0 4.383595332503319
2164.0 4.382290840148926
2165.0 4.3635473400354385
2166.0 4.355958923697472
2167.0 4.36103954911232
2168.0 4.351918786764145
2169.0 4.319485738873482
2170.0 4.3167852610349655
2171.0 4.280585885047913
2172.0 4.284379661083221
2173.0 4.263082757592201
2174.0 4.245313584804535
2175.0 4.2480108588933945
2176.0 4.286696404218674
2177.0 4.280411943793297
2178.0 4.2652197778224945
2179.0 4.259453430771828
2180.0 4.262938812375069
2181.0 4.251650512218475
2182.0 4.210821479558945
2183.0 4.207864493131638
2184.0 4.185416653752327
2185.0 4.175463706254959
2186.0 4.178134024143219
2187.0 4.1718329936265945
2188.0 4.1821106523275375
2189.0 4.180803187191486
2190.0 4.211732164025307
2191.0 4.241335034370422
2192.0 4.255078077316284
2193.0 4.268120601773262
2194.0 4.276919722557068
2195.0 4.280821070075035
2196.0 4.310126170516014
2197.0 4.319538280367851
2198.0 4.300210922956467
2199.0 4.307691186666489
2200.0 4.319101110100746
2201.0 4.328594341874123
2202.0 4.346309050917625
2203.0 4.370835721492767
2204.0 4.392384856939316
2205.0 4.399667710065842
2206.0 4.4186964482069016
2207.0 4.460851386189461
2208.0 4.485517039895058
2209.0 4.5025943368673325
2210.0 4.518897444009781
2211.0 4.5147221982479095
2212.0 4.4981614500284195
2213.0 4.531284913420677
2214.0 4.57422462105751
2215.0 4.596592038869858
2216.0 4.610621050000191
2217.0 4.605048313736916
2218.0 4.632005020976067
2219.0 4.650684952735901
2220.0 4.719630613923073
2221.0 4.744053274393082
2222.0 4.7633588165044785
2223.0 4.80178527534008
2224.0 4.824775233864784
2225.0 4.876553237438202
2226.0 4.901509538292885
2227.0 4.920671164989471
2228.0 4.972325414419174
2229.0 4.998631045222282
2230.0 5.031629055738449
2231.0 5.052134662866592
2232.0 5.0761041939258575
2233.0 5.0867787301540375
2234.0 5.081276535987854
2235.0 5.101158082485199
2236.0 5.105299696326256
2237.0 5.102380201220512
2238.0 5.120507583022118
2239.0 5.127119481563568
2240.0 5.099416449666023
2241.0 5.095177501440048
2242.0 5.114041239023209
2243.0 5.09267458319664
2244.0 5.095947623252869
2245.0 5.084429293870926
2246.0 5.0407154113054276
2247.0 5.029742807149887
2248.0 5.059893220663071
2249.0 5.045112654566765
2250.0 5.038657978177071
2251.0 5.023251578211784
2252.0 5.012532070279121
2253.0 4.965031176805496
2254.0 4.959016487002373
2255.0 4.9558902978897095
2256.0 4.970742896199226
2257.0 4.979800745844841
2258.0 4.970199063420296
2259.0 4.956634387373924
2260.0 4.955744102597237
2261.0 4.963994279503822
2262.0 4.94225549697876
2263.0 4.946212753653526
2264.0 4.958520144224167
2265.0 4.953482240438461
2266.0 4.958840414881706
2267.0 4.955911412835121
2268.0 4.963582247495651
2269.0 4.967304810881615
2270.0 4.957859843969345
2271.0 4.991688475012779
2272.0 4.987661495804787
2273.0 5.012445613741875
2274.0 5.002734377980232
2275.0 5.034012645483017
2276.0 5.036448881030083
2277.0 5.016247868537903
2278.0 5.017402350902557
2279.0 5.029564812779427
2280.0 5.023424327373505
2281.0 4.992374360561371
2282.0 4.964527368545532
2283.0 4.9718363881111145
2284.0 4.991168066859245
2285.0 4.974180743098259
2286.0 4.979558274149895
2287.0 4.993946343660355
2288.0 4.986002430319786
2289.0 5.029165431857109
2290.0 5.020046904683113
2291.0 5.015330836176872
2292.0 5.02583684027195
2293.0 5.025951191782951
2294.0 5.030395731329918
2295.0 5.039900094270706
2296.0 5.0013068318367
2297.0 4.986605539917946
2298.0 4.9985591173172
2299.0 4.990440979599953
2300.0 5.011223256587982
2301.0 5.017237961292267
2302.0 5.037754520773888
2303.0 5.08724470436573
2304.0 5.150110438466072
2305.0 5.162468567490578
2306.0 5.192875355482101
2307.0 5.212583377957344
2308.0 5.212195813655853
2309.0 5.216642081737518
2310.0 5.247178867459297
2311.0 5.256854429841042
2312.0 5.302581027150154
2313.0 5.34642992913723
2314.0 5.355822682380676
2315.0 5.324240058660507
2316.0 5.357971653342247
2317.0 5.368307754397392
2318.0 5.364614695310593
2319.0 5.381095454096794
2320.0 5.397837907075882
2321.0 5.395854085683823
2322.0 5.419010251760483
2323.0 5.393894821405411
2324.0 5.391127273440361
2325.0 5.41665381193161
2326.0 5.422697439789772
2327.0 5.44772070646286
2328.0 5.482472375035286
2329.0 5.498548731207848
2330.0 5.525618731975555
2331.0 5.53306271135807
2332.0 5.562350422143936
2333.0 5.583217471837997
2334.0 5.5839293748140335
2335.0 5.581291183829308
2336.0 5.633312776684761
2337.0 5.627252757549286
2338.0 5.632778242230415
2339.0 5.632197245955467
2340.0 5.647677853703499
2341.0 5.646433874964714
2342.0 5.6464885622262955
2343.0 5.6619646698236465
2344.0 5.618654757738113
2345.0 5.609458357095718
2346.0 5.627856805920601
2347.0 5.606352686882019
2348.0 5.659804090857506
2349.0 5.677705034613609
2350.0 5.706514775753021
2351.0 5.7103641629219055
2352.0 5.7158337235450745
2353.0 5.7436051815748215
2354.0 5.754096835851669
2355.0 5.765212744474411
2356.0 5.797025442123413
2357.0 5.852476894855499
2358.0 5.839284241199493
2359.0 5.8869117349386215
2360.0 5.916035518050194
2361.0 5.966777354478836
2362.0 5.954110756516457
2363.0 5.978975668549538
2364.0 5.987475290894508
2365.0 6.013216257095337
2366.0 6.011600434780121
2367.0 6.02987439930439
2368.0 6.031257644295692
2369.0 6.048116624355316
2370.0 6.088595449924469
2371.0 6.075699985027313
2372.0 6.076901629567146
2373.0 6.098192572593689
2374.0 6.066447451710701
2375.0 6.087938204407692
2376.0 6.098680213093758
2377.0 6.091017857193947
2378.0 6.087800592184067
2379.0 6.089517846703529
2380.0 6.096524015069008
2381.0 6.10469363629818
2382.0 6.09568864107132
2383.0 6.090061902999878
2384.0 6.062719717621803
2385.0 6.069877848029137
2386.0 6.092623695731163
2387.0 6.120707839727402
2388.0 6.07614079117775
2389.0 6.065619274973869
2390.0 6.0777371525764465
2391.0 6.082252278923988
2392.0 6.055040657520294
2393.0 6.039595007896423
2394.0 6.05269093811512
2395.0 6.049193486571312
2396.0 6.045334428548813
2397.0 6.071205034852028
2398.0 6.0322927832603455
2399.0 6.046084389090538
2400.0 6.039954632520676
2401.0 6.011471599340439
2402.0 5.999881476163864
2403.0 5.983587771654129
2404.0 5.982408940792084
2405.0 6.008065760135651
2406.0 6.017659097909927
2407.0 6.003304705023766
2408.0 6.040723964571953
2409.0 6.088024467229843
2410.0 6.109689280390739
2411.0 6.1325943768024445
2412.0 6.182858496904373
2413.0 6.130555719137192
2414.0 6.112442508339882
2415.0 6.100757718086243
2416.0 6.098882272839546
2417.0 6.057926177978516
2418.0 6.079812481999397
2419.0 6.056817457079887
2420.0 6.032392755150795
2421.0 6.045764684677124
2422.0 6.0333858877420425
2423.0 5.979513645172119
2424.0 5.974388614296913
2425.0 5.941150993108749
2426.0 5.926224663853645
2427.0 5.897075861692429
2428.0 5.885112389922142
2429.0 5.867283508181572
2430.0 5.849262177944183
2431.0 5.8644042164087296
2432.0 5.865322232246399
2433.0 5.889660537242889
2434.0 5.869997024536133
2435.0 5.850978046655655
2436.0 5.861694350838661
2437.0 5.8556924015283585
2438.0 5.8597713857889175
2439.0 5.865058660507202
2440.0 5.841080278158188
2441.0 5.860919162631035
2442.0 5.870916336774826
2443.0 5.846614852547646
2444.0 5.837071314454079
2445.0 5.8156318217515945
2446.0 5.802185982465744
2447.0 5.816089376807213
2448.0 5.803171366453171
2449.0 5.815959960222244
2450.0 5.814471408724785
2451.0 5.82768289744854
2452.0 5.827903300523758
2453.0 5.8462547063827515
2454.0 5.811504155397415
2455.0 5.822230309247971
2456.0 5.781979247927666
2457.0 5.748252227902412
2458.0 5.757478103041649
2459.0 5.747333213686943
2460.0 5.742187634110451
2461.0 5.725211173295975
2462.0 5.739142492413521
2463.0 5.719599723815918
2464.0 5.729853421449661
2465.0 5.698858007788658
2466.0 5.687039330601692
2467.0 5.742771670222282
2468.0 5.7682685405015945
2469.0 5.765009269118309
2470.0 5.810459524393082
2471.0 5.834722965955734
2472.0 5.858257219195366
2473.0 5.924093812704086
2474.0 5.903329864144325
2475.0 5.911291241645813
2476.0 5.930844813585281
2477.0 5.933292374014854
2478.0 5.929093599319458
2479.0 5.950349777936935
2480.0 5.962904766201973
2481.0 5.972295969724655
2482.0 5.94428026676178
2483.0 5.941696986556053
2484.0 5.967176541686058
2485.0 5.997818514704704
2486.0 5.981067657470703
2487.0 5.989624336361885
2488.0 5.995779141783714
2489.0 5.994995698332787
2490.0 6.009569823741913
2491.0 6.014009431004524
2492.0 6.004289776086807
2493.0 6.029066756367683
2494.0 6.05754841864109
2495.0 6.0529495775699615
2496.0 6.089231267571449
2497.0 6.111333414912224
2498.0 6.142037644982338
2499.0 6.120006591081619
2500.0 6.122460514307022
2501.0 6.12448525428772
2502.0 6.107088938355446
2503.0 6.116697043180466
2504.0 6.119756102561951
2505.0 6.132003590464592
2506.0 6.134436711668968
2507.0 6.123524159193039
2508.0 6.1053949892520905
2509.0 6.100872784852982
2510.0 6.1169895976781845
2511.0 6.130875006318092
2512.0 6.137733951210976
2513.0 6.136437624692917
2514.0 6.127520427107811
2515.0 6.141652017831802
2516.0 6.137427523732185
2517.0 6.119084671139717
2518.0 6.128521263599396
2519.0 6.148678705096245
2520.0 6.127870261669159
2521.0 6.132906228303909
2522.0 6.157828688621521
2523.0 6.113525882363319
2524.0 6.105770498514175
2525.0 6.124765604734421
2526.0 6.105690762400627
2527.0 6.081134736537933
2528.0 6.076832264661789
2529.0 6.080455645918846
2530.0 6.103484109044075
2531.0 6.09603488445282
2532.0 6.09801971912384
2533.0 6.093729257583618
2534.0 6.086165472865105
2535.0 6.073131054639816
2536.0 6.087084323167801
2537.0 6.065614864230156
2538.0 6.0848248898983
2539.0 6.066168382763863
2540.0 6.055273398756981
2541.0 6.067375630140305
2542.0 6.053255394101143
2543.0 6.035125240683556
2544.0 6.04937070608139
2545.0 6.041791915893555
2546.0 6.055885806679726
2547.0 6.053050979971886
2548.0 6.0416901260614395
2549.0 6.025907665491104
2550.0 6.0234373062849045
2551.0 6.016021713614464
2552.0 5.97986176609993
2553.0 5.973095804452896
2554.0 5.973932281136513
2555.0 5.976460233330727
2556.0 5.970132157206535
2557.0 5.9625710397958755
2558.0 5.932516559958458
2559.0 5.893264964222908
2560.0 5.88305102288723
2561.0 5.885880798101425
2562.0 5.8853697925806046
2563.0 5.871824711561203
2564.0 5.871747329831123
2565.0 5.87311777472496
2566.0 5.846565097570419
2567.0 5.847001940011978
2568.0 5.86135870218277
2569.0 5.827278062701225
2570.0 5.819233015179634
2571.0 5.787440404295921
2572.0 5.7837716192007065
2573.0 5.791918486356735
2574.0 5.774325802922249
2575.0 5.797396615147591
2576.0 5.780964091420174
2577.0 5.7652635127305984
2578.0 5.769776999950409
2579.0 5.770336106419563
2580.0 5.757940918207169
2581.0 5.741579189896584
2582.0 5.753665715456009
2583.0 5.745115414261818
2584.0 5.721866622567177
2585.0 5.7184780687093735
2586.0 5.692904144525528
2587.0 5.680680215358734
2588.0 5.683838441967964
2589.0 5.7026743441820145
2590.0 5.7044733464717865
2591.0 5.707426682114601
2592.0 5.714947864413261
2593.0 5.705421611666679
2594.0 5.698244780302048
2595.0 5.67123918235302
2596.0 5.695689871907234
2597.0 5.674787774682045
2598.0 5.651545703411102
2599.0 5.652359053492546
2600.0 5.620897740125656
2601.0 5.63537061214447
2602.0 5.64105299115181
2603.0 5.635743051767349
2604.0 5.603956192731857
2605.0 5.585715100169182
2606.0 5.581831380724907
2607.0 5.596487179398537
2608.0 5.612596765160561
2609.0 5.586814150214195
2610.0 5.567056447267532
2611.0 5.570562556385994
2612.0 5.532911419868469
2613.0 5.528724044561386
2614.0 5.528848931193352
2615.0 5.527341932058334
2616.0 5.513929441571236
2617.0 5.503701150417328
2618.0 5.52405321598053
2619.0 5.51697301864624
2620.0 5.504347518086433
2621.0 5.521891817450523
2622.0 5.517457813024521
2623.0 5.526904225349426
2624.0 5.5241032391786575
2625.0 5.505935683846474
2626.0 5.523980602622032
2627.0 5.5286905169487
2628.0 5.528752714395523
2629.0 5.5234746634960175
2630.0 5.550507053732872
2631.0 5.517641007900238
2632.0 5.515805304050446
2633.0 5.522178679704666
2634.0 5.500078484416008
2635.0 5.521431148052216
2636.0 5.511841535568237
2637.0 5.519433990120888
2638.0 5.506038501858711
2639.0 5.529935300350189
2640.0 5.517926663160324
2641.0 5.510463267564774
2642.0 5.509888380765915
2643.0 5.521570101380348
2644.0 5.5101222693920135
2645.0 5.521429404616356
2646.0 5.511460319161415
2647.0 5.525286719202995
2648.0 5.538160055875778
2649.0 5.532924443483353
2650.0 5.524944335222244
2651.0 5.533624142408371
2652.0 5.538842648267746
2653.0 5.543242365121841
2654.0 5.543877348303795
2655.0 5.546722173690796
2656.0 5.5299380123615265
2657.0 5.509775906801224
2658.0 5.517789229750633
2659.0 5.487287133932114
2660.0 5.474625214934349
2661.0 5.4966448694467545
2662.0 5.503882348537445
2663.0 5.504313230514526
2664.0 5.504479736089706
2665.0 5.515605553984642
2666.0 5.503217056393623
2667.0 5.5257725566625595
2668.0 5.539165154099464
2669.0 5.550405785441399
2670.0 5.560052394866943
2671.0 5.5499812960624695
2672.0 5.542202338576317
2673.0 5.53996416926384
2674.0 5.538899555802345
2675.0 5.523327529430389
2676.0 5.5181664526462555
2677.0 5.515997529029846
2678.0 5.504833459854126
2679.0 5.4873769879341125
2680.0 5.471276089549065
2681.0 5.484396874904633
2682.0 5.467019587755203
2683.0 5.451875880360603
2684.0 5.415509447455406
2685.0 5.429852798581123
2686.0 5.413547709584236
2687.0 5.420657247304916
2688.0 5.427884802222252
2689.0 5.434964627027512
2690.0 5.425293013453484
2691.0 5.437856391072273
2692.0 5.428309187293053
2693.0 5.434009924530983
2694.0 5.428384229540825
2695.0 5.415464773774147
2696.0 5.424282655119896
2697.0 5.404143884778023
2698.0 5.409009158611298
2699.0 5.438867554068565
2700.0 5.451068997383118
2701.0 5.4344218373298645
2702.0 5.42142516374588
2703.0 5.426678150892258
2704.0 5.428253456950188
2705.0 5.407371863722801
2706.0 5.394912227988243
2707.0 5.369853243231773
2708.0 5.374335274100304
2709.0 5.390369951725006
2710.0 5.388405159115791
2711.0 5.394292563199997
2712.0 5.3621000945568085
2713.0 5.3748746663331985
2714.0 5.388703167438507
2715.0 5.364524096250534
2716.0 5.364370942115784
2717.0 5.400846555829048
2718.0 5.401947200298309
2719.0 5.3940796703100204
2720.0 5.385694667696953
2721.0 5.366051062941551
2722.0 5.386902078986168
2723.0 5.413528263568878
2724.0 5.406677007675171
2725.0 5.402964398264885
2726.0 5.351625129580498
2727.0 5.342292964458466
2728.0 5.32450433075428
2729.0 5.317869409918785
2730.0 5.285078212618828
2731.0 5.270528003573418
2732.0 5.254792958498001
2733.0 5.261258706450462
2734.0 5.273532405495644
2735.0 5.248016640543938
2736.0 5.244385898113251
2737.0 5.247108459472656
2738.0 5.238339886069298
2739.0 5.230745241045952
2740.0 5.210296556353569
2741.0 5.191322460770607
2742.0 5.200150892138481
2743.0 5.228337600827217
2744.0 5.215974062681198
2745.0 5.221430644392967
2746.0 5.2092165350914
2747.0 5.207955256104469
2748.0 5.211193740367889
2749.0 5.208581060171127
2750.0 5.211156263947487
2751.0 5.219561144709587
2752.0 5.217038586735725
2753.0 5.225925475358963
2754.0 5.234933793544769
2755.0 5.2360688000917435
2756.0 5.236280247569084
2757.0 5.220251977443695
2758.0 5.218033239245415
2759.0 5.222138971090317
2760.0 5.208599299192429
2761.0 5.2115844041109085
2762.0 5.224871844053268
2763.0 5.222340613603592
2764.0 5.212984651327133
2765.0 5.201740622520447
2766.0 5.171622171998024
2767.0 5.147495731711388
2768.0 5.117727309465408
2769.0 5.120772883296013
2770.0 5.105347529053688
2771.0 5.115294963121414
2772.0 5.099828660488129
2773.0 5.092132076621056
2774.0 5.08281446993351
2775.0 5.087608203291893
2776.0 5.0946512669324875
2777.0 5.099098548293114
2778.0 5.1020796447992325
2779.0 5.069242566823959
2780.0 5.06616884469986
2781.0 5.093036085367203
2782.0 5.095731928944588
2783.0 5.077596545219421
2784.0 5.061213836073875
2785.0 5.052270352840424
2786.0 5.057339549064636
2787.0 5.045025885105133
2788.0 5.065906494855881
2789.0 5.05891627073288
2790.0 5.049750089645386
2791.0 5.0616756826639175
2792.0 5.07321734726429
2793.0 5.076581671833992
2794.0 5.062958598136902
2795.0 5.042325511574745
2796.0 5.043262824416161
2797.0 5.032304584980011
2798.0 5.043383032083511
2799.0 5.094656154513359
2800.0 5.015631929039955
2801.0 5.023978695273399
2802.0 5.232513025403023
2803.0 5.010264798998833
2804.0 4.992953583598137
2805.0 5.044815719127655
2806.0 5.045909911394119
2807.0 5.011380910873413
2808.0 4.988126948475838
2809.0 4.966499477624893
2810.0 4.976760745048523
2811.0 4.9798789620399475
2812.0 4.959771350026131
2813.0 4.955345422029495
2814.0 4.97966331243515
2815.0 4.9948709309101105
2816.0 4.999203726649284
2817.0 4.9718460738658905
2818.0 4.98071613907814
2819.0 4.988071650266647
2820.0 4.9797026216983795
2821.0 4.9314859211444855
2822.0 4.969487980008125
2823.0 4.9698091596364975
2824.0 4.970035523176193
2825.0 4.95340496301651
2826.0 4.952164024114609
2827.0 4.966509506106377
2828.0 4.940882816910744
2829.0 4.918337434530258
2830.0 4.935188010334969
2831.0 4.971256330609322
2832.0 4.951195955276489
2833.0 4.955302283167839
2834.0 4.937648311257362
2835.0 4.948717474937439
2836.0 4.94802787899971
2837.0 4.9468278884887695
2838.0 4.943766638636589
2839.0 4.923381015658379
2840.0 4.905635520815849
2841.0 4.91072641313076
2842.0 4.930079936981201
2843.0 4.901235580444336
2844.0 4.937475010752678
2845.0 4.957431808114052
2846.0 4.939360782504082
2847.0 4.9553393721580505
2848.0 4.942874312400818
2849.0 4.9657620042562485
2850.0 4.968102768063545
2851.0 4.970981687307358
2852.0 4.974061965942383
2853.0 4.962460741400719
2854.0 4.9560607969760895
2855.0 4.961182877421379
2856.0 4.962118372321129
2857.0 4.971266105771065
2858.0 4.971119076013565
2859.0 4.9593509286642075
2860.0 4.938997000455856
2861.0 4.946986958384514
2862.0 4.942302897572517
2863.0 4.936100363731384
2864.0 4.9170674830675125
2865.0 4.898183658719063
2866.0 4.899631470441818
2867.0 4.898149624466896
2868.0 4.870598912239075
2869.0 4.877777636051178
2870.0 4.8740812838077545
2871.0 4.866344764828682
2872.0 4.871690988540649
2873.0 4.882891863584518
2874.0 4.8864846378564835
2875.0 4.875452473759651
2876.0 4.87226527929306
2877.0 4.866403967142105
2878.0 4.841688245534897
2879.0 4.856552705168724
2880.0 4.872086971998215
2881.0 4.85680016875267
2882.0 4.858020946383476
2883.0 4.839317888021469
2884.0 4.846778705716133
2885.0 4.857579171657562
2886.0 4.843962147831917
2887.0 4.841287866234779
2888.0 4.852357640862465
2889.0 4.856595605611801
2890.0 4.858668729662895
2891.0 4.854141443967819
2892.0 4.8614407032728195
2893.0 4.859294027090073
2894.0 4.873966962099075
2895.0 4.86957947909832
2896.0 4.863568797707558
2897.0 4.866370320320129
2898.0 4.834784135222435
2899.0 4.848310574889183
2900.0 4.84832575917244
2901.0 4.837729036808014
2902.0 4.815370962023735
2903.0 4.815881043672562
2904.0 4.829201385378838
2905.0 4.836647316813469
2906.0 4.815232038497925
2907.0 4.810899972915649
2908.0 4.810055986046791
2909.0 4.811764299869537
2910.0 4.842229411005974
2911.0 4.843999058008194
2912.0 4.801879778504372
2913.0 4.827939793467522
2914.0 4.834755539894104
2915.0 4.833328291773796
2916.0 4.840904384851456
2917.0 4.828841835260391
2918.0 4.825695484876633
2919.0 4.818519622087479
2920.0 4.801913410425186
2921.0 4.808163985610008
2922.0 4.824224293231964
2923.0 4.801389008760452
2924.0 4.810915902256966
2925.0 4.820547848939896
2926.0 4.791890025138855
2927.0 4.811276838183403
2928.0 4.8365418910980225
2929.0 4.80459101498127
2930.0 4.835300505161285
2931.0 4.828304082155228
2932.0 4.814691454172134
2933.0 4.810336738824844
2934.0 4.823950171470642
2935.0 4.827004179358482
2936.0 4.843210592865944
2937.0 4.839551255106926
2938.0 4.837563171982765
2939.0 4.837886795401573
2940.0 4.844260439276695
2941.0 4.862426519393921
2942.0 4.851033449172974
2943.0 4.834785759449005
2944.0 4.831979840993881
2945.0 4.8368164747953415
2946.0 4.843023374676704
2947.0 4.840891122817993
2948.0 4.856941998004913
2949.0 4.846337586641312
2950.0 4.822485879063606
2951.0 4.831968262791634
2952.0 4.836337521672249
2953.0 4.831311374902725
2954.0 4.825330674648285
2955.0 4.8361243307590485
2956.0 4.836608812212944
2957.0 4.792280361056328
2958.0 4.811866670846939
2959.0 4.79930280148983
2960.0 4.825890198349953
2961.0 4.790452018380165
2962.0 4.790308341383934
2963.0 4.802112281322479
2964.0 4.7852064818143845
2965.0 4.7864594757556915
2966.0 4.772715404629707
2967.0 4.775363922119141
2968.0 4.775601282715797
2969.0 4.77916507422924
2970.0 4.755169525742531
2971.0 4.750886306166649
2972.0 4.754560053348541
2973.0 4.750236317515373
2974.0 4.7270603477954865
2975.0 4.71347750723362
2976.0 4.729849934577942
2977.0 4.763878986239433
2978.0 4.725343570113182
2979.0 4.726200073957443
2980.0 4.731461361050606
2981.0 4.73368801176548
2982.0 4.727662727236748
2983.0 4.72192195057869
2984.0 4.741457596421242
2985.0 4.735031217336655
2986.0 4.731177628040314
2987.0 4.70958386361599
2988.0 4.723503947257996
2989.0 4.74615877866745
2990.0 4.760023817420006
2991.0 4.770613104104996
2992.0 4.772773757576942
2993.0 4.765385523438454
2994.0 4.7792052030563354
2995.0 4.779873251914978
2996.0 4.7869952619075775
2997.0 4.792777895927429
2998.0 4.7910410314798355
2999.0 4.762315168976784
3000.0 4.791042968630791
3001.0 4.796764507889748
3002.0 4.805029645562172
3003.0 4.800174802541733
3004.0 4.788485690951347
3005.0 4.78008945286274
3006.0 4.775544703006744
3007.0 4.77824629843235
3008.0 4.778788357973099
3009.0 4.77678607404232
3010.0 4.752629518508911
3011.0 4.739798873662949
3012.0 4.741750314831734
3013.0 4.75625579059124
3014.0 4.7424279153347015
3015.0 4.771515101194382
3016.0 4.734379440546036
3017.0 4.7313264310359955
3018.0 4.716704934835434
3019.0 4.704751968383789
3020.0 4.7047746777534485
3021.0 4.705515027046204
3022.0 4.690801054239273
3023.0 4.674119025468826
3024.0 4.639142602682114
3025.0 4.619002595543861
3026.0 4.604976579546928
3027.0 4.6128059178590775
3028.0 4.6013161689043045
3029.0 4.603159666061401
3030.0 4.596692278981209
3031.0 4.5912430584430695
3032.0 4.5829342901706696
3033.0 4.577519088983536
3034.0 4.5743753761053085
3035.0 4.566474929451942
3036.0 4.561308890581131
3037.0 4.558409467339516
3038.0 4.547184079885483
3039.0 4.523877963423729
3040.0 4.48193322122097
3041.0 4.51705102622509
3042.0 4.506863787770271
3043.0 4.486337572336197
3044.0 4.48611681163311
3045.0 4.4758016765117645
3046.0 4.487554118037224
3047.0 4.474407881498337
3048.0 4.477526932954788
3049.0 4.478446885943413
3050.0 4.475168153643608
3051.0 4.461109787225723
3052.0 4.461219772696495
3053.0 4.450451672077179
3054.0 4.4582678228616714
3055.0 4.4400166273117065
3056.0 4.446468412876129
3057.0 4.4658516347408295
3058.0 4.449168115854263
3059.0 4.463520243763924
3060.0 4.457355961203575
3061.0 4.461442515254021
3062.0 4.478232651948929
3063.0 4.448564291000366
3064.0 4.451265797019005
3065.0 4.44498772919178
3066.0 4.4480960220098495
3067.0 4.478941440582275
3068.0 4.462685823440552
3069.0 4.4566749930381775
3070.0 4.435705170035362
3071.0 4.426347136497498
3072.0 4.4350563287734985
3073.0 4.42400124669075
3074.0 4.409073680639267
3075.0 4.423954159021378
3076.0 4.429299473762512
3077.0 4.443219602108002
3078.0 4.440269872546196
3079.0 4.4269896894693375
3080.0 4.4286168068647385
3081.0 4.421216771006584
3082.0 4.423013612627983
3083.0 4.41376905143261
3084.0 4.413710534572601
3085.0 4.417211949825287
3086.0 4.428003221750259
3087.0 4.411605894565582
3088.0 4.411455258727074
3089.0 4.396323874592781
3090.0 4.406270146369934
3091.0 4.420916348695755
3092.0 4.403435066342354
3093.0 4.411013141274452
3094.0 4.400518164038658
3095.0 4.403038293123245
3096.0 4.396162807941437
3097.0 4.403757318854332
3098.0 4.41140641272068
3099.0 4.42474091053009
3100.0 4.404099762439728
3101.0 4.4057057946920395
3102.0 4.422672420740128
3103.0 4.449569389224052
3104.0 4.429609030485153
3105.0 4.4223726242780685
3106.0 4.4090905636549
3107.0 4.402690961956978
3108.0 4.411291092634201
3109.0 4.394540771842003
3110.0 4.4056257754564285
3111.0 4.403986141085625
3112.0 4.405995011329651
3113.0 4.409958928823471
3114.0 4.396368235349655
3115.0 4.38091179728508
3116.0 4.3772580325603485
3117.0 4.391362354159355
3118.0 4.390265241265297
3119.0 4.373519748449326
3120.0 4.3520030826330185
3121.0 4.3809644728899
3122.0 4.373089328408241
3123.0 4.361963048577309
3124.0 4.36116635799408
3125.0 4.386274516582489
3126.0 4.371354207396507
3127.0 4.361989200115204
3128.0 4.377160459756851
3129.0 4.368065029382706
3130.0 4.383112296462059
3131.0 4.409122422337532
3132.0 4.392525896430016
3133.0 4.388801470398903
3134.0 4.403017371892929
3135.0 4.3836981654167175
3136.0 4.368046164512634
3137.0 4.377630636096001
3138.0 4.388649478554726
3139.0 4.390156373381615
3140.0 4.390419974923134
3141.0 4.381111517548561
3142.0 4.368635788559914
3143.0 4.385747358202934
3144.0 4.394551575183868
3145.0 4.378942936658859
3146.0 4.403613388538361
3147.0 4.411392733454704
3148.0 4.430479973554611
3149.0 4.407701075077057
3150.0 4.378090277314186
3151.0 4.378306582570076
3152.0 4.380051627755165
3153.0 4.378233894705772
3154.0 4.3871335834264755
3155.0 4.372275844216347
3156.0 4.374438181519508
3157.0 4.376885175704956
3158.0 4.365458711981773
3159.0 4.38396181166172
3160.0 4.372735783457756
3161.0 4.355149284005165
3162.0 4.360538572072983
3163.0 4.379107564687729
3164.0 4.370131805539131
3165.0 4.372268378734589
3166.0 4.362119898200035
3167.0 4.368995577096939
3168.0 4.354871615767479
3169.0 4.352404564619064
3170.0 4.359656572341919
3171.0 4.364916563034058
3172.0 4.335454806685448
3173.0 4.331496238708496
3174.0 4.343496188521385
3175.0 4.357150554656982
3176.0 4.344666987657547
3177.0 4.345651298761368
3178.0 4.353014603257179
3179.0 4.363445863127708
3180.0 4.3496561497449875
3181.0 4.3396661430597305
3182.0 4.341986611485481
3183.0 4.353547006845474
3184.0 4.349902227520943
3185.0 4.349456489086151
3186.0 4.3437123745679855
3187.0 4.351735234260559
3188.0 4.3352370262146
3189.0 4.321280837059021
3190.0 4.3258485198020935
3191.0 4.32661409676075
3192.0 4.3272813856601715
3193.0 4.314472168684006
3194.0 4.322364240884781
3195.0 4.316341534256935
3196.0 4.314467400312424
3197.0 4.312972337007523
3198.0 4.3192038834095
3199.0 4.317530259490013
3200.0 4.297807231545448
3201.0 4.295680969953537
3202.0 4.294520780444145
3203.0 4.313383191823959
3204.0 4.30386558175087
3205.0 4.285795703530312
3206.0 4.278858438134193
3207.0 4.260591566562653
3208.0 4.273552387952805
3209.0 4.258586719632149
3210.0 4.256594404578209
3211.0 4.262645661830902
3212.0 4.257645711302757
3213.0 4.259673073887825
3214.0 4.244141072034836
3215.0 4.227749228477478
3216.0 4.226021468639374
3217.0 4.204246938228607
3218.0 4.210922494530678
3219.0 4.19741690158844
3220.0 4.219108581542969
3221.0 4.205598160624504
3222.0 4.185322478413582
3223.0 4.182724758982658
3224.0 4.19650399684906
3225.0 4.19479051977396
3226.0 4.18157884478569
3227.0 4.192085966467857
3228.0 4.190970182418823
3229.0 4.162360697984695
3230.0 4.182016357779503
3231.0 4.2042331248521805
3232.0 4.183878272771835
3233.0 4.175037935376167
3234.0 4.174281343817711
3235.0 4.166226789355278
3236.0 4.1629811227321625
3237.0 4.150953821837902
3238.0 4.139489911496639
3239.0 4.11767391115427
3240.0 4.129276312887669
3241.0 4.102166920900345
3242.0 4.080395452678204
3243.0 4.075631201267242
3244.0 4.085913248360157
3245.0 4.09610041975975
3246.0 4.049665682017803
3247.0 4.045444190502167
3248.0 4.043767087161541
3249.0 4.052033014595509
3250.0 4.039185434579849
3251.0 4.027675002813339
3252.0 4.023336537182331
3253.0 4.031625479459763
3254.0 4.019230142235756
3255.0 4.017458252608776
3256.0 3.987915702164173
3257.0 3.974566273391247
3258.0 3.9902825132012367
3259.0 3.9725338146090508
3260.0 3.9630869552493095
3261.0 3.969239518046379
3262.0 3.947871521115303
3263.0 3.942937210202217
3264.0 3.9350897073745728
3265.0 3.919245608150959
3266.0 3.940252475440502
3267.0 3.9318547025322914
3268.0 3.9295311868190765
3269.0 3.929859049618244
3270.0 3.918331779539585
3271.0 3.917690247297287
3272.0 3.894346848130226
3273.0 3.8903503865003586
3274.0 3.857249192893505
3275.0 3.8883837684988976
3276.0 3.8700971379876137
3277.0 3.8411194309592247
3278.0 3.861130468547344
3279.0 3.8561850786209106
3280.0 3.833351217210293
3281.0 3.8164186030626297
3282.0 3.800469659268856
3283.0 3.807679131627083
3284.0 3.799624763429165
3285.0 3.7925516590476036
3286.0 3.786222070455551
3287.0 3.76486986130476
3288.0 3.7570556104183197
3289.0 3.7592016980051994
3290.0 3.755336694419384
3291.0 3.741779938340187
3292.0 3.7225167006254196
3293.0 3.7333725094795227
3294.0 3.727725386619568
3295.0 3.701139710843563
3296.0 3.705622360110283
3297.0 3.716948464512825
3298.0 3.7029498890042305
3299.0 3.7094712778925896
3300.0 3.690301552414894
3301.0 3.698153056204319
3302.0 3.679925575852394
3303.0 3.6746977493166924
3304.0 3.6782815530896187
3305.0 3.6573499888181686
3306.0 3.6628727093338966
3307.0 3.661466918885708
3308.0 3.6400066912174225
3309.0 3.641215533018112
3310.0 3.6522338911890984
3311.0 3.6403434351086617
3312.0 3.632937617599964
3313.0 3.637568384408951
3314.0 3.6419103667140007
3315.0 3.6192831993103027
3316.0 3.591795489192009
3317.0 3.611849032342434
3318.0 3.6023116409778595
3319.0 3.6307183504104614
3320.0 3.61955314129591
3321.0 3.6031175181269646
3322.0 3.592062681913376
3323.0 3.5876027047634125
3324.0 3.592575751245022
3325.0 3.5731880590319633
3326.0 3.5820829644799232
3327.0 3.581335484981537
3328.0 3.583161197602749
3329.0 3.5573298931121826
3330.0 3.554588258266449
3331.0 3.551093205809593
3332.0 3.5429654270410538
3333.0 3.545993648469448
3334.0 3.539876088500023
3335.0 3.5392017513513565
3336.0 3.527799539268017
3337.0 3.53541100025177
3338.0 3.5626839473843575
3339.0 3.543006546795368
3340.0 3.524862177670002
3341.0 3.515683427453041
3342.0 3.5085936933755875
3343.0 3.5218852907419205
3344.0 3.5191605240106583
3345.0 3.5054749101400375
3346.0 3.5161010026931763
3347.0 3.520320624113083
3348.0 3.517425149679184
3349.0 3.51578838378191
3350.0 3.5165156722068787
3351.0 3.5194736048579216
3352.0 3.5108714625239372
3353.0 3.527653180062771
3354.0 3.501578740775585
3355.0 3.517198756337166
3356.0 3.5120303854346275
3357.0 3.513260655105114
3358.0 3.512068785727024
3359.0 3.5095374137163162
3360.0 3.514777183532715
3361.0 3.511017695069313
3362.0 3.499494045972824
3363.0 3.5078807547688484
3364.0 3.519466519355774
3365.0 3.5141916275024414
3366.0 3.5150070637464523
3367.0 3.495255269110203
3368.0 3.49959234893322
3369.0 3.493007741868496
3370.0 3.500261828303337
3371.0 3.488245338201523
3372.0 3.485974930226803
3373.0 3.4892084300518036
3374.0 3.48562353849411
3375.0 3.4845238402485847
3376.0 3.490232892334461
3377.0 3.490429826080799
3378.0 3.483527310192585
3379.0 3.469049148261547
3380.0 3.4720232486724854
3381.0 3.4662284404039383
3382.0 3.4777858331799507
3383.0 3.4531220346689224
3384.0 3.4715718775987625
3385.0 3.4743765741586685
3386.0 3.4788238406181335
3387.0 3.469126209616661
3388.0 3.465403214097023
3389.0 3.4615003392100334
3390.0 3.458508439362049
3391.0 3.462650440633297
3392.0 3.4714561998844147
3393.0 3.4448542445898056
3394.0 3.456206813454628
3395.0 3.4432152807712555
3396.0 3.446025714278221
3397.0 3.4381196200847626
3398.0 3.4130604341626167
3399.0 3.423886239528656
3400.0 3.430189862847328
3401.0 3.4293594360351563
3402.0 3.4332122057676315
3403.0 3.440716862678528
3404.0 3.4737609028816223
3405.0 3.4682407453656197
3406.0 3.437691643834114
3407.0 3.464320220053196
3408.0 3.469578631222248
3409.0 3.4339376389980316
3410.0 3.4497368559241295
3411.0 3.4383632093667984
3412.0 3.430389426648617
3413.0 3.4412325024604797
3414.0 3.444875866174698
3415.0 3.4525143280625343
3416.0 3.4467318430542946
3417.0 3.447673112154007
3418.0 3.4609281420707703
3419.0 3.448559619486332
3420.0 3.4367600306868553
3421.0 3.4347918704152107
3422.0 3.427040107548237
3423.0 3.435369111597538
3424.0 3.441554605960846
3425.0 3.4466284662485123
3426.0 3.4306182339787483
3427.0 3.42988807708025
3428.0 3.4247330650687218
3429.0 3.429899498820305
3430.0 3.40778411924839
3431.0 3.406491108238697
3432.0 3.429664522409439
3433.0 3.4329049214720726
3434.0 3.433775343000889
3435.0 3.4273736849427223
3436.0 3.438049964606762
3437.0 3.43385311961174
3438.0 3.442303977906704
3439.0 3.4310153499245644
3440.0 3.4304452538490295
3441.0 3.4479945078492165
3442.0 3.449128992855549
3443.0 3.4329442977905273
3444.0 3.4381780549883842
3445.0 3.416082002222538
3446.0 3.444043882191181
3447.0 3.425787977874279
3448.0 3.4280133694410324
3449.0 3.436241887509823
3450.0 3.430244192481041
3451.0 3.421669363975525
3452.0 3.4235008358955383
3453.0 3.4287048503756523
3454.0 3.437407046556473
3455.0 3.4509938210248947
3456.0 3.434010289609432
3457.0 3.431792713701725
3458.0 3.4265183582901955
3459.0 3.4234686195850372
3460.0 3.4214161783456802
3461.0 3.4112906455993652
3462.0 3.398453466594219
3463.0 3.394459843635559
3464.0 3.397870607674122
3465.0 3.405211217701435
3466.0 3.3988615050911903
3467.0 3.404940612614155
3468.0 3.4107340574264526
3469.0 3.3897079303860664
3470.0 3.3913538977503777
3471.0 3.393008768558502
3472.0 3.3928408175706863
3473.0 3.389095090329647
3474.0 3.41160299628973
3475.0 3.4079518392682076
3476.0 3.387778155505657
3477.0 3.4029924646019936
3478.0 3.407966785132885
3479.0 3.3920944929122925
3480.0 3.410717971622944
3481.0 3.414005510509014
3482.0 3.4046006724238396
3483.0 3.3962817192077637
3484.0 3.397754207253456
3485.0 3.4263278171420097
3486.0 3.4147192537784576
3487.0 3.4049644246697426
3488.0 3.383463330566883
3489.0 3.3972545191645622
3490.0 3.4046397358179092
3491.0 3.409904643893242
3492.0 3.399961344897747
3493.0 3.412404954433441
3494.0 3.398805223405361
3495.0 3.3779805302619934
3496.0 3.39480447024107
3497.0 3.429088771343231
3498.0 3.4198735803365707
3499.0 3.4189610481262207
3500.0 3.429638236761093
3501.0 3.4262060299515724
3502.0 3.4388726577162743
3503.0 3.431263357400894
3504.0 3.436766989529133
3505.0 3.458935998380184
3506.0 3.4513390511274338
3507.0 3.452054589986801
3508.0 3.481346532702446
3509.0 3.4705217704176903
3510.0 3.4564308896660805
3511.0 3.474220596253872
3512.0 3.4659188464283943
3513.0 3.4634064063429832
3514.0 3.4770939722657204
3515.0 3.4966142550110817
3516.0 3.4854447320103645
3517.0 3.5031885877251625
3518.0 3.510444812476635
3519.0 3.492738351225853
3520.0 3.4945634454488754
3521.0 3.5025553181767464
3522.0 3.500898614525795
3523.0 3.5069023221731186
3524.0 3.5005032271146774
3525.0 3.4936635866761208
3526.0 3.4924107640981674
3527.0 3.473237507045269
3528.0 3.483396537601948
3529.0 3.4798493087291718
3530.0 3.4722691476345062
3531.0 3.468885324895382
3532.0 3.470270223915577
3533.0 3.481658846139908
3534.0 3.492090940475464
3535.0 3.488417088985443
3536.0 3.498886041343212
3537.0 3.487360507249832
3538.0 3.500512480735779
3539.0 3.5039001405239105
3540.0 3.505800925195217
3541.0 3.503482684493065
3542.0 3.5280308201909065
3543.0 3.502917118370533
3544.0 3.5149431377649307
3545.0 3.5255493819713593
3546.0 3.517827257514
3547.0 3.536256857216358
3548.0 3.533282086253166
3549.0 3.529075466096401
3550.0 3.5189812257885933
3551.0 3.512679487466812
3552.0 3.5083764120936394
3553.0 3.5111985355615616
3554.0 3.535915456712246
3555.0 3.535098686814308
3556.0 3.5271658152341843
3557.0 3.5408691316843033
3558.0 3.5349317491054535
3559.0 3.529926262795925
3560.0 3.5347885489463806
3561.0 3.5410128831863403
3562.0 3.5404748767614365
3563.0 3.5348940417170525
3564.0 3.5403944104909897
3565.0 3.5588004887104034
3566.0 3.5400131568312645
3567.0 3.5565192326903343
3568.0 3.5524953603744507
3569.0 3.538360223174095
3570.0 3.548797942698002
3571.0 3.5625283867120743
3572.0 3.5353679433465004
3573.0 3.5417238399386406
3574.0 3.5400082617998123
3575.0 3.53238482773304
3576.0 3.528921291232109
3577.0 3.5328919142484665
3578.0 3.515501447021961
3579.0 3.5086672976613045
3580.0 3.5191916301846504
3581.0 3.5190118849277496
3582.0 3.53024335950613
3583.0 3.5315950885415077
3584.0 3.519059456884861
3585.0 3.5062129497528076
3586.0 3.508488304913044
3587.0 3.5102092027664185
3588.0 3.500102750957012
3589.0 3.4916638284921646
3590.0 3.4857184514403343
3591.0 3.4979462698101997
3592.0 3.475146636366844
3593.0 3.4662566408514977
3594.0 3.4529526233673096
3595.0 3.455986939370632
3596.0 3.4703059792518616
3597.0 3.4600529968738556
3598.0 3.466299533843994
3599.0 3.4499770998954773
3600.0 3.461758464574814
3601.0 3.459611438214779
3602.0 3.4576524421572685
3603.0 3.4577953442931175
3604.0 3.46000324934721
3605.0 3.4576466232538223
3606.0 3.451918937265873
3607.0 3.4469696655869484
3608.0 3.4432392716407776
3609.0 3.423425629734993
3610.0 3.438907854259014
3611.0 3.458330847322941
3612.0 3.4520689845085144
3613.0 3.4483910873532295
3614.0 3.4425165951251984
3615.0 3.4374982938170433
3616.0 3.432610332965851
3617.0 3.4278539046645164
3618.0 3.4387683495879173
3619.0 3.433466523885727
3620.0 3.4132787585258484
3621.0 3.4322302639484406
3622.0 3.440152794122696
3623.0 3.445189468562603
3624.0 3.4259871914982796
3625.0 3.435653656721115
3626.0 3.4521973952651024
3627.0 3.458517700433731
3628.0 3.427804358303547
3629.0 3.411849543452263
3630.0 3.437813065946102
3631.0 3.431502044200897
3632.0 3.426649607717991
3633.0 3.4188455939292908
3634.0 3.41847325861454
3635.0 3.4515897408127785
3636.0 3.42186838388443
3637.0 3.414157412946224
3638.0 3.4076415821909904
3639.0 3.399439714848995
3640.0 3.41001608222723
3641.0 3.421952672302723
3642.0 3.4039583653211594
3643.0 3.426686108112335
3644.0 3.3921267986297607
3645.0 3.4134931936860085
3646.0 3.427841328084469
3647.0 3.418049067258835
3648.0 3.4182646945118904
3649.0 3.413381904363632
3650.0 3.4133992940187454
3651.0 3.420918196439743
3652.0 3.411542572081089
3653.0 3.406716264784336
3654.0 3.4064852818846703
3655.0 3.415026217699051
3656.0 3.412383019924164
3657.0 3.4055038318037987
3658.0 3.4130153208971024
3659.0 3.3980731144547462
3660.0 3.3980239182710648
3661.0 3.412707082927227
3662.0 3.3994950130581856
3663.0 3.378040239214897
3664.0 3.394401893019676
3665.0 3.378110244870186
3666.0 3.367989480495453
3667.0 3.370262160897255
3668.0 3.390099950134754
3669.0 3.3924373015761375
3670.0 3.393608793616295
3671.0 3.3828183114528656
3672.0 3.3732523545622826
3673.0 3.361345298588276
3674.0 3.3676464334130287
3675.0 3.35309898853302
3676.0 3.3553798347711563
3677.0 3.3605762347579002
3678.0 3.35397719591856
3679.0 3.3317063823342323
