1.0 27.602216720581055
2.0 27.60360876719157
3.0 27.44210974375407
4.0 27.54888852437337
5.0 27.63388156890869
6.0 27.68444283803304
7.0 27.665654182434082
8.0 27.675598462422688
9.0 27.613752365112305
10.0 27.53086217244466
11.0 27.52145767211914
12.0 27.348541895548504
13.0 27.258216222127277
14.0 27.19014612833659
15.0 27.141791979471844
16.0 27.097497940063477
17.0 27.04271062215169
18.0 27.00037161509196
19.0 27.0782413482666
20.0 27.393891016642254
21.0 27.592734336853027
22.0 27.77063751220703
23.0 27.911199887593586
24.0 27.955253918965656
25.0 28.140276273091633
26.0 28.320679982503254
27.0 28.47648588816325
28.0 28.570972124735516
29.0 28.529393513997395
30.0 28.43133036295573
31.0 28.4306001663208
32.0 28.352803548177082
33.0 28.339427947998047
34.0 28.27626355489095
35.0 28.276281992594402
36.0 28.313227653503418
37.0 28.25758171081543
38.0 28.099283536275227
39.0 27.97537962595622
40.0 27.851154645284016
41.0 27.714999516805012
42.0 27.62890688578288
43.0 27.50106970469157
44.0 27.451725641886394
45.0 27.371389706929524
46.0 27.327180862426758
47.0 27.423796971638996
48.0 27.57502047220866
49.0 27.516663551330566
50.0 27.48816680908203
51.0 27.415273666381836
52.0 27.27314631144206
53.0 27.25684865315755
54.0 27.190810203552246
55.0 26.995986938476563
56.0 26.941872278849285
57.0 28.1857967376709
58.0 24.387884775797527
59.0 70.50061829884847
60.0 151.8487180074056
61.0 187.48004150390625
62.0 120.30200513203938
63.0 34.7730770111084
64.0 25.254475911458332
65.0 28.2468744913737
66.0 27.95060666402181
67.0 27.673735936482746
68.0 27.606971740722656
69.0 27.52026621500651
70.0 27.198217074076336
71.0 27.162453015645344
72.0 27.145973523457844
73.0 27.193652788798016
74.0 27.351131121317547
75.0 27.233713785807293
76.0 27.02297019958496
77.0 26.72711722056071
78.0 26.524217287699383
79.0 26.20676390329997
80.0 25.921117782592773
81.0 25.67483615875244
82.0 25.438976605733234
83.0 25.142099062601726
84.0 24.851915677388508
85.0 24.602476437886555
86.0 24.365124702453613
87.0 23.917129198710125
88.0 23.743000348409016
89.0 23.62411340077718
90.0 23.580188433329266
91.0 23.48793888092041
92.0 23.241207758585613
93.0 23.13043721516927
94.0 22.883421579996746
95.0 22.802432378133137
96.0 22.74691677093506
97.0 22.628026644388836
98.0 22.587274233500164
99.0 22.63345177968343
100.0 22.65472412109375
101.0 23.064018885294598
102.0 23.366747856140137
103.0 23.56631088256836
104.0 24.283807118733723
105.0 24.86542510986328
106.0 22.67816162109375
107.0 141.75613403320313
108.0 203.39762369791666
109.0 199.53880055745444
110.0 198.8207982381185
111.0 198.6281712849935
112.0 197.28801472981772
113.0 198.89107767740884
114.0 165.0416514078776
115.0 40.322147369384766
116.0 16.310648600260418
117.0 21.599775314331055
118.0 21.098716100056965
119.0 20.98015308380127
120.0 21.037251472473145
121.0 20.99943510691325
122.0 21.133578300476074
123.0 21.125901858011883
124.0 21.264313379923504
125.0 21.411463419596355
126.0 21.512545903523762
127.0 21.571982383728027
128.0 21.638618151346844
129.0 21.469241460164387
130.0 21.31889279683431
131.0 21.166677792867024
132.0 20.794312795003254
133.0 20.421156883239746
134.0 20.03564389546712
135.0 19.574554761250813
136.0 19.197597821553547
137.0 18.608346621195476
138.0 18.245695114135742
139.0 17.846446355183918
140.0 17.459383646647137
141.0 17.091437021891277
142.0 16.709030151367188
143.0 16.33526611328125
144.0 16.11909755071004
145.0 16.00526189804077
146.0 15.748342355092367
147.0 18.63136641184489
148.0 7.88144580523173
149.0 57.915133794148765
150.0 131.45457204182944
151.0 197.15296173095703
152.0 154.14614613850912
153.0 25.95292091369629
154.0 14.67318598429362
155.0 17.71440601348877
156.0 17.56443468729655
157.0 17.541926701863606
158.0 17.596525192260742
159.0 17.558876355489094
160.0 17.520895957946777
161.0 17.38513724009196
162.0 17.412043571472168
163.0 17.4518461227417
164.0 17.440197308858234
165.0 17.696786244710285
166.0 17.952232996622723
167.0 18.261040687561035
168.0 18.56638749440511
169.0 18.95157527923584
170.0 19.32973798116048
171.0 19.62445576985677
172.0 20.009262402852375
173.0 20.38072903951009
174.0 20.602269490559895
175.0 20.855143864949543
176.0 21.058844566345215
177.0 21.237385749816895
178.0 21.502034505208332
179.0 21.69056797027588
180.0 21.846204439798992
181.0 21.974849383036297
182.0 22.096707979838055
183.0 22.196543375651043
184.0 22.23264757792155
185.0 22.162870089213055
186.0 22.098548889160156
187.0 22.145190874735516
188.0 22.34628391265869
189.0 22.46050802866618
190.0 22.67048676808675
191.0 22.6508576075236
192.0 22.95775604248047
193.0 23.251217524210613
194.0 23.512023607889812
195.0 23.667667388916016
196.0 23.9272403717041
197.0 24.219878514607746
198.0 24.400709470113117
199.0 24.74101161956787
200.0 24.626599311828613
201.0 24.691510518391926
202.0 24.72566795349121
203.0 24.768776575724285
204.0 24.642466862996418
205.0 24.592543601989746
206.0 24.541565259297688
207.0 24.555038770039875
208.0 24.64511521657308
209.0 24.48166624704997
210.0 24.714410146077473
211.0 25.001115481058758
212.0 25.159605979919434
213.0 25.338394165039063
214.0 25.566214561462402
215.0 25.766475359598797
216.0 26.072365442911785
217.0 26.523588180541992
218.0 26.54120667775472
219.0 26.98665428161621
220.0 27.115939458211262
221.0 27.240790049235027
222.0 27.255261103312176
223.0 27.269731203715008
224.0 27.27184518178304
225.0 27.181527455647785
226.0 27.212095896402996
227.0 27.06180731455485
228.0 27.014076232910156
229.0 27.049821535746258
230.0 27.178985595703125
231.0 27.22344716389974
232.0 27.35822582244873
233.0 27.626954714457195
234.0 27.735877990722656
235.0 27.974324226379395
236.0 27.92694886525472
237.0 28.161662101745605
238.0 28.32123057047526
239.0 28.54901695251465
240.0 28.73044236501058
241.0 28.84620253245036
242.0 28.873313268025715
243.0 28.976608594258625
244.0 29.0018892288208
245.0 28.65458583831787
246.0 28.845672289530437
247.0 28.902218500773113
248.0 28.984614372253418
249.0 29.0941260655721
250.0 29.23159917195638
251.0 29.363597234090168
252.0 29.561963081359863
253.0 29.672945976257324
254.0 29.452331860860188
255.0 29.31921132405599
256.0 29.21634833017985
257.0 29.038102785746258
258.0 28.64117495218913
259.0 28.41851043701172
260.0 28.168855985005695
261.0 28.040263811747234
262.0 27.692078908284504
263.0 27.404611587524414
264.0 27.18616263071696
265.0 26.84042739868164
266.0 26.684932708740234
267.0 26.46723524729411
268.0 26.4150546391805
269.0 26.524964968363445
270.0 26.47003714243571
271.0 26.541072209676106
272.0 26.44613806406657
273.0 26.405996640523274
274.0 26.24661636352539
275.0 26.058022181193035
276.0 25.90939172108968
277.0 25.652894020080566
278.0 25.43264325459798
279.0 25.35869534810384
280.0 25.491672197977703
281.0 25.480398813883465
282.0 25.492525418599445
283.0 25.283097585042317
284.0 25.10665480295817
285.0 24.769050280253094
286.0 24.386058807373047
287.0 24.21202278137207
288.0 24.013355255126953
289.0 23.851404825846355
290.0 23.79247760772705
291.0 23.734451293945313
292.0 23.722886721293133
293.0 23.715511004130047
294.0 23.5722017288208
295.0 23.44626267751058
296.0 23.15084457397461
297.0 22.87639395395915
298.0 22.54055182139079
299.0 22.08635075887044
300.0 21.65181891123454
301.0 21.114417394002277
302.0 20.568758964538574
303.0 20.177106221516926
304.0 19.829395294189453
305.0 19.568217913309734
306.0 19.268629391988117
307.0 18.851759910583496
308.0 18.04063351949056
309.0 17.458507855733234
310.0 16.987769444783527
311.0 16.467387040456135
312.0 15.972851753234863
313.0 15.59568198521932
314.0 15.238967736562094
315.0 14.832190036773682
316.0 14.386592864990234
317.0 13.952699979146322
318.0 13.430257002512613
319.0 12.830129305521647
320.0 12.271946907043457
321.0 11.738731225331625
322.0 11.24379332860311
323.0 10.833792686462402
324.0 10.497508525848389
325.0 10.244534015655518
326.0 9.93453598022461
327.0 9.78952169418335
328.0 9.605174859364828
329.0 9.515437285105387
330.0 9.32764196395874
331.0 9.161225159962973
332.0 8.999506950378418
333.0 8.813964366912842
334.0 8.556114196777344
335.0 8.23292334874471
336.0 8.046754678090414
337.0 7.8503187497456866
338.0 7.665481805801392
339.0 7.569648106892903
340.0 7.538540760676066
341.0 7.4541018803914385
342.0 7.433752218882243
343.0 7.3792885939280195
344.0 7.260244687398274
345.0 7.258836110432942
346.0 7.182598988215129
347.0 7.124427874883016
348.0 7.045286417007446
349.0 6.968888600667317
350.0 6.914053996404012
351.0 6.850296417872111
352.0 6.831044356028239
353.0 6.737456242243449
354.0 6.728764692942302
355.0 6.680857261021932
356.0 6.641690254211426
357.0 6.5530491669972735
358.0 6.453494310379028
359.0 6.421182632446289
360.0 6.38425628344218
361.0 6.203303496042888
362.0 6.089031934738159
363.0 6.082764228185018
364.0 5.990124781926473
365.0 5.918170134226481
366.0 5.929460763931274
367.0 5.866348743438721
368.0 5.8298994700113935
369.0 5.772520144780477
370.0 5.752488533655803
371.0 5.7251503467559814
372.0 5.751125971476237
373.0 5.735753536224365
374.0 5.740476290384929
375.0 5.707352876663208
376.0 5.713929017384847
377.0 5.677691539128621
378.0 5.677791754404704
379.0 5.72453236579895
380.0 5.776507377624512
381.0 5.839249134063721
382.0 5.872986316680908
383.0 5.888357559839885
384.0 5.915144761403401
385.0 5.9459091027577715
386.0 5.968415260314941
387.0 5.998161554336548
388.0 6.027764717737834
389.0 6.069441318511963
390.0 6.06181526184082
391.0 6.066797733306885
392.0 6.022509415944417
393.0 5.963349262873332
394.0 5.921197493871053
395.0 5.8325380484263105
396.0 5.806054433186849
397.0 5.762788693110148
398.0 5.658988078435262
399.0 5.641143639882405
400.0 5.6039206981658936
401.0 5.595222155253093
402.0 5.5779783725738525
403.0 5.585400104522705
404.0 5.594456752141316
405.0 5.619245290756226
406.0 5.614102443059285
407.0 5.633968273798625
408.0 5.676591714223226
409.0 5.699392080307007
410.0 5.686412493387858
411.0 5.69345219930013
412.0 5.7061294714609785
413.0 5.727785348892212
414.0 5.748289505640666
415.0 5.743811209996541
416.0 5.808964490890503
417.0 5.853503465652466
418.0 5.859661261240642
419.0 5.873528639475505
420.0 5.9057416915893555
421.0 5.872833013534546
422.0 5.881550550460815
423.0 5.899721542994182
424.0 5.982402324676514
425.0 6.043922106424968
426.0 6.058311144510905
427.0 6.086842139561971
428.0 6.1241551240285235
429.0 6.119954744974772
430.0 6.080226500829061
431.0 6.055702845255534
432.0 6.058648745218913
433.0 6.054967880249023
434.0 6.0457736651102705
435.0 6.086851914723714
436.0 6.16514778137207
437.0 6.195932229359944
438.0 6.285912275314331
439.0 6.358245372772217
440.0 6.400580167770386
441.0 6.436840454737346
442.0 6.446194966634114
443.0 6.457597494125366
444.0 6.485540390014648
445.0 6.4647219975789385
446.0 6.480056921641032
447.0 6.509036382039388
448.0 6.528542200724284
449.0 6.581108808517456
450.0 6.6015316645304365
451.0 6.63393497467041
452.0 6.6793107986450195
453.0 6.702978134155273
454.0 6.6559023062388105
455.0 6.688320318857829
456.0 6.687583367029826
457.0 6.676690657933553
458.0 6.687195460001628
459.0 6.695455233256022
460.0 6.738197406133016
461.0 6.79194188117981
462.0 6.898010492324829
463.0 7.0207447210947675
464.0 7.13654351234436
465.0 7.320932070414226
466.0 7.5157204469045
467.0 7.698668162027995
468.0 7.906565348307292
469.0 8.080286105473837
470.0 8.156849225362143
471.0 8.19965902964274
472.0 8.28662363688151
473.0 8.303265730539957
474.0 8.290563424428305
475.0 8.334117889404297
476.0 8.37678591410319
477.0 8.423451582590738
478.0 8.393064498901367
479.0 8.381807168324789
480.0 8.380008220672607
481.0 8.443418343861898
482.0 8.4799222946167
483.0 8.568337758382162
484.0 8.675910154978434
485.0 8.762507756551107
486.0 8.944422245025635
487.0 9.03448454538981
488.0 9.163939158121744
489.0 9.244671821594238
490.0 9.401659488677979
491.0 9.524899323781332
492.0 9.687942028045654
493.0 9.806997934977213
494.0 9.940208276112875
495.0 10.12930695215861
496.0 10.347720464070639
497.0 10.489300727844238
498.0 10.569382826487223
499.0 10.649400234222412
500.0 10.646581490834555
501.0 10.634191513061523
502.0 10.653322060902914
503.0 10.680597623189291
504.0 10.684431711832682
505.0 10.613813241322836
506.0 10.57014020284017
507.0 10.571499188741049
508.0 10.490244070688883
509.0 10.442310492197672
510.0 10.379341920216879
511.0 10.343018690745035
512.0 10.319204012552897
513.0 10.339271545410156
514.0 10.263502438863119
515.0 10.244553883870443
516.0 10.274742921193441
517.0 10.3542849222819
518.0 10.385019938151041
519.0 10.549985726674398
520.0 10.690016269683838
521.0 10.840681234995523
522.0 10.914294242858887
523.0 10.976466019948324
524.0 11.040230433146158
525.0 11.148390769958496
526.0 11.261360804239908
527.0 11.266392548878988
528.0 11.309142589569092
529.0 11.396321614583334
530.0 11.409364223480225
531.0 11.396331628163656
532.0 11.36101770401001
533.0 11.364225705464682
534.0 11.343130588531494
535.0 11.361785888671875
536.0 11.344353199005127
537.0 11.362014293670654
538.0 11.29463529586792
539.0 11.168659369150797
540.0 11.126555601755777
541.0 10.97365951538086
542.0 10.956539471944174
543.0 10.912299791971842
544.0 10.870736122131348
545.0 10.838666439056396
546.0 10.758656978607178
547.0 10.737271626790365
548.0 10.68611764907837
549.0 10.627324104309082
550.0 10.56513245900472
551.0 10.56666644414266
552.0 10.541216055552164
553.0 10.565653006235758
554.0 10.590899467468262
555.0 10.554602781931559
556.0 10.631523291269938
557.0 10.605975468953451
558.0 10.60426664352417
559.0 10.607213179270426
560.0 10.617268403371176
561.0 10.601274967193604
562.0 10.607877890268961
563.0 10.58667262395223
564.0 10.563323020935059
565.0 10.560618241628012
566.0 10.556441307067871
567.0 10.588935534159342
568.0 10.483978748321533
569.0 10.474295616149902
570.0 10.461119016011557
571.0 10.508561134338379
572.0 10.509358882904053
573.0 10.463399569193522
574.0 10.473423639933268
575.0 10.41265900929769
576.0 10.379041830698648
577.0 10.384523709615072
578.0 10.409487883249918
579.0 10.395508925120035
580.0 10.377043724060059
581.0 10.350213527679443
582.0 10.367430686950684
583.0 10.331716378529867
584.0 10.279884974161783
585.0 10.319303830464682
586.0 10.277464866638184
587.0 10.301506360371908
588.0 10.293011347452799
589.0 10.237455526987711
590.0 10.222752412160238
591.0 10.2227676709493
592.0 10.228411038716635
593.0 10.260971546173096
594.0 10.192742665608725
595.0 10.23196299870809
596.0 10.212376594543457
597.0 10.247345924377441
598.0 10.284145514170328
599.0 10.282328923543295
600.0 10.248344262441
601.0 10.267912228902182
602.0 10.265289306640625
603.0 10.232236862182617
604.0 10.242953141530355
605.0 10.219371954600016
606.0 10.239671230316162
607.0 10.244465668996176
608.0 10.261539777119955
609.0 10.283870538075766
610.0 10.29349978764852
611.0 10.260667006174723
612.0 10.249584992726644
613.0 10.350656191507975
614.0 10.36211903889974
615.0 10.325703938802084
616.0 10.37959877649943
617.0 10.376102447509766
618.0 10.399136066436768
619.0 10.420987764994303
620.0 10.407346884409586
621.0 10.375826835632324
622.0 10.391655286153158
623.0 10.386968612670898
624.0 10.3163480758667
625.0 10.276047070821127
626.0 10.296148777008057
627.0 10.258397579193115
628.0 10.287520090738932
629.0 10.350869019826254
630.0 10.318404197692871
631.0 10.330697377522787
632.0 10.334744135538736
633.0 10.294859886169434
634.0 10.257702986399332
635.0 10.178932825724283
636.0 10.137364387512207
637.0 10.050345579783121
638.0 10.049728870391846
639.0 10.054166316986084
640.0 9.990317026774088
641.0 9.96712843577067
642.0 9.995340506235758
643.0 10.008515993754068
644.0 9.972630977630615
645.0 9.988289992014566
646.0 9.960367202758789
647.0 9.953558762868246
648.0 9.942621548970541
649.0 9.862232049306234
650.0 9.93753973642985
651.0 9.956586519877115
652.0 9.89336093266805
653.0 9.927270412445068
654.0 9.954271793365479
655.0 9.887405395507813
656.0 9.920782883961996
657.0 9.90226141611735
658.0 9.886866251627604
659.0 9.91312583287557
660.0 9.929118951161703
661.0 9.881872495015463
662.0 9.895956834157309
663.0 9.871750513712565
664.0 9.827303568522135
665.0 9.80762513478597
666.0 9.850082397460938
667.0 9.76502513885498
668.0 9.762360254923502
669.0 9.766828219095865
670.0 9.731850783030191
671.0 9.71914545694987
672.0 9.682222843170166
673.0 9.630750020345053
674.0 9.594091097513834
675.0 9.576034386952719
676.0 9.54897689819336
677.0 9.512425263722738
678.0 9.475797971089682
679.0 9.412298520406088
680.0 9.384211540222168
681.0 9.32273499170939
682.0 9.279292742411295
683.0 9.241681734720865
684.0 9.140599409739176
685.0 9.080060164133707
686.0 9.050101598103842
687.0 9.006990432739258
688.0 8.958694140116373
689.0 8.927524248758951
690.0 8.879552682240805
691.0 8.840137958526611
692.0 8.794071356455484
693.0 8.724744160970053
694.0 8.742680549621582
695.0 8.710257530212402
696.0 8.68673038482666
697.0 8.661692301432291
698.0 8.6580228805542
699.0 8.593577226003012
700.0 8.51046625773112
701.0 8.501363436381022
702.0 8.472747802734375
703.0 8.480495611826578
704.0 8.45358689626058
705.0 8.416914780934652
706.0 8.420444965362549
707.0 8.39277426401774
708.0 8.39628235499064
709.0 8.41238021850586
710.0 8.39614200592041
711.0 8.333158334096273
712.0 8.332620779673258
713.0 8.309696674346924
714.0 8.324063777923584
715.0 8.294036070505777
716.0 8.27790355682373
717.0 8.318056106567383
718.0 8.311686992645264
719.0 8.311562856038412
720.0 8.260294278462728
721.0 8.256276925404867
722.0 8.304168860117594
723.0 8.307071844736734
724.0 8.269341945648193
725.0 8.289660771687826
726.0 8.309902509053549
727.0 8.316696166992188
728.0 8.24750804901123
729.0 8.25399112701416
730.0 8.24227778116862
731.0 8.289926528930664
732.0 8.248608112335205
733.0 8.22834571202596
734.0 8.216292381286621
735.0 8.268640200297037
736.0 8.26945432027181
737.0 8.332468827565512
738.0 8.343396027882894
739.0 8.331644217173258
740.0 8.395643552144369
741.0 8.41877031326294
742.0 8.397337913513184
743.0 8.404242674509684
744.0 8.446765740712484
745.0 8.43802579243978
746.0 8.473288853963217
747.0 8.489660104115805
748.0 8.494872570037842
749.0 8.467973391215006
750.0 8.488786379496256
751.0 8.462310314178467
752.0 8.466201623280844
753.0 8.430191357930502
754.0 8.422265211741129
755.0 8.372212727864584
756.0 8.404324849446615
757.0 8.364259401957193
758.0 8.359951655069986
759.0 8.374075412750244
760.0 8.44721015294393
761.0 8.391050815582275
762.0 8.37990919748942
763.0 8.346651713053385
764.0 8.379071553548178
765.0 8.347275733947754
766.0 8.299235184987387
767.0 8.246349970499674
768.0 8.258334318796793
769.0 8.238376299540201
770.0 8.187606652577719
771.0 8.134653409322103
772.0 8.107752958933512
773.0 8.133951346079508
