1.0 1098.6186218261719
2.0 1106.9866180419922
3.0 1115.5666580200195
4.0 1120.4308547973633
5.0 1123.4746932983398
6.0 1124.3664016723633
7.0 1119.5190887451172
8.0 1117.1090469360352
9.0 1115.9441833496094
10.0 1115.0481567382813
11.0 1113.7802200317383
12.0 1111.7511901855469
13.0 1108.872184753418
14.0 1106.4022903442383
15.0 1100.768310546875
16.0 1092.094985961914
17.0 1087.7376556396484
18.0 1086.2353591918945
19.0 1083.266227722168
20.0 1078.2468872070313
21.0 1076.7878952026367
22.0 1075.9806213378906
23.0 1080.9816207885742
24.0 1083.1651916503906
25.0 1083.8065795898438
26.0 1080.7272109985352
27.0 1074.4636840820313
28.0 1065.3061065673828
29.0 1055.7849655151367
30.0 1047.4476890563965
31.0 1043.258945465088
32.0 1040.4086074829102
33.0 1036.4890823364258
34.0 1036.8666610717773
35.0 1032.4866218566895
36.0 1028.4084701538086
37.0 1026.8814086914063
38.0 1023.9754829406738
39.0 1024.2081680297852
40.0 1024.8276062011719
41.0 1023.2642135620117
42.0 1022.8533782958984
43.0 1030.4575386047363
44.0 1030.422966003418
45.0 1029.9276733398438
46.0 1031.2031440734863
47.0 1031.9044799804688
48.0 1031.5720825195313
49.0 1029.3442306518555
50.0 1027.69722366333
51.0 1028.2319526672363
52.0 1035.9218940734863
53.0 1036.6682090759277
54.0 1040.3218040466309
55.0 1044.684726715088
56.0 1050.2265548706055
57.0 1054.3672485351563
58.0 1056.9776496887207
59.0 1055.8359375
60.0 1058.066993713379
61.0 1058.8296127319336
62.0 1053.4157638549805
63.0 1047.3344497680664
64.0 1047.596965789795
65.0 1049.3969345092773
66.0 1051.7962379455566
67.0 1056.685146331787
68.0 1062.889015197754
69.0 1073.0194625854492
70.0 1078.4369201660156
71.0 1082.5212783813477
72.0 1083.0017471313477
73.0 1080.240005493164
74.0 1075.2047119140625
75.0 1070.4926834106445
76.0 1066.6179275512695
77.0 1062.2376327514648
78.0 1061.8089752197266
79.0 1061.3896408081055
80.0 1065.9709777832031
81.0 1067.0412521362305
82.0 1066.5747756958008
83.0 1064.6290283203125
84.0 1060.8591003417969
85.0 1059.8675689697266
86.0 1054.5842361450195
87.0 1050.4708786010742
88.0 1050.3329620361328
89.0 1047.5715408325195
90.0 1044.6714553833008
91.0 1041.1596336364746
92.0 1037.2266540527344
93.0 1031.8084831237793
94.0 1026.434253692627
95.0 1025.3414115905762
96.0 1023.0315246582031
97.0 1016.4602432250977
98.0 1009.2661590576172
99.0 1003.3808326721191
100.0 998.9704170227051
101.0 993.5966300964355
102.0 990.8156356811523
103.0 985.7170486450195
104.0 980.9534072875977
105.0 977.7184257507324
106.0 979.6722450256348
107.0 981.5654792785645
108.0 984.7995681762695
109.0 991.6261596679688
110.0 994.3510971069336
111.0 995.0979118347168
112.0 993.0614204406738
113.0 990.8709030151367
114.0 990.010082244873
115.0 985.3477439880371
116.0 980.4262351989746
117.0 977.8915061950684
118.0 978.4302787780762
119.0 977.018669128418
120.0 974.1869964599609
121.0 970.3328514099121
122.0 965.5961647033691
123.0 961.4811210632324
124.0 956.4778823852539
125.0 956.0025863647461
126.0 956.9725723266602
127.0 959.1571426391602
128.0 965.4942665100098
129.0 971.5185127258301
130.0 974.9484977722168
131.0 978.8648223876953
132.0 982.3181800842285
133.0 983.085376739502
134.0 988.2492599487305
135.0 990.8253211975098
136.0 991.3422737121582
137.0 991.9902114868164
138.0 992.678165435791
139.0 992.6592483520508
140.0 992.1328163146973
141.0 988.959300994873
142.0 991.2312393188477
143.0 992.160572052002
144.0 994.5747718811035
145.0 997.0453491210938
146.0 999.692798614502
147.0 1004.1031646728516
148.0 1007.8667259216309
149.0 1007.9382438659668
150.0 1001.9485778808594
151.0 996.7289161682129
152.0 995.7724761962891
153.0 991.7960205078125
154.0 988.2909278869629
155.0 984.0128631591797
156.0 979.8629188537598
157.0 978.4315490722656
158.0 978.8152465820313
159.0 982.7987632751465
160.0 984.120491027832
161.0 984.6321144104004
162.0 979.9794387817383
163.0 968.1165962219238
164.0 955.7065696716309
165.0 946.5255889892578
166.0 940.5885848999023
167.0 939.9470367431641
168.0 945.0914154052734
169.0 953.4634475708008
170.0 961.6742324829102
171.0 969.4858741760254
172.0 976.0610771179199
173.0 977.2970848083496
174.0 973.1376762390137
175.0 962.5837860107422
176.0 954.8056221008301
177.0 962.7696418762207
178.0 970.309268951416
179.0 970.2945938110352
180.0 960.1959915161133
181.0 947.3259773254395
182.0 937.0745811462402
183.0 929.755729675293
184.0 927.5829963684082
185.0 928.4904556274414
186.0 942.3814849853516
187.0 940.4952507019043
188.0 940.4327087402344
189.0 932.9203071594238
190.0 929.1400947570801
191.0 929.464771270752
192.0 930.0671157836914
193.0 929.4079360961914
194.0 927.8476524353027
195.0 925.1001281738281
196.0 920.2559089660645
197.0 917.1901359558105
198.0 912.013858795166
199.0 902.3925857543945
200.0 892.3389663696289
201.0 882.9755477905273
202.0 874.4289283752441
203.0 865.7741966247559
204.0 858.7478179931641
205.0 855.7152976989746
206.0 856.1974983215332
207.0 856.6100921630859
208.0 857.0548248291016
209.0 859.929988861084
210.0 865.764949798584
211.0 871.4889221191406
212.0 872.3056144714355
213.0 871.9360580444336
214.0 865.9574699401855
215.0 864.183219909668
216.0 864.1654243469238
217.0 859.2516708374023
218.0 854.6184463500977
219.0 849.1175117492676
220.0 845.7355422973633
221.0 842.5320587158203
222.0 844.6060371398926
223.0 848.8407211303711
224.0 850.5457725524902
225.0 851.7228050231934
226.0 851.6498146057129
227.0 851.0618934631348
228.0 851.487117767334
229.0 848.6876373291016
230.0 847.5234832763672
231.0 846.5264205932617
232.0 848.1394386291504
233.0 845.5734443664551
234.0 842.6253356933594
235.0 839.924633026123
236.0 840.855297088623
237.0 845.4690246582031
238.0 853.2890243530273
239.0 863.172191619873
240.0 879.9134178161621
241.0 893.5396156311035
242.0 904.2625885009766
243.0 911.4977760314941
244.0 916.9008102416992
245.0 921.0107574462891
246.0 925.3509788513184
247.0 929.040599822998
248.0 930.4211502075195
249.0 944.3775978088379
250.0 949.8377151489258
251.0 952.503288269043
252.0 955.6183967590332
253.0 956.1636390686035
254.0 961.3699760437012
255.0 965.7462043762207
256.0 964.7361373901367
257.0 963.4260520935059
258.0 967.0226554870605
259.0 965.7226829528809
260.0 965.5309867858887
261.0 959.5804023742676
262.0 951.0751533508301
263.0 943.1432342529297
264.0 934.2269439697266
265.0 922.6959648132324
266.0 907.3688316345215
267.0 890.8698043823242
268.0 884.6557159423828
269.0 878.186092376709
270.0 871.8517150878906
271.0 863.3680152893066
272.0 859.7317276000977
273.0 854.0194702148438
274.0 849.8008842468262
275.0 847.9142570495605
276.0 856.9129333496094
277.0 859.550422668457
278.0 860.4290161132813
279.0 857.8540649414063
280.0 855.6660919189453
281.0 854.8349876403809
282.0 856.3345909118652
283.0 861.0440444946289
284.0 866.2810707092285
285.0 882.2485847473145
286.0 889.499095916748
287.0 894.1862525939941
288.0 895.5279884338379
289.0 896.6055450439453
290.0 899.2893524169922
291.0 904.7473106384277
292.0 908.4394035339355
293.0 915.0808067321777
294.0 936.9349479675293
295.0 949.7424125671387
296.0 959.777530670166
297.0 969.9991798400879
298.0 972.4990196228027
299.0 972.6044883728027
300.0 970.7790718078613
301.0 966.1038665771484
302.0 960.606876373291
303.0 961.8000259399414
304.0 957.0710792541504
305.0 951.0922431945801
306.0 944.2433624267578
307.0 940.9506149291992
308.0 941.6553726196289
309.0 944.1824836730957
310.0 941.8189964294434
311.0 937.8113136291504
312.0 932.613094329834
313.0 920.569149017334
314.0 911.5762977600098
315.0 907.1126022338867
316.0 904.5965919494629
317.0 901.9191093444824
318.0 897.9565658569336
319.0 893.1812400817871
320.0 888.3182487487793
321.0 876.3346061706543
322.0 872.6107444763184
323.0 870.5160026550293
324.0 868.0186653137207
325.0 863.0354804992676
326.0 856.3075675964355
327.0 844.1949310302734
328.0 828.7352676391602
329.0 816.1657524108887
330.0 795.5086708068848
331.0 784.6285514831543
332.0 773.0249099731445
333.0 759.2436332702637
334.0 751.5120620727539
335.0 743.0711975097656
336.0 735.1074752807617
337.0 727.3907775878906
338.0 718.9149055480957
339.0 707.7705268859863
340.0 703.3909149169922
341.0 701.0996513366699
342.0 699.8604202270508
343.0 700.1973876953125
344.0 698.9071350097656
345.0 698.7121887207031
346.0 700.7272720336914
347.0 706.7328033447266
348.0 707.4886054992676
349.0 712.326904296875
350.0 718.1536483764648
351.0 729.4876708984375
352.0 741.7756118774414
353.0 754.4214286804199
354.0 765.4804992675781
355.0 777.6003265380859
356.0 788.7584228515625
357.0 796.4506034851074
358.0 805.3193206787109
359.0 814.3201522827148
360.0 819.975212097168
361.0 825.8905258178711
362.0 827.9222793579102
363.0 825.1049575805664
364.0 816.9417304992676
365.0 810.2144660949707
366.0 804.2921028137207
367.0 805.0404510498047
368.0 805.6660308837891
369.0 811.5084609985352
370.0 811.4881324768066
371.0 809.8250541687012
372.0 807.2961502075195
373.0 803.5053558349609
374.0 797.9457130432129
375.0 792.4370231628418
376.0 787.4600982666016
377.0 784.185977935791
378.0 782.5327033996582
379.0 783.7539443969727
380.0 782.881721496582
381.0 780.7294273376465
382.0 778.6329574584961
383.0 775.8803672790527
384.0 771.7343368530273
385.0 772.2008628845215
386.0 772.9005584716797
387.0 770.4604415893555
388.0 767.6263885498047
389.0 768.5711250305176
390.0 773.6663017272949
391.0 779.1346893310547
392.0 782.4714965820313
393.0 789.5924339294434
394.0 795.5631446838379
395.0 804.5865058898926
396.0 813.9885749816895
397.0 822.091438293457
398.0 831.5588912963867
399.0 842.1344718933105
400.0 849.7325782775879
401.0 857.843391418457
402.0 870.3520584106445
403.0 878.2639770507813
404.0 887.9619827270508
405.0 898.482349395752
406.0 905.9641647338867
407.0 910.8997497558594
408.0 915.8304138183594
409.0 924.0213165283203
410.0 935.0862426757813
411.0 943.2534217834473
412.0 950.1903038024902
413.0 955.4846878051758
414.0 959.5361518859863
415.0 964.2322425842285
416.0 967.3405113220215
417.0 968.2466735839844
418.0 970.8086051940918
419.0 974.0912818908691
420.0 974.101634979248
421.0 978.4936981201172
422.0 984.7861671447754
423.0 990.3616371154785
424.0 994.7321662902832
425.0 1001.9276351928711
426.0 1009.6277236938477
427.0 1014.8534317016602
428.0 1017.5253601074219
429.0 1020.9549026489258
430.0 1023.0679779052734
431.0 1022.1670150756836
432.0 1025.1229553222656
433.0 1026.0864143371582
434.0 1028.856460571289
435.0 1029.2629356384277
436.0 1028.278465270996
437.0 1028.9698333740234
438.0 1027.0893630981445
439.0 1027.3446884155273
440.0 1029.9366340637207
441.0 1032.593650817871
442.0 1034.2774391174316
443.0 1035.0080680847168
444.0 1036.3722114562988
445.0 1039.8331146240234
446.0 1046.7756729125977
447.0 1048.5899848937988
448.0 1055.165138244629
449.0 1063.8500480651855
450.0 1071.7685012817383
451.0 1083.025863647461
452.0 1094.2558517456055
453.0 1100.1954498291016
454.0 1103.2788162231445
455.0 1111.8179168701172
456.0 1111.0762329101563
457.0 1113.2641296386719
458.0 1118.4702758789063
459.0 1123.196548461914
460.0 1128.4038848876953
461.0 1131.206901550293
462.0 1132.4255294799805
463.0 1132.9020385742188
464.0 1131.1540985107422
465.0 1128.9861679077148
466.0 1132.6254653930664
467.0 1137.268424987793
468.0 1145.1466751098633
469.0 1153.6832733154297
470.0 1161.6334915161133
471.0 1168.5179595947266
472.0 1171.7215194702148
473.0 1174.3845596313477
474.0 1175.0929946899414
475.0 1179.5446853637695
476.0 1180.6801452636719
477.0 1177.8733520507813
478.0 1173.9110488891602
479.0 1171.32861328125
480.0 1165.6406860351563
481.0 1164.9037628173828
482.0 1167.28759765625
483.0 1171.228759765625
484.0 1172.8393325805664
485.0 1171.481559753418
486.0 1165.5693817138672
487.0 1158.6431503295898
488.0 1148.3610763549805
489.0 1137.9125900268555
490.0 1136.8718719482422
491.0 1136.977394104004
492.0 1138.6168975830078
493.0 1142.5553359985352
494.0 1145.925033569336
495.0 1152.332130432129
496.0 1161.6361236572266
497.0 1171.3829879760742
498.0 1178.563377380371
499.0 1182.7162857055664
500.0 1188.0097885131836
501.0 1213.262565612793
502.0 1206.6673278808594
503.0 1187.129867553711
504.0 1204.2544174194336
505.0 1211.488525390625
506.0 1218.6356048583984
507.0 1220.880256652832
508.0 1222.2816619873047
509.0 1223.3202056884766
510.0 1224.595458984375
511.0 1231.4217910766602
512.0 1240.1708068847656
513.0 1253.1547012329102
514.0 1266.0200881958008
515.0 1277.8212509155273
516.0 1286.2661361694336
517.0 1290.6491622924805
518.0 1295.2067642211914
519.0 1292.5467071533203
520.0 1291.9944076538086
521.0 1289.0287704467773
522.0 1281.494529724121
523.0 1273.741439819336
524.0 1266.508399963379
525.0 1261.0231552124023
526.0 1256.6470413208008
527.0 1257.5630493164063
528.0 1252.5355834960938
529.0 1249.297706604004
530.0 1245.925392150879
531.0 1243.0393981933594
532.0 1239.7228927612305
533.0 1238.7835159301758
534.0 1238.1823043823242
535.0 1240.0976638793945
536.0 1248.9230728149414
537.0 1247.4921569824219
538.0 1246.3222732543945
539.0 1245.600486755371
540.0 1244.1766891479492
541.0 1241.449577331543
542.0 1240.6449813842773
543.0 1243.996925354004
544.0 1245.0669174194336
545.0 1255.7951583862305
546.0 1257.0951690673828
547.0 1256.5217514038086
548.0 1254.753562927246
549.0 1255.1124420166016
550.0 1253.7072830200195
551.0 1252.9202880859375
552.0 1250.9463958740234
553.0 1251.6438751220703
554.0 1264.9843215942383
555.0 1268.4751739501953
556.0 1277.0292587280273
557.0 1283.9168243408203
558.0 1288.0919494628906
559.0 1292.0437545776367
560.0 1297.9198379516602
561.0 1302.6517028808594
562.0 1304.830093383789
563.0 1307.4411392211914
564.0 1306.2724151611328
565.0 1310.4303283691406
566.0 1313.8264999389648
567.0 1318.856071472168
568.0 1324.3176727294922
569.0 1326.4360961914063
570.0 1326.4737930297852
571.0 1324.8606185913086
572.0 1320.527214050293
573.0 1312.601417541504
574.0 1308.9765930175781
575.0 1306.8421936035156
576.0 1305.808494567871
577.0 1304.1747665405273
578.0 1301.452735900879
579.0 1301.2873306274414
580.0 1304.2995681762695
581.0 1303.800636291504
582.0 1305.8796081542969
583.0 1308.112319946289
584.0 1309.891616821289
585.0 1309.1476516723633
586.0 1306.0929870605469
587.0 1302.2497100830078
588.0 1298.0494766235352
589.0 1295.4988555908203
590.0 1291.1511993408203
591.0 1286.1937942504883
592.0 1282.5504455566406
593.0 1279.189453125
594.0 1277.078125
595.0 1276.3385543823242
596.0 1277.488395690918
597.0 1279.9476852416992
598.0 1280.2358093261719
599.0 1282.0647811889648
600.0 1282.2517547607422
601.0 1285.2232513427734
602.0 1284.8878631591797
603.0 1283.9877166748047
604.0 1280.9606323242188
605.0 1277.7176361083984
606.0 1275.7693328857422
607.0 1271.8375778198242
608.0 1267.3760528564453
609.0 1258.328628540039
610.0 1249.4991455078125
611.0 1242.5367736816406
612.0 1234.986946105957
613.0 1230.1594009399414
614.0 1227.1203384399414
615.0 1222.8489227294922
616.0 1219.8102416992188
617.0 1217.4077224731445
618.0 1215.4912719726563
619.0 1214.704719543457
620.0 1212.0943298339844
621.0 1205.9984817504883
622.0 1195.7907028198242
623.0 1181.195213317871
624.0 1171.7909317016602
625.0 1162.778076171875
626.0 1160.3860931396484
627.0 1157.2263793945313
628.0 1153.0083389282227
629.0 1147.4602737426758
630.0 1137.5285034179688
631.0 1126.1968307495117
632.0 1117.3381729125977
633.0 1110.5465850830078
634.0 1106.9705276489258
635.0 1113.5899124145508
636.0 1117.8292541503906
637.0 1125.330322265625
638.0 1129.3287200927734
639.0 1129.5439987182617
640.0 1129.089744567871
641.0 1121.878074645996
642.0 1113.2034378051758
643.0 1109.7440643310547
644.0 1117.9928283691406
645.0 1124.5578842163086
646.0 1131.2137603759766
647.0 1135.515510559082
648.0 1137.226318359375
649.0 1136.7038116455078
650.0 1145.4343643188477
651.0 1143.5679244995117
652.0 1138.3202209472656
653.0 1122.368797302246
654.0 1119.773193359375
655.0 1115.3298797607422
656.0 1107.8727645874023
657.0 1095.4084243774414
658.0 1083.6070594787598
659.0 1072.7871360778809
660.0 1066.744987487793
661.0 1063.5570907592773
662.0 1055.5792083740234
663.0 1060.2469596862793
664.0 1064.2964248657227
665.0 1070.4230461120605
666.0 1074.999267578125
667.0 1080.0941619873047
668.0 1084.3305130004883
669.0 1086.4944305419922
670.0 1089.686882019043
671.0 1078.164451599121
672.0 1074.5083084106445
673.0 1069.3141784667969
674.0 1060.1283721923828
675.0 1048.703353881836
676.0 1035.0170097351074
677.0 1022.2076416015625
678.0 1013.0951881408691
679.0 1004.1554183959961
680.0 996.3512268066406
681.0 990.8134803771973
682.0 984.0932960510254
683.0 976.2360954284668
684.0 972.3835258483887
685.0 971.0678672790527
686.0 973.5164184570313
687.0 974.544921875
688.0 974.5519180297852
689.0 974.8371963500977
690.0 973.8342514038086
691.0 973.8266334533691
692.0 977.6703605651855
693.0 979.4974975585938
694.0 977.980525970459
695.0 977.8419189453125
696.0 978.9377326965332
697.0 979.9685249328613
698.0 982.5001564025879
699.0 979.3563117980957
700.0 977.7762069702148
701.0 976.408805847168
702.0 972.4053153991699
703.0 963.9514961242676
704.0 954.8132476806641
705.0 947.0343551635742
706.0 941.9194564819336
707.0 940.4257545471191
708.0 936.8444290161133
709.0 931.1963691711426
710.0 925.4206886291504
711.0 924.2377128601074
712.0 922.140625
713.0 918.0276374816895
714.0 911.2177963256836
715.0 900.4531173706055
716.0 885.9032859802246
717.0 872.4337997436523
718.0 863.3028602600098
719.0 858.3981781005859
720.0 853.8816452026367
721.0 851.5174369812012
722.0 847.5199203491211
723.0 843.3923149108887
724.0 832.1252059936523
725.0 829.2007598876953
726.0 826.782527923584
727.0 821.3861465454102
728.0 813.0279998779297
729.0 805.3644638061523
730.0 796.7135963439941
731.0 789.4220504760742
732.0 781.0188217163086
733.0 772.3634376525879
734.0 757.344051361084
735.0 746.4796371459961
736.0 737.697868347168
737.0 728.3673439025879
738.0 717.0641212463379
739.0 703.009162902832
740.0 691.4234619140625
741.0 680.3189163208008
742.0 670.0004348754883
743.0 663.1987838745117
744.0 660.0363578796387
745.0 655.8312644958496
746.0 651.808048248291
747.0 646.8102722167969
748.0 638.2933540344238
749.0 628.8711318969727
750.0 615.3298377990723
751.0 593.3544120788574
752.0 572.145679473877
753.0 560.0991058349609
754.0 549.608226776123
755.0 541.288330078125
756.0 532.5141620635986
757.0 525.9560890197754
758.0 520.6970500946045
759.0 513.1550788879395
760.0 499.27038192749023
761.0 486.9169292449951
762.0 476.26074981689453
763.0 462.7603302001953
764.0 452.00072288513184
765.0 439.67866134643555
766.0 428.1566047668457
767.0 416.67655181884766
768.0 400.90453338623047
769.0 387.50376319885254
770.0 381.5700569152832
771.0 378.0163688659668
772.0 374.08236503601074
773.0 369.8753547668457
774.0 363.48120307922363
775.0 355.7619438171387
776.0 349.2500114440918
777.0 344.43861198425293
778.0 337.9736728668213
779.0 334.83976554870605
780.0 333.5128059387207
781.0 332.40589332580566
782.0 331.63808250427246
783.0 330.4745101928711
784.0 330.6134548187256
785.0 329.2545356750488
786.0 327.17456245422363
787.0 325.98230743408203
788.0 323.2296657562256
789.0 320.15667724609375
790.0 315.1375904083252
791.0 310.62075424194336
792.0 306.6116828918457
793.0 300.06052589416504
794.0 292.49995040893555
795.0 286.1859321594238
796.0 280.43715476989746
797.0 271.83068084716797
798.0 267.1113452911377
799.0 263.60314559936523
800.0 259.40992641448975
801.0 255.7106065750122
802.0 253.0319299697876
803.0 250.58450317382813
804.0 246.1934051513672
805.0 239.38790035247803
806.0 234.28932857513428
807.0 231.37780570983887
808.0 229.80883026123047
809.0 229.53009605407715
810.0 229.30438423156738
811.0 228.96229553222656
812.0 229.54326057434082
813.0 230.38439559936523
814.0 228.25067806243896
815.0 227.81215286254883
816.0 227.94924068450928
817.0 227.23254108428955
818.0 227.66914749145508
819.0 228.48034954071045
820.0 230.33960342407227
821.0 231.65565967559814
822.0 232.16547203063965
823.0 232.44435691833496
824.0 231.7868423461914
825.0 231.67383480072021
826.0 231.43777656555176
827.0 229.58707904815674
828.0 228.20244598388672
829.0 227.8789300918579
830.0 228.6042079925537
831.0 227.73175144195557
832.0 223.84372425079346
833.0 220.2092990875244
834.0 220.67146396636963
835.0 222.77591800689697
836.0 223.84972190856934
837.0 224.09012031555176
838.0 225.82436275482178
839.0 226.03667545318604
840.0 225.08723545074463
841.0 222.55360984802246
842.0 221.08946418762207
843.0 219.72979545593262
844.0 218.14526653289795
845.0 216.0926856994629
846.0 213.81472396850586
847.0 211.03617763519287
848.0 208.01062488555908
849.0 205.4144525527954
850.0 201.48250579833984
851.0 197.72773361206055
852.0 195.87409019470215
853.0 194.69338130950928
854.0 192.1751823425293
855.0 188.51496410369873
856.0 186.70452404022217
857.0 185.69598293304443
858.0 183.98718547821045
859.0 181.5568332672119
860.0 178.78443241119385
861.0 175.37061405181885
862.0 172.15865993499756
863.0 168.38071155548096
864.0 164.6126365661621
865.0 161.79152393341064
866.0 158.90347862243652
867.0 156.5724811553955
868.0 154.42565536499023
869.0 153.14043140411377
870.0 153.8939437866211
871.0 153.85829734802246
872.0 154.02410507202148
873.0 153.92923164367676
874.0 153.3871364593506
875.0 151.8007583618164
876.0 150.05223560333252
877.0 148.29964351654053
878.0 145.7419662475586
879.0 143.70417022705078
880.0 141.5118522644043
881.0 139.56843376159668
882.0 139.58274173736572
883.0 140.26727676391602
884.0 142.0098524093628
885.0 144.58949184417725
886.0 146.91896152496338
887.0 149.4727382659912
888.0 149.99473571777344
889.0 148.24063873291016
890.0 145.9990291595459
891.0 144.4849395751953
892.0 142.63343811035156
893.0 140.9022397994995
894.0 138.44174766540527
895.0 135.69709491729736
896.0 133.94775199890137
897.0 133.55153942108154
898.0 133.81335544586182
899.0 134.35513830184937
900.0 135.62077522277832
901.0 136.8163423538208
902.0 138.880606174469
903.0 141.5155372619629
904.0 143.81344985961914
905.0 144.66162395477295
906.0 144.2596206665039
907.0 144.31439113616943
908.0 146.14312076568604
909.0 148.83510971069336
910.0 151.69172763824463
911.0 154.61118698120117
912.0 157.00033569335938
913.0 158.3110694885254
914.0 159.26483058929443
915.0 160.41289043426514
916.0 161.76115798950195
917.0 162.94150066375732
918.0 164.24226474761963
919.0 166.14451599121094
920.0 168.0513734817505
921.0 169.0733242034912
922.0 169.91398525238037
923.0 170.37757873535156
924.0 170.25152683258057
925.0 170.18717288970947
926.0 171.44330024719238
927.0 173.14795684814453
928.0 173.96111488342285
929.0 175.69290733337402
930.0 177.69222354888916
931.0 178.68115234375
932.0 179.08624362945557
933.0 179.5478229522705
934.0 178.58090782165527
935.0 176.05895042419434
936.0 173.3885736465454
937.0 171.59922885894775
938.0 170.70757675170898
939.0 169.95486640930176
940.0 168.04536247253418
941.0 166.06324768066406
942.0 163.3148708343506
943.0 160.84520816802979
944.0 158.87265491485596
945.0 157.99395561218262
946.0 156.7714328765869
947.0 156.04607009887695
948.0 155.20720195770264
949.0 153.65631294250488
950.0 152.3451910018921
951.0 151.60618019104004
952.0 152.1554889678955
953.0 153.76755714416504
954.0 154.1958351135254
955.0 153.24651718139648
956.0 152.24831199645996
957.0 152.68390655517578
958.0 153.1001214981079
959.0 154.4293975830078
960.0 157.87526416778564
961.0 160.2134256362915
962.0 162.07826900482178
963.0 163.19524002075195
964.0 164.11716270446777
965.0 165.5046091079712
966.0 166.23422622680664
967.0 167.46212482452393
968.0 168.3241672515869
969.0 169.2851791381836
970.0 171.17003917694092
971.0 170.34236907958984
972.0 169.91101360321045
973.0 170.67834377288818
974.0 170.59643745422363
975.0 171.160382270813
976.0 171.18778228759766
977.0 170.80178451538086
978.0 170.29170036315918
979.0 170.3806619644165
980.0 170.86169147491455
981.0 171.06676864624023
982.0 172.30408573150635
983.0 174.16761779785156
984.0 174.32532215118408
985.0 173.58746910095215
986.0 172.96649074554443
987.0 171.30870914459229
988.0 170.7071304321289
989.0 170.97355556488037
990.0 172.09289264678955
991.0 174.86431312561035
992.0 179.22956466674805
993.0 183.13702583312988
994.0 182.78445529937744
995.0 182.97441005706787
996.0 182.8123073577881
997.0 182.06365299224854
998.0 181.23238849639893
999.0 180.8665361404419
1000.0 179.919451713562
1001.0 179.04394245147705
1002.0 178.13592910766602
1003.0 178.06867504119873
1004.0 178.55258464813232
1005.0 178.8828887939453
1006.0 178.93271350860596
1007.0 180.0989637374878
1008.0 183.3270387649536
1009.0 187.18763065338135
1010.0 189.6671895980835
1011.0 191.76382160186768
1012.0 192.35753440856934
1013.0 194.4850091934204
1014.0 197.52062606811523
1015.0 199.44438457489014
1016.0 199.13036251068115
1017.0 198.3553466796875
1018.0 198.2112159729004
1019.0 198.1758279800415
1020.0 198.4362440109253
1021.0 198.85442638397217
1022.0 198.1612663269043
1023.0 196.6389684677124
1024.0 195.9073143005371
1025.0 195.9401340484619
1026.0 195.51938915252686
1027.0 194.53258228302002
1028.0 193.10031604766846
1029.0 191.7931900024414
1030.0 190.91837692260742
1031.0 191.6983585357666
1032.0 193.51195812225342
1033.0 195.15600109100342
1034.0 197.00239086151123
1035.0 198.81018733978271
1036.0 199.97175312042236
1037.0 200.58490753173828
1038.0 201.28027153015137
1039.0 201.69135093688965
1040.0 202.6898307800293
1041.0 203.08629894256592
1042.0 203.345796585083
1043.0 205.5199966430664
1044.0 209.60268115997314
1045.0 212.98215579986572
1046.0 214.2853765487671
1047.0 215.93697834014893
1048.0 214.62363529205322
1049.0 213.46539115905762
1050.0 211.91324996948242
1051.0 210.8673267364502
1052.0 210.40678787231445
1053.0 210.49899101257324
1054.0 209.69851398468018
1055.0 211.0758991241455
1056.0 212.53940963745117
1057.0 214.17580795288086
1058.0 212.36404514312744
1059.0 211.32571411132813
1060.0 212.1267328262329
1061.0 212.14388847351074
1062.0 211.10889434814453
1063.0 210.49125289916992
1064.0 209.96138858795166
1065.0 209.9254846572876
1066.0 212.7117156982422
1067.0 213.98537254333496
1068.0 215.3562135696411
1069.0 218.09853744506836
1070.0 220.57154369354248
1071.0 222.74235248565674
1072.0 225.7774839401245
1073.0 228.72730350494385
1074.0 231.11199378967285
1075.0 230.63951587677002
1076.0 228.91676139831543
1077.0 228.27402877807617
1078.0 228.81313610076904
1079.0 229.71228218078613
1080.0 232.09866046905518
1081.0 233.0277681350708
1082.0 234.5047082901001
1083.0 237.3194169998169
1084.0 238.1007947921753
1085.0 237.2423496246338
1086.0 233.77776050567627
1087.0 229.93114185333252
1088.0 227.79380226135254
1089.0 226.21912574768066
1090.0 227.0362606048584
1091.0 227.1735496520996
1092.0 225.5386381149292
1093.0 223.98256301879883
1094.0 222.964017868042
1095.0 222.50228309631348
1096.0 223.4158172607422
1097.0 226.09641361236572
1098.0 228.91383266448975
1099.0 231.64077472686768
1100.0 233.56792736053467
1101.0 234.8264036178589
1102.0 236.44648361206055
1103.0 240.63101768493652
1104.0 244.1411828994751
1105.0 246.65775680541992
1106.0 249.77540397644043
1107.0 252.71103763580322
1108.0 254.50166988372803
1109.0 256.5472011566162
1110.0 259.1679525375366
1111.0 264.31056118011475
1112.0 270.1735439300537
1113.0 274.46798515319824
1114.0 278.5365047454834
1115.0 284.7667598724365
1116.0 289.3037700653076
1117.0 294.53832626342773
1118.0 298.83967208862305
1119.0 296.53950119018555
1120.0 296.8764476776123
1121.0 299.5497360229492
1122.0 299.0071449279785
1123.0 299.2555046081543
1124.0 298.4925842285156
1125.0 294.92608070373535
1126.0 295.948392868042
1127.0 295.08662605285645
1128.0 291.7368335723877
1129.0 289.9306106567383
1130.0 289.72823905944824
1131.0 289.6942443847656
1132.0 289.18745040893555
1133.0 287.5248737335205
1134.0 286.966552734375
1135.0 289.2475109100342
1136.0 288.30311584472656
1137.0 287.28112030029297
1138.0 288.1895580291748
1139.0 290.01001358032227
1140.0 291.16190338134766
1141.0 290.9947280883789
1142.0 290.7591304779053
1143.0 291.0940055847168
1144.0 292.29933738708496
1145.0 292.7871341705322
1146.0 292.4361038208008
1147.0 291.9471073150635
1148.0 291.04259872436523
1149.0 289.4867973327637
1150.0 288.3732204437256
1151.0 288.30441665649414
1152.0 289.73995208740234
1153.0 292.88263511657715
1154.0 297.29026794433594
1155.0 302.6266040802002
1156.0 306.32016372680664
1157.0 307.48181533813477
1158.0 312.9237804412842
1159.0 321.22428703308105
1160.0 325.68008041381836
1161.0 328.85443687438965
1162.0 330.59679985046387
1163.0 331.78032875061035
1164.0 332.91837310791016
1165.0 335.9369239807129
1166.0 339.7712097167969
1167.0 344.4135456085205
1168.0 346.6557960510254
1169.0 347.0633354187012
1170.0 349.6638069152832
1171.0 353.87634086608887
1172.0 355.83420181274414
1173.0 352.1804943084717
1174.0 351.3220443725586
1175.0 353.00494384765625
1176.0 355.9514789581299
1177.0 357.5714282989502
1178.0 360.5559673309326
1179.0 364.2681369781494
1180.0 369.7535743713379
1181.0 375.77916717529297
1182.0 379.67810249328613
1183.0 382.25393295288086
1184.0 384.90729331970215
1185.0 386.50950050354004
1186.0 390.17031478881836
1187.0 392.6077995300293
1188.0 392.49162101745605
1189.0 393.9624252319336
1190.0 396.5983009338379
1191.0 396.6800479888916
1192.0 397.0421657562256
1193.0 399.18590545654297
1194.0 400.15412521362305
1195.0 400.1696472167969
1196.0 400.9277629852295
1197.0 402.05494499206543
1198.0 403.290828704834
1199.0 404.7551612854004
1200.0 401.26447677612305
1201.0 400.2816753387451
1202.0 398.4761276245117
1203.0 395.973840713501
1204.0 395.9068603515625
1205.0 397.261775970459
1206.0 400.44262886047363
1207.0 400.851806640625
1208.0 399.6148223876953
1209.0 397.5531520843506
1210.0 394.0077381134033
1211.0 391.71042251586914
1212.0 390.03066062927246
1213.0 388.7498664855957
1214.0 386.2402229309082
1215.0 383.92386054992676
1216.0 383.31847381591797
1217.0 383.2193183898926
1218.0 384.89999198913574
1219.0 383.91944313049316
1220.0 383.6915168762207
1221.0 382.4647560119629
1222.0 384.3168601989746
1223.0 384.15000343322754
1224.0 383.57236671447754
1225.0 384.00605964660645
1226.0 384.3095359802246
1227.0 383.59350395202637
1228.0 387.4761390686035
1229.0 388.90489196777344
1230.0 387.73620223999023
1231.0 388.74666023254395
1232.0 389.1106262207031
1233.0 388.14635848999023
1234.0 388.21483612060547
1235.0 388.0271453857422
1236.0 391.4303607940674
1237.0 395.66106605529785
1238.0 398.345796585083
1239.0 398.54773712158203
1240.0 399.7741107940674
1241.0 401.4415988922119
1242.0 402.79195404052734
1243.0 402.57483673095703
1244.0 404.1257801055908
1245.0 404.9708766937256
1246.0 406.31591606140137
1247.0 406.3724193572998
1248.0 406.5243339538574
1249.0 406.93092918395996
1250.0 407.36327171325684
1251.0 406.7444381713867
1252.0 407.35766792297363
1253.0 407.0791416168213
1254.0 406.77820587158203
1255.0 406.6008491516113
1256.0 406.8919086456299
1257.0 409.39342880249023
1258.0 411.89859771728516
1259.0 412.25001525878906
1260.0 411.7084712982178
1261.0 411.8275623321533
1262.0 411.78100967407227
1263.0 410.0412368774414
1264.0 409.9448661804199
1265.0 410.91000175476074
1266.0 410.22772789001465
1267.0 409.938024520874
1268.0 411.00756645202637
1269.0 412.0591239929199
1270.0 411.04686164855957
1271.0 408.77047538757324
1272.0 410.05515480041504
1273.0 410.5160732269287
1274.0 410.6119079589844
1275.0 411.6474552154541
1276.0 412.84360694885254
1277.0 412.0876216888428
1278.0 410.6166477203369
1279.0 408.6267566680908
1280.0 406.71141624450684
1281.0 405.24316215515137
1282.0 405.2485160827637
1283.0 404.8932571411133
1284.0 404.5747814178467
1285.0 404.74632263183594
1286.0 403.6978302001953
1287.0 402.3490295410156
1288.0 401.2479724884033
1289.0 400.1273880004883
1290.0 396.28736877441406
1291.0 394.65409088134766
1292.0 393.59375
1293.0 392.3588218688965
1294.0 391.2557907104492
1295.0 389.86228942871094
1296.0 388.2390480041504
1297.0 387.4490451812744
1298.0 387.9611167907715
1299.0 387.11898612976074
1300.0 384.50465965270996
1301.0 382.2365322113037
1302.0 380.7299175262451
1303.0 380.46103286743164
1304.0 380.50790214538574
1305.0 379.7768039703369
1306.0 379.0760250091553
1307.0 377.6600685119629
1308.0 375.7485752105713
1309.0 375.6318168640137
1310.0 374.61463356018066
1311.0 373.64776039123535
1312.0 373.0073661804199
1313.0 371.6109161376953
1314.0 369.6266040802002
1315.0 369.37030029296875
1316.0 369.1601867675781
1317.0 369.0464973449707
1318.0 370.80628395080566
1319.0 370.63905143737793
1320.0 370.40662574768066
1321.0 370.41079330444336
1322.0 370.514102935791
1323.0 371.2084445953369
1324.0 371.4723243713379
1325.0 372.3889465332031
1326.0 372.613489151001
1327.0 372.23829460144043
1328.0 372.5134582519531
1329.0 371.78976821899414
1330.0 369.3885192871094
1331.0 367.3453178405762
1332.0 368.1879234313965
1333.0 369.816011428833
1334.0 370.49602127075195
1335.0 371.8748321533203
1336.0 372.151575088501
1337.0 371.84378242492676
1338.0 371.9902973175049
1339.0 370.154577255249
1340.0 368.7168731689453
1341.0 366.3824710845947
1342.0 363.7271957397461
1343.0 361.67223739624023
1344.0 360.95075035095215
1345.0 362.11236572265625
1346.0 362.740816116333
1347.0 363.45771980285645
1348.0 363.8592300415039
1349.0 365.72558784484863
1350.0 366.11013984680176
1351.0 366.26432609558105
1352.0 366.78872299194336
1353.0 364.95455741882324
1354.0 362.87392234802246
1355.0 361.70184898376465
1356.0 362.15177154541016
1357.0 363.03867530822754
1358.0 363.6981449127197
1359.0 363.95666694641113
1360.0 363.3665237426758
1361.0 361.1990566253662
1362.0 359.60655975341797
1363.0 359.2978630065918
1364.0 357.34588050842285
1365.0 355.051944732666
1366.0 353.4682025909424
1367.0 351.01181983947754
1368.0 348.5519390106201
1369.0 346.71368980407715
1370.0 345.6318759918213
1371.0 344.6331043243408
1372.0 343.97513580322266
1373.0 342.1582908630371
1374.0 341.07385444641113
1375.0 339.898380279541
1376.0 339.6082134246826
1377.0 340.20595932006836
1378.0 337.8950958251953
1379.0 336.6592540740967
1380.0 337.9504623413086
1381.0 338.31070137023926
1382.0 337.68328857421875
1383.0 336.69311332702637
1384.0 335.683349609375
1385.0 334.0432186126709
1386.0 333.12240982055664
1387.0 332.99743270874023
1388.0 333.33330154418945
1389.0 332.26867294311523
1390.0 332.25451469421387
1391.0 332.4233207702637
1392.0 332.36730194091797
1393.0 332.6982536315918
1394.0 332.0768985748291
1395.0 331.8098678588867
1396.0 331.769962310791
1397.0 331.0852680206299
1398.0 330.016357421875
1399.0 329.9880714416504
1400.0 329.4189910888672
1401.0 328.6492576599121
1402.0 328.2685718536377
1403.0 327.4880256652832
1404.0 326.86895751953125
1405.0 327.4267692565918
1406.0 325.9059829711914
1407.0 325.6990604400635
1408.0 326.510498046875
1409.0 327.2512092590332
1410.0 326.74616622924805
1411.0 327.9819393157959
1412.0 328.54292488098145
1413.0 327.6975746154785
1414.0 327.72253799438477
1415.0 326.83547019958496
1416.0 326.92956352233887
1417.0 327.8054084777832
1418.0 327.68004035949707
1419.0 328.23867416381836
1420.0 327.2281303405762
1421.0 326.1708812713623
1422.0 326.4436836242676
1423.0 326.4092559814453
1424.0 326.45364570617676
1425.0 327.22360610961914
1426.0 328.2561225891113
1427.0 330.3979263305664
1428.0 330.2871341705322
1429.0 330.82225799560547
1430.0 332.3186569213867
1431.0 332.40882110595703
1432.0 332.58185386657715
1433.0 332.4943218231201
1434.0 331.00654792785645
1435.0 330.0037269592285
1436.0 329.4058074951172
1437.0 329.40085220336914
1438.0 329.3257255554199
1439.0 329.5346794128418
1440.0 328.9807529449463
1441.0 326.9200496673584
1442.0 326.23508071899414
1443.0 326.86373138427734
1444.0 326.69333267211914
1445.0 327.48701667785645
1446.0 327.74100494384766
1447.0 327.9688549041748
1448.0 327.72563552856445
1449.0 327.1740550994873
1450.0 326.5700149536133
1451.0 327.5248908996582
1452.0 327.2936763763428
1453.0 326.4242115020752
1454.0 326.8091163635254
1455.0 327.4508171081543
1456.0 326.72302627563477
1457.0 325.81599044799805
1458.0 326.10169219970703
1459.0 326.10484886169434
1460.0 327.87996673583984
1461.0 328.31955909729004
1462.0 327.4159679412842
1463.0 327.0595817565918
1464.0 326.8647766113281
1465.0 326.4073066711426
1466.0 327.05566024780273
1467.0 328.1673126220703
1468.0 328.08813285827637
1469.0 328.1590042114258
1470.0 328.1015853881836
1471.0 328.0630588531494
1472.0 328.54903984069824
1473.0 328.82516860961914
1474.0 329.01210594177246
1475.0 329.5336055755615
1476.0 329.11482429504395
1477.0 329.23086738586426
1478.0 329.41676330566406
1479.0 329.5193786621094
1480.0 330.18836784362793
1481.0 330.7099666595459
1482.0 330.2344627380371
1483.0 330.07901191711426
1484.0 329.47660064697266
1485.0 328.31434440612793
1486.0 327.4439163208008
1487.0 326.7566833496094
1488.0 326.7423572540283
1489.0 326.7114772796631
1490.0 325.44396209716797
1491.0 324.93138885498047
1492.0 324.50333976745605
1493.0 323.8303756713867
1494.0 323.18269538879395
1495.0 324.2918243408203
1496.0 326.3357734680176
1497.0 325.4033088684082
1498.0 325.1337013244629
1499.0 325.36976432800293
1500.0 325.39806175231934
1501.0 325.5210933685303
1502.0 324.867956161499
1503.0 325.2397804260254
1504.0 325.2823734283447
1505.0 325.21624183654785
1506.0 324.09520530700684
1507.0 323.935338973999
1508.0 324.3903274536133
1509.0 324.038537979126
1510.0 322.75157165527344
1511.0 320.8396625518799
1512.0 319.65480613708496
1513.0 318.903507232666
1514.0 318.45213890075684
1515.0 317.16844749450684
1516.0 316.5364570617676
1517.0 316.0457363128662
1518.0 315.9176731109619
1519.0 315.3087844848633
1520.0 314.25710678100586
1521.0 313.7546157836914
1522.0 313.10739517211914
1523.0 312.0037498474121
1524.0 311.7999897003174
1525.0 310.7511692047119
1526.0 310.00726318359375
1527.0 309.4905776977539
1528.0 309.0701675415039
1529.0 309.31667709350586
1530.0 308.7156181335449
1531.0 309.01654624938965
1532.0 307.9311180114746
1533.0 307.8639507293701
1534.0 309.2301425933838
1535.0 309.30831146240234
1536.0 308.7400379180908
1537.0 307.7810287475586
1538.0 306.9943027496338
1539.0 306.39370918273926
1540.0 304.76795768737793
1541.0 303.4563865661621
1542.0 302.5970230102539
1543.0 302.62455558776855
1544.0 302.19293212890625
1545.0 301.8300437927246
1546.0 301.27297019958496
1547.0 301.4508857727051
1548.0 301.78659439086914
1549.0 301.3663673400879
1550.0 301.6152763366699
1551.0 302.633975982666
1552.0 301.5542755126953
1553.0 301.95284271240234
1554.0 302.964054107666
1555.0 302.39585876464844
1556.0 301.43299293518066
1557.0 301.9562683105469
1558.0 301.7690887451172
1559.0 300.87457275390625
1560.0 300.4590148925781
1561.0 299.23279571533203
1562.0 297.59319496154785
1563.0 296.52381134033203
1564.0 297.01326751708984
1565.0 297.7342128753662
1566.0 297.5698413848877
1567.0 297.2046546936035
1568.0 296.9137363433838
1569.0 296.2751407623291
1570.0 296.18604278564453
1571.0 297.3839454650879
1572.0 297.24426651000977
1573.0 296.6207847595215
1574.0 296.3941478729248
1575.0 296.4349365234375
1576.0 297.5058345794678
1577.0 296.0548839569092
1578.0 295.58215713500977
1579.0 296.06912422180176
1580.0 295.0536518096924
1581.0 294.97358894348145
1582.0 295.71896171569824
1583.0 295.3971519470215
1584.0 294.9946823120117
1585.0 294.0832099914551
1586.0 292.65646171569824
1587.0 292.1976890563965
1588.0 291.11768913269043
1589.0 290.98841285705566
1590.0 290.9131088256836
1591.0 290.299072265625
1592.0 289.67969131469727
1593.0 289.4231872558594
1594.0 288.534631729126
1595.0 288.22265625
1596.0 288.02734375
1597.0 287.1475124359131
1598.0 286.21411895751953
1599.0 288.13230323791504
1600.0 288.1219711303711
1601.0 286.4283561706543
1602.0 286.4249267578125
1603.0 287.88663482666016
1604.0 288.5267448425293
1605.0 287.4302444458008
1606.0 283.2912311553955
1607.0 281.31774139404297
1608.0 281.75586128234863
1609.0 282.80616188049316
1610.0 282.1101589202881
1611.0 280.178955078125
1612.0 280.229190826416
1613.0 279.53540229797363
1614.0 278.53284454345703
1615.0 277.45750427246094
1616.0 278.26976776123047
1617.0 278.9917907714844
1618.0 278.19804763793945
1619.0 275.98000144958496
1620.0 274.6932945251465
1621.0 274.562894821167
1622.0 273.96952629089355
1623.0 272.8600673675537
1624.0 270.99991035461426
1625.0 269.09207344055176
1626.0 268.7429962158203
1627.0 268.2179946899414
1628.0 267.33787536621094
1629.0 266.14227867126465
1630.0 264.32604789733887
1631.0 262.56502532958984
1632.0 262.36213874816895
1633.0 262.1344871520996
1634.0 260.69993591308594
1635.0 259.34994888305664
1636.0 259.29291820526123
1637.0 259.23071670532227
1638.0 258.9948492050171
1639.0 258.9362449645996
1640.0 257.7513122558594
1641.0 257.3938503265381
1642.0 257.65575981140137
1643.0 257.19829082489014
1644.0 256.6952934265137
1645.0 256.9016799926758
1646.0 255.9336109161377
1647.0 255.29890727996826
1648.0 255.36396026611328
1649.0 253.6566457748413
1650.0 252.47260856628418
1651.0 252.15025901794434
1652.0 251.1910104751587
1653.0 249.80687427520752
1654.0 249.21192359924316
1655.0 248.88985061645508
1656.0 248.21328258514404
1657.0 247.3525733947754
1658.0 247.28993129730225
1659.0 246.70795249938965
1660.0 245.6486120223999
1661.0 244.6067943572998
1662.0 243.42505168914795
1663.0 242.5572156906128
1664.0 242.13607025146484
1665.0 241.81521034240723
1666.0 241.15092277526855
1667.0 240.57325267791748
1668.0 239.87488555908203
1669.0 239.1951026916504
1670.0 239.05727100372314
1671.0 239.1383285522461
1672.0 239.12968158721924
1673.0 238.56431770324707
1674.0 238.52605056762695
1675.0 238.43373775482178
1676.0 238.98950862884521
1677.0 238.7465238571167
1678.0 238.2073450088501
1679.0 238.49546146392822
1680.0 238.45741271972656
1681.0 238.2622308731079
1682.0 237.98568153381348
1683.0 238.07780265808105
1684.0 237.71416759490967
1685.0 237.761212348938
1686.0 237.61914348602295
1687.0 237.2423858642578
1688.0 236.18275928497314
1689.0 234.87901973724365
1690.0 233.96588706970215
1691.0 233.77984523773193
1692.0 233.3574686050415
1693.0 231.99028205871582
1694.0 231.49720001220703
1695.0 231.06814861297607
1696.0 230.52953338623047
1697.0 229.71796703338623
1698.0 230.11944389343262
1699.0 229.52893543243408
1700.0 228.7914524078369
1701.0 228.96874809265137
1702.0 228.46566677093506
1703.0 229.01734161376953
1704.0 229.11888122558594
1705.0 229.51123809814453
1706.0 229.77584743499756
1707.0 228.6650848388672
1708.0 227.74984073638916
1709.0 227.326003074646
1710.0 227.60214710235596
1711.0 227.2034568786621
1712.0 226.582200050354
1713.0 226.1290578842163
1714.0 225.7970209121704
1715.0 225.09595584869385
1716.0 226.07164669036865
1717.0 225.9707202911377
1718.0 225.2955780029297
1719.0 225.49677753448486
1720.0 226.02302742004395
1721.0 226.31686210632324
1722.0 226.55900287628174
1723.0 227.66580963134766
1724.0 228.6904354095459
1725.0 228.38230991363525
1726.0 227.03432655334473
1727.0 226.45000076293945
1728.0 226.5254201889038
1729.0 226.74030017852783
1730.0 226.94964122772217
1731.0 226.05370330810547
1732.0 225.4011697769165
1733.0 224.933819770813
1734.0 223.26689529418945
1735.0 222.75061416625977
1736.0 222.1791172027588
1737.0 222.81967067718506
1738.0 224.07930088043213
1739.0 224.2516450881958
1740.0 224.2633876800537
1741.0 224.06809997558594
1742.0 224.07272148132324
1743.0 224.39397716522217
1744.0 224.56682300567627
1745.0 224.60294818878174
1746.0 225.2933120727539
1747.0 225.90455722808838
1748.0 225.89157676696777
1749.0 226.71648120880127
1750.0 227.1887559890747
1751.0 227.82251071929932
1752.0 229.01342964172363
1753.0 230.2345485687256
1754.0 231.9256763458252
1755.0 231.47400283813477
1756.0 230.50735187530518
1757.0 231.26653957366943
1758.0 233.64050769805908
1759.0 235.20166397094727
1760.0 235.46848392486572
1761.0 235.8232545852661
1762.0 236.1827163696289
1763.0 236.89659118652344
1764.0 237.29572677612305
1765.0 237.20644187927246
1766.0 237.55968856811523
1767.0 237.3017864227295
1768.0 238.02564430236816
1769.0 238.49665451049805
1770.0 238.16369152069092
1771.0 238.0120096206665
1772.0 238.47658920288086
1773.0 238.87985610961914
1774.0 238.95604801177979
1775.0 238.8155174255371
1776.0 238.6155128479004
1777.0 238.45769119262695
1778.0 239.20060539245605
1779.0 238.93526077270508
1780.0 239.0407476425171
1781.0 239.4587926864624
1782.0 238.79417037963867
1783.0 239.54498672485352
1784.0 240.3670358657837
1785.0 241.05859661102295
1786.0 241.08074474334717
1787.0 240.48625659942627
1788.0 241.32300186157227
1789.0 240.35778427124023
1790.0 239.5975160598755
1791.0 240.76315021514893
1792.0 240.51357078552246
1793.0 239.9481086730957
1794.0 238.6714391708374
1795.0 238.31179332733154
1796.0 238.9429235458374
1797.0 239.52146816253662
1798.0 239.56662845611572
1799.0 239.38144302368164
1800.0 239.6162405014038
1801.0 238.38310432434082
1802.0 237.62400150299072
1803.0 238.37583446502686
1804.0 238.82961559295654
1805.0 239.57868003845215
1806.0 239.66434478759766
1807.0 238.54464149475098
1808.0 238.14378929138184
1809.0 238.0265016555786
1810.0 236.11011695861816
1811.0 236.7070026397705
1812.0 237.5472059249878
1813.0 237.11848640441895
1814.0 236.20135116577148
1815.0 236.45239162445068
1816.0 236.42009735107422
1817.0 235.28283405303955
1818.0 234.8658504486084
1819.0 234.12657833099365
1820.0 233.4938850402832
1821.0 232.65085315704346
1822.0 232.36555671691895
1823.0 232.92930030822754
1824.0 233.09900760650635
1825.0 232.43407917022705
1826.0 231.96526432037354
1827.0 232.33249855041504
1828.0 231.46002101898193
1829.0 230.5293951034546
1830.0 230.7035036087036
1831.0 230.4686393737793
1832.0 229.68567943572998
1833.0 228.1820993423462
1834.0 227.20509147644043
1835.0 227.31917095184326
1836.0 226.9928207397461
1837.0 226.4087200164795
1838.0 226.14103507995605
1839.0 225.67008304595947
