1.0 0.0
2.0 0.0
3.0 0.0
4.0 0.0
5.0 0.0
6.0 0.0
7.0 0.0
8.0 0.0
9.0 0.0
10.0 0.0
11.0 0.0
12.0 0.0
13.0 0.0
14.0 0.0
15.0 0.0
16.0 0.0
17.0 0.0
18.0 0.0
19.0 0.0
20.0 0.0
21.0 0.0
22.0 0.0
23.0 0.0
24.0 0.0
25.0 0.0
26.0 0.0
27.0 0.0
28.0 0.0
29.0 0.0
30.0 0.0
31.0 0.0
32.0 0.0
33.0 0.0
34.0 0.0
35.0 0.0
36.0 0.0
37.0 0.0
38.0 0.0
39.0 0.0
40.0 0.0
41.0 0.0
42.0 0.0
43.0 0.0
44.0 0.0
45.0 0.0
46.0 0.0
47.0 0.0
48.0 0.0
49.0 0.0
50.0 0.0
51.0 0.0
52.0 0.0
53.0 0.0
54.0 0.0
55.0 0.0
56.0 0.0
57.0 0.0
58.0 0.0
59.0 0.0
60.0 0.0
61.0 0.0
62.0 0.0
63.0 0.0
64.0 0.0
65.0 0.0
66.0 0.0
67.0 0.0
68.0 0.0
69.0 0.0
70.0 0.0
71.0 0.0
72.0 0.0
73.0 0.0
74.0 0.0
75.0 0.0
76.0 0.0
77.0 0.0
78.0 0.0
79.0 0.0
80.0 0.0
81.0 0.0
82.0 0.0
83.0 0.0
84.0 0.0
85.0 0.0
86.0 0.0
87.0 0.0
88.0 0.0
89.0 0.0
90.0 0.0
91.0 0.0
92.0 0.0
93.0 0.0
94.0 0.0
95.0 0.0
96.0 0.0
97.0 0.0
98.0 0.0
99.0 0.0
100.0 0.0
101.0 0.0
102.0 0.0
103.0 0.0
104.0 0.0
105.0 0.0
106.0 0.0
107.0 0.0
108.0 0.0
109.0 0.0
110.0 0.0
111.0 0.0
112.0 0.0
113.0 0.0
114.0 0.0
115.0 0.0
116.0 0.0
117.0 0.0
118.0 0.0
119.0 0.0
120.0 0.0
121.0 0.0
122.0 0.0
123.0 0.0
124.0 0.0
125.0 0.0
126.0 0.0
127.0 0.0
128.0 0.0
129.0 0.0
130.0 0.0
131.0 0.0
132.0 0.0
133.0 0.0
134.0 0.0
135.0 0.0
136.0 0.0
137.0 0.0
138.0 0.0
139.0 0.0
140.0 0.0
141.0 0.0
142.0 0.0
143.0 0.0
144.0 0.0
145.0 0.0
146.0 0.0
147.0 0.0
148.0 0.0
149.0 0.0
150.0 0.0
151.0 0.0
152.0 0.0
153.0 0.0
154.0 0.0
155.0 0.0
156.0 0.0
157.0 0.0
158.0 0.0
159.0 0.0
160.0 0.0
161.0 0.0
162.0 0.0
163.0 0.0
164.0 0.0
165.0 0.0
166.0 0.0
167.0 0.0
168.0 0.0
169.0 0.0
170.0 0.0
171.0 0.0
172.0 0.0
173.0 0.0
174.0 0.0
175.0 0.0
176.0 0.0
177.0 0.0
178.0 0.0
179.0 0.0
180.0 0.0
181.0 0.0
182.0 0.0
183.0 0.0
184.0 0.0
185.0 0.0
186.0 0.0
187.0 0.0
188.0 0.0
189.0 0.0
190.0 0.0
191.0 0.0
192.0 0.0
193.0 0.0
194.0 0.0
195.0 0.0
196.0 0.0
197.0 0.0
198.0 0.0
199.0 0.0
200.0 0.0
201.0 0.0
202.0 0.0
203.0 0.0
204.0 0.0
205.0 0.0
206.0 0.0
207.0 0.0
208.0 0.0
209.0 0.0
210.0 0.0
211.0 0.0
212.0 0.0
213.0 0.0
214.0 0.0
215.0 0.0
216.0 0.0
217.0 0.0
218.0 0.0
219.0 0.0
220.0 0.0
221.0 0.0
222.0 0.0
223.0 0.0
224.0 0.0
225.0 0.0
226.0 0.0
227.0 0.0
228.0 0.0
229.0 0.0
230.0 0.0
231.0 0.0
232.0 0.0
233.0 0.0
234.0 0.0
235.0 0.0
236.0 0.0
237.0 0.0
238.0 0.0
239.0 0.0
240.0 0.0
241.0 0.0
242.0 0.0
243.0 0.0
244.0 0.0
245.0 0.0
246.0 0.0
247.0 0.0
248.0 0.0
249.0 0.0
250.0 0.0
251.0 0.0
252.0 0.0
253.0 0.0
254.0 0.0
255.0 0.0
256.0 0.0
257.0 0.0
258.0 0.0
259.0 0.0
260.0 0.0
261.0 0.0
262.0 0.0
263.0 0.0
264.0 0.0
265.0 0.0
266.0 0.0
267.0 0.0
268.0 0.0
269.0 0.0
270.0 0.0
271.0 0.0
272.0 0.0
273.0 0.0
274.0 0.0
275.0 0.0
276.0 0.0
277.0 0.0
278.0 0.0
279.0 0.0
280.0 0.0
281.0 0.0
282.0 0.0
283.0 0.0
284.0 0.0
285.0 0.0
286.0 0.0
287.0 0.0
288.0 0.0
289.0 0.0
290.0 0.0
291.0 0.0
292.0 0.0
293.0 0.0
294.0 0.0
295.0 0.0
296.0 0.0
297.0 0.0
298.0 0.0
299.0 0.0
300.0 0.0
301.0 0.0
302.0 0.0
303.0 0.0
304.0 0.0
305.0 0.0
306.0 0.0
307.0 0.0
308.0 0.0
309.0 0.0
310.0 0.0
311.0 0.0
312.0 0.0
313.0 0.0
314.0 0.0
315.0 0.0
316.0 0.0
317.0 0.0
318.0 0.0
319.0 0.0
320.0 0.0
321.0 0.0
322.0 0.0
323.0 0.0
324.0 0.0
325.0 0.0
326.0 0.0
327.0 0.0
328.0 0.0
329.0 0.0
330.0 0.0
331.0 0.0
332.0 0.0
333.0 0.0
334.0 0.0
335.0 0.0
336.0 0.0
337.0 0.0
338.0 0.0
339.0 0.0
340.0 0.0
341.0 0.0
342.0 0.0
343.0 0.0
344.0 0.0
345.0 0.0
346.0 0.0
347.0 0.0
348.0 0.0
349.0 0.0
350.0 0.0
351.0 0.0
352.0 0.0
353.0 0.0
354.0 0.0
355.0 0.0
356.0 0.0
357.0 0.0
358.0 0.0
359.0 0.0
360.0 0.0
361.0 0.0
362.0 0.0
363.0 0.0
364.0 0.0
365.0 0.0
366.0 0.0
367.0 0.0
368.0 0.0
369.0 0.0
370.0 0.0
371.0 0.0
372.0 0.0
373.0 0.0
374.0 0.0
375.0 0.0
376.0 0.0
377.0 0.0
378.0 0.0
379.0 0.0
380.0 0.0
381.0 0.0
382.0 0.0
383.0 0.0
384.0 0.0
385.0 0.0
386.0 0.0
387.0 0.0
388.0 0.0
389.0 0.0
390.0 0.0
391.0 0.0
392.0 0.0
393.0 0.0
394.0 0.0
395.0 0.0
396.0 0.0
397.0 0.0
398.0 0.0
399.0 0.0
400.0 0.0
401.0 0.0
402.0 0.0
403.0 0.0
404.0 0.0
405.0 0.0
406.0 0.0
407.0 0.0
408.0 0.0
409.0 0.0
410.0 0.0
411.0 0.0
412.0 0.0
413.0 0.0
414.0 0.0
415.0 0.0
416.0 0.0
417.0 0.0
418.0 0.0
419.0 0.0
420.0 0.0
421.0 0.0
422.0 0.0
423.0 0.0
424.0 0.0
425.0 0.0
426.0 0.0
427.0 0.0
428.0 0.0
429.0 0.0
430.0 0.0
431.0 0.0
432.0 0.0
433.0 0.0
434.0 0.0
435.0 0.0
436.0 0.0
437.0 0.0
438.0 0.0
439.0 0.0
440.0 0.0
441.0 0.0
442.0 0.0
443.0 0.0
444.0 0.0
445.0 0.0
446.0 0.0
447.0 0.0
448.0 0.0
449.0 0.0
450.0 0.0
451.0 0.0
452.0 0.0
453.0 0.0
454.0 0.0
455.0 0.0
456.0 0.0
457.0 0.0
458.0 0.0
459.0 0.0
460.0 0.0
461.0 0.0
462.0 0.0
463.0 0.0
464.0 0.0
465.0 0.0
466.0 0.0
467.0 0.0
468.0 0.0
469.0 0.0
470.0 0.0
471.0 0.0
472.0 0.0
473.0 0.0
474.0 0.0
475.0 0.0
476.0 0.0
477.0 0.0
478.0 0.0
479.0 0.0
480.0 0.0
481.0 0.0
482.0 0.0
483.0 0.0
484.0 0.0
485.0 0.0
486.0 0.0
487.0 0.0
488.0 0.0
489.0 0.0
490.0 0.0
491.0 0.0
492.0 0.0
493.0 0.0
494.0 0.0
495.0 0.0
496.0 0.0
497.0 0.0
498.0 0.0
499.0 0.0
500.0 0.0
501.0 0.0
502.0 0.0
503.0 0.0
504.0 0.0
505.0 0.0
506.0 0.0
507.0 0.0
508.0 0.0
509.0 0.0
510.0 0.0
511.0 0.0
512.0 0.0
513.0 0.0
514.0 0.0
515.0 0.0
516.0 0.0
517.0 0.0
518.0 0.0
519.0 0.0
520.0 0.0
521.0 0.0
522.0 0.0
523.0 0.0
524.0 0.0
525.0 0.0
526.0 0.0
527.0 0.0
528.0 0.0
529.0 0.0
530.0 0.0
531.0 0.0
532.0 0.0
533.0 0.0
534.0 0.0
535.0 0.0
536.0 0.0
537.0 0.0
538.0 0.0
539.0 0.0
540.0 0.0
541.0 0.0
542.0 0.0
543.0 0.0
544.0 0.0
545.0 0.0
546.0 0.0
547.0 0.0
548.0 0.0
549.0 0.0
550.0 0.0
551.0 0.0
552.0 0.0
553.0 0.0
554.0 0.0
555.0 0.0
556.0 0.0
557.0 0.0
558.0 0.0
559.0 0.0
560.0 0.0
561.0 0.0
562.0 0.0
563.0 0.0
564.0 0.0
565.0 0.0
566.0 0.0
567.0 0.0
568.0 0.0
569.0 0.0
570.0 0.0
571.0 0.0
572.0 0.0
573.0 0.0
574.0 0.0
575.0 0.0
576.0 0.0
577.0 0.0
578.0 0.0
579.0 0.0
580.0 0.0
581.0 0.0
582.0 0.0
583.0 0.0
584.0 0.0
585.0 0.0
586.0 0.0
587.0 0.0
588.0 0.0
589.0 0.0
590.0 0.0
591.0 0.0
592.0 0.0
593.0 0.0
594.0 0.0
595.0 0.0
596.0 0.0
597.0 0.0
598.0 0.0
599.0 0.0
600.0 0.0
601.0 0.0
602.0 0.0
603.0 0.0
604.0 0.0
605.0 0.0
606.0 0.0
607.0 0.0
608.0 0.0
609.0 0.0
610.0 0.0
611.0 0.0
612.0 0.0
613.0 0.0
614.0 0.0
615.0 0.0
616.0 0.0
617.0 0.0
618.0 0.0
619.0 0.0
620.0 0.0
621.0 0.0
622.0 0.0
623.0 0.0
624.0 0.0
625.0 0.0
626.0 0.0
627.0 0.0
628.0 0.0
629.0 0.0
630.0 0.0
631.0 0.0
632.0 0.0
633.0 0.0
634.0 0.0
635.0 0.0
636.0 0.0
637.0 0.0
638.0 0.0
639.0 0.0
640.0 0.0
641.0 0.0
642.0 0.0
643.0 0.0
644.0 0.0
645.0 0.0
646.0 0.0
647.0 0.0
648.0 0.0
649.0 0.0
650.0 0.0
651.0 0.0
652.0 0.0
653.0 0.0
654.0 0.0
655.0 0.0
656.0 0.0
657.0 0.0
658.0 0.0
659.0 0.0
660.0 0.0
661.0 0.0
662.0 0.0
663.0 0.0
664.0 0.0
665.0 0.0
666.0 0.0
667.0 0.0
668.0 0.0
669.0 0.0
670.0 0.0
671.0 0.0
672.0 0.0
673.0 0.0
674.0 0.0
675.0 0.0
676.0 0.0
677.0 0.0
678.0 0.0
679.0 0.0
680.0 0.0
681.0 0.0
682.0 0.0
683.0 0.0
684.0 0.0
685.0 0.0
686.0 0.0
687.0 0.0
688.0 0.0
689.0 0.0
690.0 0.0
691.0 0.0
692.0 0.0
693.0 0.0
694.0 0.0
695.0 0.0
696.0 0.0
697.0 0.0
698.0 0.0
699.0 0.0
700.0 0.0
701.0 0.0
702.0 0.0
703.0 0.0
704.0 0.0
705.0 0.0
706.0 0.0
707.0 0.0
708.0 0.0
709.0 0.0
710.0 0.0
711.0 0.0
712.0 0.0
713.0 0.0
714.0 0.0
715.0 0.0
716.0 0.0
717.0 0.0
718.0 0.0
719.0 0.0
720.0 0.0
721.0 0.0
722.0 0.0
723.0 0.0
724.0 0.0
725.0 0.0
726.0 0.0
727.0 0.0
728.0 0.0
729.0 0.0
730.0 0.0
731.0 0.0
732.0 0.0
733.0 0.0
734.0 0.0
735.0 0.0
736.0 0.0
737.0 0.0
738.0 0.0
739.0 0.0
740.0 0.0
741.0 0.0
742.0 0.0
743.0 0.0
744.0 0.0
745.0 0.0
746.0 0.0
747.0 0.0
748.0 0.0
749.0 0.0
750.0 0.0
751.0 0.0
752.0 0.0
753.0 0.0
754.0 0.0
755.0 0.0
756.0 0.0
757.0 0.0
758.0 0.0
759.0 0.0
760.0 0.0
761.0 0.0
762.0 0.0
763.0 0.0
764.0 0.0
765.0 0.0
766.0 0.0
767.0 0.0
768.0 0.0
769.0 0.0
770.0 0.0
771.0 0.0
772.0 0.0
773.0 0.0
774.0 0.0
775.0 0.0
776.0 0.0
777.0 0.0
778.0 0.0
779.0 0.0
780.0 0.0
781.0 0.0
782.0 0.0
783.0 0.0
784.0 0.0
785.0 0.0
786.0 0.0
787.0 0.0
788.0 0.0
789.0 0.0
790.0 0.0
791.0 0.0
792.0 0.0
793.0 0.0
794.0 0.0
795.0 0.0
796.0 0.0
797.0 0.0
798.0 0.0
799.0 0.0
800.0 0.0
801.0 0.0
802.0 0.0
803.0 0.0
804.0 0.0
805.0 0.0
806.0 0.0
807.0 0.0
808.0 0.0
809.0 0.0
810.0 0.0
811.0 0.0
812.0 0.0
813.0 0.0
814.0 0.0
815.0 0.0
816.0 0.0
817.0 0.0
818.0 0.0
819.0 0.0
820.0 0.0
821.0 0.0
822.0 0.0
823.0 0.0
824.0 0.0
825.0 0.0
826.0 0.0
827.0 0.0
828.0 0.0
829.0 0.0
830.0 0.0
831.0 0.0
832.0 0.0
833.0 0.0
834.0 0.0
835.0 0.0
836.0 0.0
837.0 0.0
838.0 0.0
839.0 0.0
840.0 0.0
841.0 0.0
842.0 0.0
843.0 0.0
844.0 0.0
845.0 0.0
846.0 0.0
847.0 0.0
848.0 0.0
849.0 0.0
850.0 0.0
851.0 0.0
852.0 0.0
853.0 0.0
854.0 0.0
855.0 0.0
856.0 0.0
857.0 0.0
858.0 0.0
859.0 0.0
860.0 0.0
861.0 0.0
862.0 0.0
863.0 0.0
864.0 0.0
865.0 0.0
866.0 0.0
867.0 0.0
868.0 0.0
869.0 0.0
870.0 0.0
871.0 0.0
872.0 0.0
873.0 0.0
874.0 0.0
875.0 0.0
876.0 0.0
877.0 0.0
878.0 0.0
879.0 0.0
880.0 0.0
881.0 0.0
882.0 0.0
883.0 0.0
884.0 0.0
885.0 0.0
886.0 0.0
887.0 0.0
888.0 0.0
889.0 0.0
890.0 0.0
891.0 0.0
892.0 0.0
893.0 0.0
894.0 0.0
895.0 0.0
896.0 0.0
897.0 0.0
898.0 0.0
899.0 0.0
900.0 0.0
901.0 0.0
902.0 0.0
903.0 0.0
904.0 0.0
905.0 0.0
906.0 0.0
907.0 0.0
908.0 0.0
909.0 0.0
910.0 0.0
911.0 0.0
912.0 0.0
913.0 0.0
914.0 0.0
915.0 0.0
916.0 0.0
917.0 0.0
918.0 0.0
919.0 0.0
920.0 0.0
921.0 0.0
922.0 0.0
923.0 0.0
924.0 0.0
925.0 0.0
926.0 0.0
927.0 0.0
928.0 0.0
929.0 0.0
930.0 0.0
931.0 0.0
932.0 0.0
933.0 0.0
934.0 0.0
935.0 0.0
936.0 0.0
937.0 0.0
938.0 0.0
939.0 0.0
940.0 0.0
941.0 0.0
942.0 0.0
943.0 0.0
944.0 0.0
945.0 0.0
946.0 0.0
947.0 0.0
948.0 0.0
949.0 0.0
950.0 0.0
951.0 0.0
952.0 0.0
953.0 0.0
954.0 0.0
955.0 0.0
956.0 0.0
957.0 0.0
958.0 0.0
959.0 0.0
960.0 0.0
961.0 0.0
962.0 0.0
963.0 0.0
964.0 0.0
965.0 0.0
966.0 0.0
967.0 0.0
968.0 0.0
969.0 0.0
970.0 0.0
971.0 0.0
972.0 0.0
973.0 0.0
974.0 0.0
975.0 0.0
976.0 0.0
977.0 0.0
978.0 0.0
979.0 0.0
980.0 0.0
981.0 0.0
982.0 0.0
983.0 0.0
984.0 0.0
985.0 0.0
986.0 0.0
987.0 0.0
988.0 0.0
989.0 0.0
990.0 0.0
991.0 0.0
992.0 0.0
993.0 0.0
994.0 0.0
995.0 0.0
996.0 0.0
997.0 0.0
998.0 0.0
999.0 0.0
1000.0 0.0
1001.0 0.0
1002.0 0.0
1003.0 0.0
1004.0 0.0
1005.0 0.0
1006.0 0.0
1007.0 0.0
1008.0 0.0
1009.0 0.0
1010.0 0.0
1011.0 0.0
1012.0 0.0
1013.0 0.0
1014.0 0.0
1015.0 0.0
1016.0 0.0
1017.0 0.0
1018.0 0.0
1019.0 0.0
1020.0 0.0
1021.0 0.0
1022.0 0.0
1023.0 0.0
1024.0 0.0
1025.0 0.0
1026.0 0.0
1027.0 0.0
1028.0 0.0
1029.0 0.0
1030.0 0.0
1031.0 0.0
1032.0 0.0
1033.0 0.0
1034.0 0.0
1035.0 0.0
1036.0 0.0
1037.0 0.0
1038.0 0.0
1039.0 0.0
1040.0 0.0
1041.0 0.0
1042.0 0.0
1043.0 0.0
1044.0 0.0
1045.0 0.0
1046.0 0.0
1047.0 0.0
1048.0 0.0
1049.0 0.0
1050.0 0.0
1051.0 0.0
1052.0 0.0
1053.0 0.0
1054.0 0.0
1055.0 0.0
1056.0 0.0
1057.0 0.0
1058.0 0.0
1059.0 0.0
1060.0 0.0
1061.0 0.0
1062.0 0.0
1063.0 0.0
1064.0 0.0
1065.0 0.0
1066.0 0.0
1067.0 0.0
1068.0 0.0
1069.0 0.0
1070.0 0.0
1071.0 0.0
1072.0 0.0
1073.0 0.0
1074.0 0.0
1075.0 0.0
1076.0 0.0
1077.0 0.0
1078.0 0.0
1079.0 0.0
1080.0 0.0
1081.0 0.0
1082.0 0.0
1083.0 0.0
1084.0 0.0
1085.0 0.0
1086.0 0.0
1087.0 0.0
1088.0 0.0
1089.0 0.0
1090.0 0.0
1091.0 0.0
1092.0 0.0
1093.0 0.0
1094.0 0.0
1095.0 0.0
1096.0 0.0
1097.0 0.0
1098.0 0.0
1099.0 0.0
1100.0 0.0
1101.0 0.0
1102.0 0.0
1103.0 0.0
1104.0 0.0
1105.0 0.0
1106.0 0.0
1107.0 0.0
1108.0 0.0
1109.0 0.0
1110.0 0.0
1111.0 0.0
1112.0 0.0
1113.0 0.0
1114.0 0.0
1115.0 0.0
1116.0 0.0
1117.0 0.0
1118.0 0.0
1119.0 0.0
1120.0 0.0
1121.0 0.0
1122.0 0.0
1123.0 0.0
1124.0 0.0
1125.0 0.0
1126.0 0.0
1127.0 0.0
1128.0 0.0
1129.0 0.0
1130.0 0.0
1131.0 0.0
1132.0 0.0
1133.0 0.0
1134.0 0.0
1135.0 0.0
1136.0 0.0
1137.0 0.0
1138.0 0.0
1139.0 0.0
1140.0 0.0
1141.0 0.0
1142.0 0.0
1143.0 0.0
1144.0 0.0
1145.0 0.0
1146.0 0.0
1147.0 0.0
1148.0 0.0
1149.0 0.0
1150.0 0.0
1151.0 0.0
1152.0 0.0
1153.0 0.0
1154.0 0.0
1155.0 0.0
1156.0 0.0
1157.0 0.0
1158.0 0.0
1159.0 0.0
1160.0 0.0
1161.0 0.0
1162.0 0.0
1163.0 0.0
1164.0 0.0
1165.0 0.0
1166.0 0.0
1167.0 0.0
1168.0 0.0
1169.0 0.0
1170.0 0.0
1171.0 0.0
1172.0 0.0
1173.0 0.0
1174.0 0.0
1175.0 0.0
1176.0 0.0
1177.0 0.0
1178.0 0.0
1179.0 0.0
1180.0 0.0
1181.0 0.0
1182.0 0.0
1183.0 0.0
1184.0 0.0
1185.0 0.0
1186.0 0.0
1187.0 0.0
1188.0 0.0
1189.0 0.0
1190.0 0.0
1191.0 0.0
1192.0 0.0
1193.0 0.0
1194.0 0.0
1195.0 0.0
1196.0 0.0
1197.0 0.0
1198.0 0.0
1199.0 0.0
1200.0 0.0
1201.0 0.0
1202.0 0.0
1203.0 0.0
1204.0 0.0
1205.0 0.0
1206.0 0.0
1207.0 0.0
1208.0 0.0
1209.0 0.0
1210.0 0.0
1211.0 0.0
1212.0 0.0
1213.0 0.0
1214.0 0.0
1215.0 0.0
1216.0 0.0
1217.0 0.0
1218.0 0.0
1219.0 0.0
1220.0 0.0
1221.0 0.0
1222.0 0.0
1223.0 0.0
1224.0 0.0
1225.0 0.0
1226.0 0.0
1227.0 0.0
1228.0 0.0
1229.0 0.0
1230.0 0.0
1231.0 0.0
1232.0 0.0
1233.0 0.0
1234.0 0.0
1235.0 0.0
1236.0 0.0
1237.0 0.0
1238.0 0.0
1239.0 0.0
1240.0 0.0
1241.0 0.0
1242.0 0.0
1243.0 0.0
1244.0 0.0
1245.0 0.0
1246.0 0.0
1247.0 0.0
1248.0 0.0
1249.0 0.0
1250.0 0.0
1251.0 0.0
1252.0 0.0
1253.0 0.0
1254.0 0.0
1255.0 0.0
1256.0 0.0
1257.0 0.0
1258.0 0.0
1259.0 0.0
1260.0 0.0
1261.0 0.0
1262.0 0.0
1263.0 0.0
1264.0 0.0
1265.0 0.0
1266.0 0.0
1267.0 0.0
1268.0 0.0
1269.0 0.0
1270.0 0.0
1271.0 0.0
1272.0 0.0
1273.0 0.0
1274.0 0.0
1275.0 0.0
1276.0 0.0
1277.0 0.0
1278.0 0.0
1279.0 0.0
1280.0 0.0
1281.0 0.0
1282.0 0.0
1283.0 0.0
1284.0 0.0
1285.0 0.0
1286.0 0.0
1287.0 0.0
1288.0 0.0
1289.0 0.0
1290.0 0.0
1291.0 0.0
1292.0 0.0
1293.0 0.0
1294.0 0.0
1295.0 0.0
1296.0 0.0
1297.0 0.0
1298.0 0.0
1299.0 0.0
1300.0 0.0
1301.0 0.0
1302.0 0.0
1303.0 0.0
1304.0 0.0
1305.0 0.0
1306.0 0.0
1307.0 0.0
1308.0 0.0
1309.0 0.0
1310.0 0.0
1311.0 0.0
1312.0 0.0
1313.0 0.0
1314.0 0.0
1315.0 0.0
1316.0 0.0
1317.0 0.0
1318.0 0.0
1319.0 0.0
1320.0 0.0
1321.0 0.0
1322.0 0.0
1323.0 0.0
1324.0 0.0
1325.0 0.0
1326.0 0.0
1327.0 0.0
1328.0 0.0
1329.0 0.0
1330.0 0.0
1331.0 0.0
1332.0 0.0
1333.0 0.0
1334.0 0.0
1335.0 0.0
1336.0 0.0
1337.0 0.0
1338.0 0.0
1339.0 0.0
1340.0 0.0
1341.0 0.0
1342.0 0.0
1343.0 0.0
1344.0 0.0
1345.0 0.0
1346.0 0.0
1347.0 0.0
1348.0 0.0
1349.0 0.0
1350.0 0.0
1351.0 0.0
1352.0 0.0
1353.0 0.0
1354.0 0.0
1355.0 0.0
1356.0 0.0
1357.0 0.0
1358.0 0.0
1359.0 0.0
1360.0 0.0
1361.0 0.0
1362.0 0.0
1363.0 0.0
1364.0 0.0
1365.0 0.0
1366.0 0.0
1367.0 0.0
1368.0 0.0
1369.0 0.0
1370.0 0.0
1371.0 0.0
1372.0 0.0
1373.0 0.0
1374.0 0.0
1375.0 0.0
1376.0 0.0
1377.0 0.0
1378.0 0.0
1379.0 0.0
1380.0 0.0
1381.0 0.0
1382.0 0.0
1383.0 0.0
1384.0 0.0
1385.0 0.0
1386.0 0.0
1387.0 0.0
1388.0 0.0
1389.0 0.0
1390.0 0.0
1391.0 0.0
1392.0 0.0
1393.0 0.0
1394.0 0.0
1395.0 0.0
1396.0 0.0
1397.0 0.0
1398.0 0.0
1399.0 0.0
1400.0 0.0
1401.0 0.0
1402.0 0.0
1403.0 0.0
1404.0 0.0
1405.0 0.0
1406.0 0.0
1407.0 0.0
1408.0 0.0
1409.0 0.0
1410.0 0.0
1411.0 0.0
1412.0 0.0
1413.0 0.0
1414.0 0.0
1415.0 0.0
1416.0 0.0
1417.0 0.0
1418.0 0.0
1419.0 0.0
1420.0 0.0
1421.0 0.0
1422.0 0.0
1423.0 0.0
1424.0 0.0
1425.0 0.0
1426.0 0.0
1427.0 0.0
1428.0 0.0
1429.0 0.0
1430.0 0.0
1431.0 0.0
1432.0 0.0
1433.0 0.0
1434.0 0.0
1435.0 0.0
1436.0 0.0
1437.0 0.0
1438.0 0.0
1439.0 0.0
1440.0 0.0
1441.0 0.0
1442.0 0.0
1443.0 0.0
1444.0 0.0
1445.0 0.0
1446.0 0.0
1447.0 0.0
1448.0 0.0
1449.0 0.0
1450.0 0.0
1451.0 0.0
1452.0 0.0
1453.0 0.0
1454.0 0.0
1455.0 0.0
1456.0 0.0
1457.0 0.0
1458.0 0.0
1459.0 0.0
1460.0 0.0
1461.0 0.0
1462.0 0.0
1463.0 0.0
1464.0 0.0
1465.0 0.0
1466.0 0.0
1467.0 0.0
1468.0 0.0
1469.0 0.0
1470.0 0.0
1471.0 0.0
1472.0 0.0
1473.0 0.0
1474.0 0.0
1475.0 0.0
1476.0 0.0
1477.0 0.0
1478.0 0.0
1479.0 0.0
1480.0 0.0
1481.0 0.0
1482.0 0.0
1483.0 0.0
1484.0 0.0
1485.0 0.0
1486.0 0.0
1487.0 0.0
1488.0 0.0
1489.0 0.0
1490.0 0.0
1491.0 0.0
1492.0 0.0
1493.0 0.0
1494.0 0.0
1495.0 0.0
1496.0 0.0
1497.0 0.0
1498.0 0.0
1499.0 0.0
1500.0 0.0
1501.0 0.0
1502.0 0.0
1503.0 0.0
1504.0 0.0
1505.0 0.0
1506.0 0.0
1507.0 0.0
1508.0 0.0
1509.0 0.0
1510.0 0.0
1511.0 0.0
1512.0 0.0
1513.0 0.0
1514.0 0.0
1515.0 0.0
1516.0 0.0
1517.0 0.0
1518.0 0.0
1519.0 0.0
1520.0 0.0
1521.0 0.0
1522.0 0.0
1523.0 0.0
1524.0 0.0
1525.0 0.0
1526.0 0.0
1527.0 0.0
1528.0 0.0
1529.0 0.0
1530.0 0.0
1531.0 0.0
1532.0 0.0
1533.0 0.0
1534.0 0.0
1535.0 0.0
1536.0 0.0
1537.0 0.0
1538.0 0.0
1539.0 0.0
1540.0 0.0
1541.0 0.0
1542.0 0.0
1543.0 0.0
1544.0 0.0
1545.0 0.0
1546.0 0.0
1547.0 0.0
1548.0 0.0
1549.0 0.0
1550.0 0.0
1551.0 0.0
1552.0 0.0
1553.0 0.0
1554.0 0.0
1555.0 0.0
1556.0 0.0
1557.0 0.0
1558.0 0.0
1559.0 0.0
1560.0 0.0
1561.0 0.0
1562.0 0.0
1563.0 0.0
1564.0 0.0
1565.0 0.0
1566.0 0.0
1567.0 0.0
1568.0 0.0
1569.0 0.0
1570.0 0.0
1571.0 0.0
1572.0 0.0
1573.0 0.0
1574.0 0.0
1575.0 0.0
1576.0 0.0
1577.0 0.0
1578.0 0.0
1579.0 0.0
1580.0 0.0
1581.0 0.0
1582.0 0.0
1583.0 0.0
1584.0 0.0
1585.0 0.0
1586.0 0.0
1587.0 0.0
1588.0 0.0
1589.0 0.0
1590.0 0.0
1591.0 0.0
1592.0 0.0
1593.0 0.0
1594.0 0.0
1595.0 0.0
1596.0 0.0
1597.0 0.0
1598.0 0.0
1599.0 0.0
1600.0 0.0
1601.0 0.0
1602.0 0.0
1603.0 0.0
1604.0 0.0
1605.0 0.0
1606.0 0.0
1607.0 0.0
1608.0 0.0
1609.0 0.0
1610.0 0.0
1611.0 0.0
1612.0 0.0
1613.0 0.0
1614.0 0.0
1615.0 0.0
1616.0 0.0
1617.0 0.0
1618.0 0.0
1619.0 0.0
1620.0 0.0
1621.0 0.0
1622.0 0.0
1623.0 0.0
1624.0 0.0
1625.0 0.0
1626.0 0.0
1627.0 0.0
1628.0 0.0
1629.0 0.0
1630.0 0.0
1631.0 0.0
1632.0 0.0
1633.0 0.0
1634.0 0.0
1635.0 0.0
1636.0 0.0
1637.0 0.0
1638.0 0.0
1639.0 0.0
1640.0 0.0
1641.0 0.0
1642.0 0.0
1643.0 0.0
1644.0 0.0
1645.0 0.0
1646.0 0.0
1647.0 0.0
1648.0 0.0
1649.0 0.0
1650.0 0.0
1651.0 0.0
1652.0 0.0
1653.0 0.0
1654.0 0.0
1655.0 0.0
1656.0 0.0
1657.0 0.0
1658.0 0.0
1659.0 0.0
1660.0 0.0
1661.0 0.0
1662.0 0.0
1663.0 0.0
1664.0 0.0
1665.0 0.0
1666.0 0.0
1667.0 0.0
1668.0 0.0
1669.0 0.0
1670.0 0.0
1671.0 0.0
1672.0 0.0
1673.0 0.0
1674.0 0.0
1675.0 0.0
1676.0 0.0
1677.0 0.0
1678.0 0.0
1679.0 0.0
1680.0 0.0
1681.0 0.0
1682.0 0.0017951085631336486
1683.0 0.0035917780761207854
1684.0 0.005526140970843179
1685.0 0.008279802916305406
1686.0 0.00996181970196111
1687.0 0.013098817212241036
1688.0 0.014532392099499702
1689.0 0.0167375061661005
1690.0 0.01831027546099254
1691.0 0.021199835836887358
1692.0 0.02442290676491601
1693.0 0.02745512101267065
1694.0 0.02935763044016702
1695.0 0.03210364308740411
1696.0 0.03400290028325149
1697.0 0.035103902433599746
1698.0 0.037808615288564135
1699.0 0.04042764449758189
1700.0 0.043176711829645296
1701.0 0.04489864142877715
1702.0 0.04569692728774888
1703.0 0.04593639288629804
1704.0 0.04544641811932836
1705.0 0.04502266751868384
1706.0 0.04559630719678742
1707.0 0.04533456606524331
1708.0 0.045274224664483755
1709.0 0.045815791189670566
1710.0 0.04627077504992485
1711.0 0.0460058440055166
1712.0 0.04571995958685875
1713.0 0.045660164952278134
1714.0 0.0455390642796244
1715.0 0.04511336631008557
1716.0 0.04471719115972519
1717.0 0.044731384302888595
1718.0 0.045127064521823614
1719.0 0.044463516239609036
1720.0 0.04423419002975736
1721.0 0.043748373964003155
1722.0 0.04363561709012304
1723.0 0.04367775065558297
1724.0 0.04360289818474224
1725.0 0.04369061408298356
1726.0 0.043657093920878
1727.0 0.043548902017729624
1728.0 0.04361913906676429
1729.0 0.04368028034056936
1730.0 0.043390909050192154
1731.0 0.042759808472224645
1732.0 0.042445069551467894
1733.0 0.04232345287288938
1734.0 0.0420421801507473
1735.0 0.04134606506143298
1736.0 0.041431037655898506
1737.0 0.0418463870882988
1738.0 0.04123738876410893
1739.0 0.04035613685846329
1740.0 0.03976953593747956
1741.0 0.03964317164250782
1742.0 0.039884862835918154
1743.0 0.03966888870511736
1744.0 0.03922315144113132
1745.0 0.0386678159236908
1746.0 0.038203362481934684
1747.0 0.03810599957193647
1748.0 0.03809135343347277
1749.0 0.03787428875054632
1750.0 0.037852828098194936
1751.0 0.03758889096123832
1752.0 0.03715484599981989
1753.0 0.03724338763526508
1754.0 0.03681804899658476
1755.0 0.03616365332688604
1756.0 0.03601888535278184
1757.0 0.03609485040817942
1758.0 0.036167820649487634
1759.0 0.035998811998537605
1760.0 0.03574569257242339
1761.0 0.03551721652703626
1762.0 0.03555541645203318
1763.0 0.034879064772810255
1764.0 0.034422474780253
1765.0 0.03411362863012723
1766.0 0.03403710009796279
1767.0 0.03467421212366649
1768.0 0.034991835483482905
1769.0 0.034894850105047226
1770.0 0.034646618153367725
1771.0 0.0343499374708959
1772.0 0.03424481153488159
1773.0 0.03418919177992003
1774.0 0.03412735073694161
1775.0 0.03407893047801086
1776.0 0.03375829729650702
1777.0 0.0338526896068028
1778.0 0.03446933105587959
1779.0 0.034641507374388834
1780.0 0.03402666428259441
1781.0 0.03390493132174015
1782.0 0.03428879263145583
1783.0 0.034153282908456664
1784.0 0.033851808469210355
1785.0 0.03396313829081399
1786.0 0.034161000858460154
1787.0 0.03374671739126955
1788.0 0.03377266872142042
1789.0 0.03371033120368208
1790.0 0.03310816506189959
1791.0 0.033186003778662
1792.0 0.032932901542101586
1793.0 0.03272733965090343
1794.0 0.03309349699744157
1795.0 0.03357427146817957
1796.0 0.03361353134470327
1797.0 0.033231989720038005
1798.0 0.03295727281698159
1799.0 0.033123087137937546
1800.0 0.032887112349271774
1801.0 0.03336723457489695
1802.0 0.03399647671197142
1803.0 0.03322226240166596
1804.0 0.03261634824531419
1805.0 0.03277805889291423
1806.0 0.0331147527056081
1807.0 0.03309112127338137
1808.0 0.03296639126326357
1809.0 0.0325749257845538
1810.0 0.03212696085018771
1811.0 0.032000245419996125
1812.0 0.0320247761373009
1813.0 0.03212445112211364
1814.0 0.03195476782109056
1815.0 0.03192156718245574
1816.0 0.031414872141821044
1817.0 0.031299860775470735
1818.0 0.031367483575429234
1819.0 0.03151003489536899
1820.0 0.031610095500946046
1821.0 0.03134803516524179
1822.0 0.031124206632375716
1823.0 0.031003084725567273
1824.0 0.030696648146424976
1825.0 0.03060831358390195
1826.0 0.030604981364948408
1827.0 0.030292325041123797
1828.0 0.030080462566443852
1829.0 0.030457037846956934
1830.0 0.030442309911761965
1831.0 0.030293616013867514
1832.0 0.03034507509853159
1833.0 0.03029641461159502
1834.0 0.03041308367890971
1835.0 0.030524670971291405
1836.0 0.0303541041378464
1837.0 0.030125060358217784
1838.0 0.029777517967990465
1839.0 0.029374587908387186
1840.0 0.029375761108739035
1841.0 0.02954955074403967
1842.0 0.029532629304698535
1843.0 0.029482298078281538
1844.0 0.029409966937133245
1845.0 0.02937579144324575
1846.0 0.029311001673340796
1847.0 0.029242455320698874
1848.0 0.029363779457552093
1849.0 0.02968056984245777
1850.0 0.02961057871580124
1851.0 0.029266976777996334
1852.0 0.029507120858345712
1853.0 0.029604226404002735
1854.0 0.029388101771473885
1855.0 0.02947820025895323
1856.0 0.02933964745274612
1857.0 0.028986723561372076
1858.0 0.028932445177010126
1859.0 0.028943991022450582
1860.0 0.028708384398903164
1861.0 0.028513703921011515
1862.0 0.028667549788951873
1863.0 0.028856450798256057
1864.0 0.02874439124550138
1865.0 0.028426290516342434
1866.0 0.028038414514490535
1867.0 0.027913671412638254
1868.0 0.02776641696691513
1869.0 0.02741675658949784
1870.0 0.02769349648484162
1871.0 0.02803524141865117
1872.0 0.027873742261103222
1873.0 0.02764201286648001
1874.0 0.027796810705746924
1875.0 0.02784329317510128
1876.0 0.027538463579756874
1877.0 0.027170425334147045
1878.0 0.026804363621132716
1879.0 0.026766114681959153
1880.0 0.026946596215878214
1881.0 0.02682823347193854
1882.0 0.026645663753151895
1883.0 0.026517454109021597
1884.0 0.026681240062628474
1885.0 0.026462526566215925
1886.0 0.02634454295039177
1887.0 0.026619348781449455
1888.0 0.026671861324991497
1889.0 0.026966761105826922
1890.0 0.02679386878652232
1891.0 0.025988909815038954
1892.0 0.025738873918141638
1893.0 0.025853212177753448
1894.0 0.02556655912527016
1895.0 0.0255170252174139
1896.0 0.025703072335038865
1897.0 0.02551648414560727
1898.0 0.02525859943458012
1899.0 0.025160856970718928
1900.0 0.02516494845705373
1901.0 0.025216842655624662
1902.0 0.02516787371465138
1903.0 0.024789683733667647
1904.0 0.02470037250646523
1905.0 0.024936131334730556
1906.0 0.025088943115302496
1907.0 0.025046930674995693
1908.0 0.024822153523564337
1909.0 0.024870672023722104
1910.0 0.025032041487949235
1911.0 0.025232566254479543
1912.0 0.025161296714629446
1913.0 0.02493666357227734
1914.0 0.02455994188785553
1915.0 0.02404944763651916
1916.0 0.024111243443829672
1917.0 0.024484736153057643
1918.0 0.024408669769763948
1919.0 0.024188834801316263
1920.0 0.024319697756852422
1921.0 0.02427124370421682
1922.0 0.023769055413348335
1923.0 0.023604995384812356
1924.0 0.023999688242162975
1925.0 0.023861957234995707
1926.0 0.023527223244309427
1927.0 0.023727714802537644
1928.0 0.023792387172579765
1929.0 0.02367953716644219
1930.0 0.023414371269089834
1931.0 0.023037671776754514
1932.0 0.02313386196536677
1933.0 0.02307304170514856
1934.0 0.02285082616976329
1935.0 0.023307131550141743
1936.0 0.023188990567411694
1937.0 0.02288658560386726
1938.0 0.023040595863546644
1939.0 0.023306377764259065
1940.0 0.023545749112963678
1941.0 0.0239109821085419
1942.0 0.023931941869003433
1943.0 0.023952354384320123
1944.0 0.024425239861011507
1945.0 0.024501765519380568
1946.0 0.024245538136788775
1947.0 0.024173111521771977
1948.0 0.024117419655833926
1949.0 0.024102426586406572
1950.0 0.02425401673785278
1951.0 0.02400202995964459
1952.0 0.02358782110469682
1953.0 0.023345816028969627
1954.0 0.023317629364984375
1955.0 0.02355139920754092
1956.0 0.023774720515523637
1957.0 0.023743798317653792
1958.0 0.023558379709720613
1959.0 0.023497422145945687
1960.0 0.023620248798813137
1961.0 0.02371773224856172
1962.0 0.023553275795919554
1963.0 0.02334623240998813
1964.0 0.023166775171245848
1965.0 0.02278013772198132
1966.0 0.022657564814601627
1967.0 0.022683152237108775
1968.0 0.02276847937277385
1969.0 0.02309458308986255
1970.0 0.02297021879681519
1971.0 0.022903343556182724
1972.0 0.022947827141199792
1973.0 0.023214923164674214
1974.0 0.02334508794759001
1975.0 0.023328519240021706
1976.0 0.0231901435979775
1977.0 0.023396355020148415
1978.0 0.02353603078850678
1979.0 0.02343061465237822
1980.0 0.023603863056216923
1981.0 0.02388414703309536
1982.0 0.02408529275229999
1983.0 0.024075810611248017
1984.0 0.02382702412349837
1985.0 0.023779675258057457
1986.0 0.024116435061608044
1987.0 0.024128372328622
1988.0 0.02378075122833252
1989.0 0.023624332887785777
1990.0 0.02400517367890903
1991.0 0.02457442304917744
1992.0 0.024640028444784027
1993.0 0.024404229330165044
1994.0 0.024232338315674236
1995.0 0.02444498650729656
1996.0 0.024688517568366868
1997.0 0.02447908047054495
1998.0 0.02451255140560014
1999.0 0.024518344178795816
2000.0 0.024424420722893306
2001.0 0.024531147362930435
2002.0 0.024573987296649388
2003.0 0.02465573235281876
2004.0 0.024426202422806194
2005.0 0.024714366346597672
2006.0 0.025231521629861423
2007.0 0.024849805022989002
2008.0 0.024574270897677965
2009.0 0.024793255063039917
2010.0 0.025198607040303096
2011.0 0.02500025954629694
2012.0 0.024718230803098
2013.0 0.02506009042263031
2014.0 0.025265697443059513
2015.0 0.024885357330952373
2016.0 0.025246237750564303
2017.0 0.025645243961896214
2018.0 0.02535825153546674
2019.0 0.025340429161276136
2020.0 0.025325143550123486
2021.0 0.025350928200142724
2022.0 0.025217758757727488
2023.0 0.02482483738235065
2024.0 0.024833539447614125
2025.0 0.024935980886220933
2026.0 0.025070225766726902
2027.0 0.025066651084593366
2028.0 0.02496001858796392
2029.0 0.025132153768624578
2030.0 0.025164371888552393
2031.0 0.025183663942984172
2032.0 0.025572766842586653
2033.0 0.0255185707871403
2034.0 0.025281418008463723
2035.0 0.025406719531331744
2036.0 0.025392898757542883
2037.0 0.02515969867152827
2038.0 0.025203035665409906
2039.0 0.025530794901507243
2040.0 0.025706290932638303
2041.0 0.025811606379491942
2042.0 0.02589820974639484
2043.0 0.025829381815024786
2044.0 0.025464546307921408
2045.0 0.025467901304364205
2046.0 0.025248149835637636
2047.0 0.025042896771005223
2048.0 0.02491663119622639
2049.0 0.02462053123329367
2050.0 0.024283180492264883
2051.0 0.02422705984541348
2052.0 0.024340718824948582
2053.0 0.024272336385079793
2054.0 0.024051749014428685
2055.0 0.023731508159211705
2056.0 0.023265370087964195
2057.0 0.022961235525352616
2058.0 0.022612907152090755
2059.0 0.022400180303624697
2060.0 0.022176889676068512
2061.0 0.022147836935307297
2062.0 0.021922238703284944
2063.0 0.021279325974839076
2064.0 0.020776055114609854
2065.0 0.02051952675517116
2066.0 0.020485370739230086
2067.0 0.020495011231728963
2068.0 0.01979353382651295
2069.0 0.0192544997004526
2070.0 0.018986697042626993
2071.0 0.01899903440581901
2072.0 0.01888397979949202
2073.0 0.018882799574307035
2074.0 0.018531742026763304
2075.0 0.018207852356135847
2076.0 0.01767998971045017
2077.0 0.016950235090085437
2078.0 0.017250981527779784
2079.0 0.017529934964009692
2080.0 0.01766390662108149
2081.0 0.01753851491957903
2082.0 0.017019294734512056
2083.0 0.016884104082626954
2084.0 0.016472568815307956
2085.0 0.016280449873634747
2086.0 0.016023464567427124
2087.0 0.01636416892121945
2088.0 0.01660291501986129
2089.0 0.01652611108230693
2090.0 0.016297964113099233
2091.0 0.015889539835708483
2092.0 0.01543364076476012
2093.0 0.015736327320337296
2094.0 0.015986457387251515
2095.0 0.015453391947916575
2096.0 0.016444998048245906
2097.0 0.01630752185093505
2098.0 0.016001762689224312
2099.0 0.016143350516046796
2100.0 0.017051528873188154
2101.0 0.016088058214102474
2102.0 0.015818164883447543
2103.0 0.01676361933350563
2104.0 0.01663246474095753
2105.0 0.016204014819647585
2106.0 0.01695381961762905
2107.0 0.0172236215722348
2108.0 0.016916560514697008
2109.0 0.016844974724309784
2110.0 0.01728370546230248
2111.0 0.01681944852960961
2112.0 0.016474870818534066
2113.0 0.016743192515735115
2114.0 0.017095032507287604
2115.0 0.017594678540314948
2116.0 0.017364270745643548
2117.0 0.016819407804203886
2118.0 0.017261192282395702
2119.0 0.0179301757099373
2120.0 0.018132866360247135
2121.0 0.01851467527449131
2122.0 0.019181582305048194
2123.0 0.01801195108730878
2124.0 0.01771679644339851
2125.0 0.01842748357781342
2126.0 0.018761184332626208
2127.0 0.019027886180473224
2128.0 0.019568104709365538
2129.0 0.020186872567449297
2130.0 0.020073209410267218
2131.0 0.020415329693683554
2132.0 0.02067686106477465
2133.0 0.021013408659824304
2134.0 0.021037166073386158
2135.0 0.02072530443380986
2136.0 0.020823168861014502
2137.0 0.02139064342315708
2138.0 0.021776633762887545
2139.0 0.021920224385602132
2140.0 0.022191413465355123
2141.0 0.023375070254717554
2142.0 0.02302505922104631
2143.0 0.02309294029005936
2144.0 0.023294466494449547
2145.0 0.02332037461123296
2146.0 0.023793239146471024
2147.0 0.02375791934984071
2148.0 0.023503468930721284
2149.0 0.023963155012045587
2150.0 0.02418045683630875
2151.0 0.023955484479665758
2152.0 0.02426313342792647
2153.0 0.02464227724288191
2154.0 0.024233519924538476
2155.0 0.02386187150010041
2156.0 0.02398320021373885
2157.0 0.024270683526992798
2158.0 0.02436931585626943
2159.0 0.024719662006412235
2160.0 0.024756686123354094
2161.0 0.024321677908301354
2162.0 0.024068186112812587
2163.0 0.024265676683613232
2164.0 0.0242792083216565
2165.0 0.02435667658490794
2166.0 0.024601073190569877
2167.0 0.02428393065929413
2168.0 0.023692624803100314
2169.0 0.02368415775043624
2170.0 0.02364012785255909
2171.0 0.023384107117141995
2172.0 0.023809446500880377
2173.0 0.02443627906697137
2174.0 0.024441238865256308
2175.0 0.023942980595997403
2176.0 0.024459680116602354
2177.0 0.025094182203922955
2178.0 0.025110558580074993
2179.0 0.02510104152773108
2180.0 0.024988880806735583
2181.0 0.024706664947526796
2182.0 0.024685593268701008
2183.0 0.024720848883901324
2184.0 0.024563443288207053
2185.0 0.024691703596285412
2186.0 0.02470642684825829
2187.0 0.024698968391333308
2188.0 0.02456449068018368
2189.0 0.02424458393028804
2190.0 0.02437888900084155
2191.0 0.02460163507078375
2192.0 0.024844582698174886
2193.0 0.02467293010226318
2194.0 0.024616400631410736
2195.0 0.024631455966404505
2196.0 0.024836966767907143
2197.0 0.025285480011786734
2198.0 0.025134180539420674
2199.0 0.024928032979369165
2200.0 0.024687264966113228
2201.0 0.024525137192436628
2202.0 0.024236447576965605
2203.0 0.024425560342414037
2204.0 0.024989554392439977
2205.0 0.02514788864978722
2206.0 0.025050642394593783
2207.0 0.02499159010393279
2208.0 0.02490015077803816
2209.0 0.025260583204882486
2210.0 0.025490615091153555
2211.0 0.025373559445142746
2212.0 0.025280475882547244
2213.0 0.025382711578692707
2214.0 0.025568007039172308
2215.0 0.025626858004501887
2216.0 0.025558546877333096
2217.0 0.025616275146603584
2218.0 0.02601051176232951
2219.0 0.025960385692971093
2220.0 0.025572540983557702
2221.0 0.025732983755213875
2222.0 0.02606893474502223
2223.0 0.026034239945667132
2224.0 0.026110420216407096
2225.0 0.026186188949005946
2226.0 0.026137623084442955
2227.0 0.02624008660869939
2228.0 0.026656462624669076
2229.0 0.026694823375770022
2230.0 0.026741905403988703
2231.0 0.02691368811896869
2232.0 0.026892780140042306
2233.0 0.026749606164438385
2234.0 0.026622278988361357
2235.0 0.026687931588717868
2236.0 0.02651988667036806
2237.0 0.02604711859353951
2238.0 0.026236597448587418
2239.0 0.026340570673346518
2240.0 0.026292328536510468
2241.0 0.02637379616498947
2242.0 0.026144493318029812
2243.0 0.026281971218330518
2244.0 0.02678643853536674
2245.0 0.026957241924745697
2246.0 0.02634487466088363
2247.0 0.02614681124687195
2248.0 0.026186185436589376
2249.0 0.026333467502679144
2250.0 0.026365379137652262
2251.0 0.02590199677007539
2252.0 0.025557573033230644
2253.0 0.025641018099018507
2254.0 0.02575788375522409
2255.0 0.025933894621474402
2256.0 0.02577971698982375
2257.0 0.025361049813883645
2258.0 0.02516122135732855
2259.0 0.025376681557723452
2260.0 0.02554905749857426
2261.0 0.025642642910991397
2262.0 0.02585564133312021
2263.0 0.026220952879105294
2264.0 0.026242886749761444
2265.0 0.026098901299493653
2266.0 0.026394801107900483
2267.0 0.02622415205197675
2268.0 0.026207459292241504
2269.0 0.026600509722317967
2270.0 0.026593835066471783
2271.0 0.026765462809375355
2272.0 0.02705122333552156
2273.0 0.026680777541228703
2274.0 0.026428473102194924
2275.0 0.026722063816019468
2276.0 0.02680202807698931
2277.0 0.026755148278815404
2278.0 0.026895426107304436
2279.0 0.02687594544674669
2280.0 0.027001546216862543
2281.0 0.026938623509236745
2282.0 0.026648701993482453
2283.0 0.026819896219032153
2284.0 0.02730121287916388
2285.0 0.027691461252314704
2286.0 0.027755363498415266
2287.0 0.027481804149491446
2288.0 0.027455434309584754
2289.0 0.028010579092161998
2290.0 0.02853764162531921
2291.0 0.028714396272386825
2292.0 0.02857110250209059
2293.0 0.02873678420271192
2294.0 0.028631421497889928
2295.0 0.028610015447650638
2296.0 0.028932862249868258
2297.0 0.02887755765446595
2298.0 0.028482612328869956
2299.0 0.028788714376943452
2300.0 0.02912176831492356
2301.0 0.02902824447623321
2302.0 0.02845406500356538
2303.0 0.02804480136505195
2304.0 0.028246013873389788
2305.0 0.02824682194207396
2306.0 0.028064812773040362
2307.0 0.028279109139527595
2308.0 0.028292718582919665
2309.0 0.02821240249489035
2310.0 0.028223654947110585
2311.0 0.028365677329046386
2312.0 0.028662568969385963
2313.0 0.028585705746497426
2314.0 0.02847529851964542
2315.0 0.028343309302415166
2316.0 0.02811466572540147
2317.0 0.028196241653391293
2318.0 0.028284329761351857
2319.0 0.028311386278697424
2320.0 0.028274229701076237
2321.0 0.028011025701250348
2322.0 0.02833740125809397
2323.0 0.028784133972866194
2324.0 0.02866364350276334
2325.0 0.028392566740512847
2326.0 0.028483900960002626
2327.0 0.028377446053283555
2328.0 0.028400682019335884
2329.0 0.02836775247539793
2330.0 0.028390946398888315
2331.0 0.02821034448487418
2332.0 0.027978686988353728
2333.0 0.028056278505495618
2334.0 0.028435111844113896
2335.0 0.028853930852242877
2336.0 0.028717155967439924
2337.0 0.02845390305987426
2338.0 0.028831708803772928
2339.0 0.02883814142218658
2340.0 0.028769585330571446
2341.0 0.02894868685730866
2342.0 0.029019960069230626
2343.0 0.028845713287591935
2344.0 0.028741449011223656
2345.0 0.029047804804784912
2346.0 0.02930703301514898
2347.0 0.029267691182238716
2348.0 0.029645356589129992
2349.0 0.030015357743416515
2350.0 0.03013113188956465
2351.0 0.030015520325728826
2352.0 0.029999784965600285
2353.0 0.03005743425871645
2354.0 0.030094472797853607
2355.0 0.02997689098119736
2356.0 0.029937665590218137
2357.0 0.029883910928453716
2358.0 0.02965185147311006
2359.0 0.029684690652149064
2360.0 0.029855359505329814
2361.0 0.030004487984946798
2362.0 0.029931949877313204
2363.0 0.03014188227908952
2364.0 0.030129665455647877
2365.0 0.029652070573398043
2366.0 0.029304468791399682
2367.0 0.029242346435785292
2368.0 0.029590416539992604
2369.0 0.029674329182931353
2370.0 0.029243693979723113
2371.0 0.02903129628726414
2372.0 0.02956749674464975
2373.0 0.030132960847445895
2374.0 0.030247271699564798
2375.0 0.0300370777291911
2376.0 0.03021515618477549
2377.0 0.03021785845713956
2378.0 0.030069099100572722
2379.0 0.030168187298945017
2380.0 0.030082428561789647
2381.0 0.029985932846154487
2382.0 0.02986984923481941
2383.0 0.029621666882719312
2384.0 0.02933857526097979
2385.0 0.029167806676455906
2386.0 0.02908135141645159
2387.0 0.029067855487976756
2388.0 0.028745836817792483
2389.0 0.02896707792367254
2390.0 0.0292491225791829
2391.0 0.029266868052738055
2392.0 0.029410020794187273
2393.0 0.029392509534955025
2394.0 0.029559003402079856
2395.0 0.02932982450085027
2396.0 0.028853795837078776
2397.0 0.028750406471746308
2398.0 0.028914218715259007
2399.0 0.0294505347098623
2400.0 0.029876198300293515
2401.0 0.029612110342298235
2402.0 0.029443099881921495
2403.0 0.02995637304016522
2404.0 0.030260973583374706
2405.0 0.030008466594985555
2406.0 0.030024423503449985
2407.0 0.030275882620896612
2408.0 0.0305441682360002
2409.0 0.030549921095371246
2410.0 0.030419366700308665
2411.0 0.030675992742180823
2412.0 0.03087394524897848
2413.0 0.03069715276360512
2414.0 0.030463482439517974
2415.0 0.03063730714576585
2416.0 0.03089336859328406
2417.0 0.031203852859990937
2418.0 0.031525351692523275
2419.0 0.03171219942825181
2420.0 0.03154662890093667
2421.0 0.031601359056574956
2422.0 0.031400686183146065
2423.0 0.03161442939724241
2424.0 0.03195164554885455
2425.0 0.032633396876709804
2426.0 0.03322878554463386
2427.0 0.03330894745886326
2428.0 0.033394575704421316
2429.0 0.03367214383823531
2430.0 0.0338347070983478
2431.0 0.033452548778482846
2432.0 0.03351852601127965
2433.0 0.034035525470972064
2434.0 0.03385862000286579
2435.0 0.03391825583364282
2436.0 0.034584397396871025
2437.0 0.03511085010000638
2438.0 0.03505195985947337
2439.0 0.0353421294263431
2440.0 0.03596321653042521
2441.0 0.03642080798745155
2442.0 0.03636541962623596
2443.0 0.03659378971372332
2444.0 0.03731116758925574
2445.0 0.03745570055076054
2446.0 0.03742019651191575
2447.0 0.03764312341809273
2448.0 0.037907531005995615
2449.0 0.03796204403042793
2450.0 0.03813092921461378
2451.0 0.038015131545918325
2452.0 0.03778468508805547
2453.0 0.03801723463194711
2454.0 0.03842706350343568
2455.0 0.03888061280761446
2456.0 0.03886330106428691
2457.0 0.03870575726032257
2458.0 0.03891583862049239
2459.0 0.039389914061341964
2460.0 0.03935694481645312
2461.0 0.039423837512731555
2462.0 0.03989687178816114
2463.0 0.03987091055938176
2464.0 0.03951216499720301
2465.0 0.039385079060282026
2466.0 0.039423689884798864
2467.0 0.03928946458867618
2468.0 0.03906392306089401
2469.0 0.03873513053570475
2470.0 0.03840296545198985
2471.0 0.038595333908285415
2472.0 0.039246024936437605
2473.0 0.03951012396386692
2474.0 0.039627424840416224
2475.0 0.03936182409524917
2476.0 0.039252069698912755
2477.0 0.03932672238775662
2478.0 0.03979615473321506
2479.0 0.04013340015496526
2480.0 0.03985319903918675
2481.0 0.039818903590951644
2482.0 0.03935799066509519
2483.0 0.03901094496250153
2484.0 0.03928333765694073
2485.0 0.039695499624524795
2486.0 0.03986067399382591
2487.0 0.03948189711996487
2488.0 0.03952132165431976
2489.0 0.039761813517127716
2490.0 0.039515320105212075
2491.0 0.039630944707563946
2492.0 0.03970867906297956
2493.0 0.04000995478459767
2494.0 0.040135271315063746
2495.0 0.03981058256966727
2496.0 0.03993235815848623
2497.0 0.04036951512098312
2498.0 0.04035338152732168
2499.0 0.0404578515461513
2500.0 0.04042868678058897
2501.0 0.040195366740226744
2502.0 0.039936014797006335
2503.0 0.03975979409047536
2504.0 0.039974525570869446
2505.0 0.04017763233610562
2506.0 0.04030048304370471
2507.0 0.04055286709751402
2508.0 0.040536889327423914
2509.0 0.03993041685649327
2510.0 0.039965994762522834
2511.0 0.04030887282320431
2512.0 0.04039898014494351
2513.0 0.04049115404486656
2514.0 0.04016874900885991
2515.0 0.03976748511195183
2516.0 0.04012311484132494
2517.0 0.04041516365749495
2518.0 0.04024630486965179
2519.0 0.03974536369953837
2520.0 0.040070256058658875
2521.0 0.040793048271111076
2522.0 0.04051635893327849
2523.0 0.04030505099466869
2524.0 0.04065297810094697
2525.0 0.04087647380573409
2526.0 0.040594746278864995
2527.0 0.040593874560935155
2528.0 0.04129004755190441
2529.0 0.041482658684253694
2530.0 0.040755139823470794
2531.0 0.040834638582808634
2532.0 0.04160421841910907
2533.0 0.04203031403677804
2534.0 0.04217176990849631
2535.0 0.04205992445349693
2536.0 0.0426550458584513
2537.0 0.042907292076519554
2538.0 0.04305676487939698
2539.0 0.04320584269506591
2540.0 0.04310003806437765
2541.0 0.04297862329653331
2542.0 0.04313591601593154
2543.0 0.043702593339341025
2544.0 0.04387575696621623
2545.0 0.043241217732429504
2546.0 0.04318588195102555
2547.0 0.04382838734558651
2548.0 0.043906183008636746
2549.0 0.04349336677363941
2550.0 0.04342850233827319
2551.0 0.04377177943076406
2552.0 0.04361968870673861
2553.0 0.0434993819466659
2554.0 0.044136003191982
2555.0 0.044919992238283156
2556.0 0.04486861516322408
2557.0 0.044583362766674586
2558.0 0.04522484487720898
2559.0 0.045725931652954646
2560.0 0.04607729943735259
2561.0 0.04629734509757587
2562.0 0.045910255504505976
2563.0 0.04588320744889123
2564.0 0.045625044405460356
2565.0 0.04564470680696624
2566.0 0.04589055148618562
2567.0 0.046006390558821816
2568.0 0.04617545125739915
2569.0 0.046694636451346534
2570.0 0.04641064969556672
2571.0 0.04593966911946024
2572.0 0.04628808285508837
2573.0 0.04691521940486772
2574.0 0.04707501871245248
2575.0 0.047047221128429684
2576.0 0.04693426585623196
2577.0 0.04711247416479247
2578.0 0.04784391298890114
2579.0 0.048176775446959905
2580.0 0.0486744792333671
2581.0 0.048760489587272915
2582.0 0.0488603379045214
2583.0 0.04950289502739906
2584.0 0.04918486071484429
2585.0 0.04911446230752128
2586.0 0.04947826670748847
2587.0 0.04953461715153285
2588.0 0.04998061220560755
2589.0 0.0504841648042202
2590.0 0.05071534227047648
2591.0 0.05101750035371099
2592.0 0.051046158479792735
2593.0 0.05148673504590988
2594.0 0.051726568383829934
2595.0 0.051260127340044294
2596.0 0.05074750440461295
2597.0 0.05096763031823295
2598.0 0.051300163992813654
2599.0 0.05116795056632587
2600.0 0.05138216380562101
2601.0 0.05133132306592805
2602.0 0.05148211611168725
2603.0 0.05190360045858792
2604.0 0.05208832280976432
2605.0 0.05174167699047497
2606.0 0.051436151670558115
2607.0 0.051428033198629104
2608.0 0.051163298530238016
2609.0 0.05089694293481963
2610.0 0.050887490063905715
2611.0 0.051092899484293804
2612.0 0.0514887236058712
2613.0 0.051825375003474096
2614.0 0.05160361241017069
2615.0 0.051338424852916176
2616.0 0.05118939418877874
2617.0 0.05135938599705696
2618.0 0.05114780579294477
2619.0 0.05125344395637512
2620.0 0.051624626985618045
2621.0 0.0515853399676936
2622.0 0.05143897235393524
2623.0 0.05122220462986401
2624.0 0.051371768862009046
2625.0 0.051674365678003854
2626.0 0.05136578625866345
2627.0 0.05109232185142381
2628.0 0.05126389690807887
2629.0 0.05164510522569929
2630.0 0.05175664414252554
2631.0 0.05174115204385349
2632.0 0.05179399965064866
2633.0 0.0518164265368666
2634.0 0.051485643961599895
2635.0 0.05136739835143089
2636.0 0.05147137567400932
2637.0 0.05135960483125278
2638.0 0.05105854847601482
2639.0 0.05054673722812108
2640.0 0.05021302327513695
2641.0 0.05034896209836006
2642.0 0.05038876214197704
2643.0 0.05055599510669708
2644.0 0.05077970943280629
2645.0 0.0504718718784196
2646.0 0.050839211366006304
2647.0 0.0517495293702398
2648.0 0.052060883279357636
2649.0 0.05195468036191804
2650.0 0.0516578064433166
2651.0 0.05098948861871447
2652.0 0.05091067967670304
2653.0 0.05101154276302883
2654.0 0.050992613285779954
2655.0 0.051013152301311496
2656.0 0.05102435499429703
2657.0 0.050907615040029795
2658.0 0.0500717859183039
2659.0 0.05004710129329137
2660.0 0.05064918462719236
2661.0 0.05052571243473462
2662.0 0.049632343011243
2663.0 0.049475328943559105
2664.0 0.049717945073332104
2665.0 0.0494552989091192
2666.0 0.0493025466799736
2667.0 0.04995287539703505
2668.0 0.04986420390861375
2669.0 0.04939044426594462
2670.0 0.04925247515950884
2671.0 0.04943579052175794
2672.0 0.04949901944824627
2673.0 0.04907157623342105
2674.0 0.04923039674758911
2675.0 0.049359261457409175
2676.0 0.049317750121865955
2677.0 0.04985402620264462
2678.0 0.04989236476165908
2679.0 0.04980478552835328
2680.0 0.050012980507952824
2681.0 0.04986293624554362
2682.0 0.049877686585698806
2683.0 0.04976672040564673
2684.0 0.049235048570803235
2685.0 0.049181925718273435
2686.0 0.049383365575756344
2687.0 0.0497421709554536
2688.0 0.050082771480083464
2689.0 0.05015374996832439
2690.0 0.05006802869694574
2691.0 0.05023430745516504
2692.0 0.05034571619970458
2693.0 0.05004981383681297
2694.0 0.05006106080753463
2695.0 0.05068561509251594
2696.0 0.05106606664402144
2697.0 0.050651216613394875
2698.0 0.050236025984798156
2699.0 0.05045007797224181
2700.0 0.050628768333366936
2701.0 0.050540919176169805
2702.0 0.05099790937134198
2703.0 0.05096632018685341
2704.0 0.04984078907540866
2705.0 0.04938678762742451
2706.0 0.0497836712215628
2707.0 0.05063562095165253
2708.0 0.050546773735966
2709.0 0.05027059125048774
2710.0 0.050251720632825576
2711.0 0.05067534585084234
2712.0 0.051468267823968614
2713.0 0.05197496839932033
2714.0 0.051832593019519535
2715.0 0.05206025232161794
2716.0 0.052578127809933255
2717.0 0.053226869446890694
2718.0 0.05340668207832745
2719.0 0.05318480634263584
2720.0 0.05307260464344706
2721.0 0.053505367253507886
2722.0 0.053612807180200305
2723.0 0.05328115501574108
2724.0 0.05311294144817761
2725.0 0.053431014184440885
2726.0 0.053903545971427644
2727.0 0.0540704288652965
2728.0 0.054207016634089604
2729.0 0.05383635365537235
2730.0 0.05430816827075822
2731.0 0.05511913874319622
2732.0 0.054948988769735606
2733.0 0.05490221753716469
2734.0 0.054866584816149304
2735.0 0.054766071481364115
2736.0 0.05474779893245016
2737.0 0.05537470004388264
2738.0 0.055925998730318886
2739.0 0.05571808357323919
2740.0 0.05545145315783365
2741.0 0.05543790949242455
2742.0 0.055825926257031304
2743.0 0.05630717894860676
2744.0 0.05637344941496849
2745.0 0.056390731994594843
2746.0 0.05645887777209282
2747.0 0.05652569308876991
2748.0 0.05580235623887607
2749.0 0.055601022286074504
2750.0 0.05623176864215306
2751.0 0.05653771108814648
2752.0 0.056186711575303756
2753.0 0.05557511778814452
2754.0 0.055325326323509214
2755.0 0.05555189645716122
2756.0 0.05588304741042001
2757.0 0.05650982494865145
2758.0 0.057017741458756585
2759.0 0.05691603656326021
2760.0 0.056784544246537345
2761.0 0.056528532717909134
2762.0 0.056186672619410925
2763.0 0.056445421597787315
2764.0 0.05699416388358389
2765.0 0.056874388775655205
2766.0 0.05655860134533473
2767.0 0.057026279079062596
2768.0 0.057230440420763834
2769.0 0.057100981580359596
2770.0 0.05706487404448646
2771.0 0.05689106019479888
2772.0 0.0570970920579774
2773.0 0.057475657228912624
2774.0 0.05723434654729707
2775.0 0.057260435074567795
2776.0 0.057528434268065864
2777.0 0.057343851774930954
2778.0 0.05690034755638668
2779.0 0.05697551029069083
2780.0 0.05768659913114139
2781.0 0.05755392557808331
2782.0 0.057089736312627794
2783.0 0.05688584681068148
2784.0 0.05675531455448696
2785.0 0.056405916810035706
2786.0 0.05641704882894243
2787.0 0.057447842082806996
2788.0 0.05793985820242337
2789.0 0.05737422236374446
2790.0 0.05680936936821256
2791.0 0.056994272768497466
2792.0 0.05716203727892467
2793.0 0.0573325936283384
2794.0 0.057276865201337
2795.0 0.05693012039576258
2796.0 0.05669111886194774
2797.0 0.056958965318543574
2798.0 0.05741613241178649
2799.0 0.05702730725918497
2800.0 0.05640903998698507
2801.0 0.056532772736889975
2802.0 0.0570747614971229
2803.0 0.05739627704024315
2804.0 0.05734682785613196
2805.0 0.05733115183455603
2806.0 0.05734383623514857
2807.0 0.05696303769946098
2808.0 0.05640737126980509
2809.0 0.05645218736359051
2810.0 0.056519441306591034
2811.0 0.05607856480138643
2812.0 0.05598401831729072
2813.0 0.05557167508772441
2814.0 0.0554267766220229
2815.0 0.05606356401528631
2816.0 0.05616621215428625
2817.0 0.0559504543031965
2818.0 0.055801160952874594
2819.0 0.05582993105053902
2820.0 0.05606308057904243
2821.0 0.056060534289905005
2822.0 0.05579926509942327
2823.0 0.05565742903522083
2824.0 0.055408957813467295
2825.0 0.05527002875294004
2826.0 0.05531435523714338
2827.0 0.054982173017093114
2828.0 0.05448394151670592
2829.0 0.054975312309605735
2830.0 0.05530453143375261
2831.0 0.055099133721419745
2832.0 0.05503202985439982
2833.0 0.05446950420737266
2834.0 0.05401887244411877
2835.0 0.054466018400021965
2836.0 0.05465547346643039
2837.0 0.054223236335175375
2838.0 0.05413992969053132
2839.0 0.054056307354143684
2840.0 0.053994974813291005
2841.0 0.05406337891306196
2842.0 0.0541847645172051
2843.0 0.054092640642608915
2844.0 0.054295220651796886
2845.0 0.05396750047802925
2846.0 0.05372108146548271
2847.0 0.05402957552245685
2848.0 0.05420729209269796
2849.0 0.05373174569436482
2850.0 0.05374806204012462
2851.0 0.05364018103906087
2852.0 0.05297103481633322
2853.0 0.05272788128682545
2854.0 0.05288395913583892
2855.0 0.053127755011831014
2856.0 0.053019211973462786
2857.0 0.05237317000116621
2858.0 0.0520928646836962
2859.0 0.05226707085967064
2860.0 0.05247129808579173
2861.0 0.052245902057204925
2862.0 0.052035540874515264
2863.0 0.052304862013884956
2864.0 0.05221662021109036
2865.0 0.0521138425384249
2866.0 0.052376866127763475
2867.0 0.05267510935664177
2868.0 0.052734304645231794
2869.0 0.052555976488760536
2870.0 0.052283099719456265
2871.0 0.0522584998181888
2872.0 0.052032064433608735
2873.0 0.051466830500534605
2874.0 0.05147167444229126
2875.0 0.05163018735391753
2876.0 0.05138270695294653
2877.0 0.051078825656856806
2878.0 0.051278798814330784
2879.0 0.051279699270214356
2880.0 0.051779138509716306
2881.0 0.052004483874355044
2882.0 0.05162421252046313
2883.0 0.051949384276356016
2884.0 0.05221466932977949
2885.0 0.05178671266351428
2886.0 0.05171692690679005
2887.0 0.052148205574069705
2888.0 0.052392588981560295
2889.0 0.051902788345302854
2890.0 0.05166506384100233
2891.0 0.051524876590285984
2892.0 0.05142569499356406
2893.0 0.051750213227101736
2894.0 0.051972477776663646
2895.0 0.051840424111911226
2896.0 0.051757875510624475
2897.0 0.05221611538103649
2898.0 0.0521423200411456
2899.0 0.051595824637583325
2900.0 0.051349358154194696
2901.0 0.051534949243068694
2902.0 0.05159163666622979
2903.0 0.05209305243832724
2904.0 0.05254568691764559
2905.0 0.05246827549168042
2906.0 0.05234032635177885
2907.0 0.0522293855037008
2908.0 0.05227847184453692
2909.0 0.05247281896216529
2910.0 0.05254806684596198
2911.0 0.05266996387924467
2912.0 0.05278070420026779
2913.0 0.05266066736408642
2914.0 0.0527968949505261
2915.0 0.05301299159015928
2916.0 0.052736481172697885
2917.0 0.05259467459150723
2918.0 0.052521795779466626
2919.0 0.05201187197651182
2920.0 0.05138542811785426
2921.0 0.051384958624839785
2922.0 0.051871123164892195
2923.0 0.05223702277456011
2924.0 0.05208519633327212
2925.0 0.05148823942456927
2926.0 0.05168093677077975
2927.0 0.052252938066210064
2928.0 0.05223680883646011
2929.0 0.05232044809630939
2930.0 0.052815003160919465
2931.0 0.053019511699676516
2932.0 0.052896103795085636
2933.0 0.052869764076811925
2934.0 0.05234140955976078
2935.0 0.05226699198995318
2936.0 0.05239494740962982
2937.0 0.05237852175320898
2938.0 0.05239118465355464
2939.0 0.05208561526877539
2940.0 0.05202895786081042
2941.0 0.051848654236112325
2942.0 0.05154837231550898
2943.0 0.051772021928003856
2944.0 0.05182700263602393
2945.0 0.051536639566932406
2946.0 0.05144610500761441
2947.0 0.05184912915740694
2948.0 0.052250841792140686
2949.0 0.05244282239249774
2950.0 0.05257514214941433
2951.0 0.05207919904163905
2952.0 0.0512820836688791
2953.0 0.05102516774620328
2954.0 0.051810465327330996
2955.0 0.05210800777588572
2956.0 0.05189805030822754
2957.0 0.05248883057917867
2958.0 0.05278502457908222
2959.0 0.05272532435400146
2960.0 0.05280207831944738
2961.0 0.05283424545611654
2962.0 0.05253369265369007
2963.0 0.052342430715050015
2964.0 0.05239038658993585
2965.0 0.052676003852060865
2966.0 0.0530643880367279
2967.0 0.052697597018310005
2968.0 0.052474375920636314
2969.0 0.05248430786388261
2970.0 0.052316302699702125
2971.0 0.05257043913006783
2972.0 0.052500926916088375
2973.0 0.05218713315469878
2974.0 0.052446745655366354
2975.0 0.05194541992885726
2976.0 0.05158407400761332
2977.0 0.051479317886488775
2978.0 0.052058638419423785
2979.0 0.05241655143243926
2980.0 0.05230802106005805
2981.0 0.052214300951787404
2982.0 0.051862405985593794
2983.0 0.05268784559198788
2984.0 0.05348482493843351
2985.0 0.05284917876124382
2986.0 0.05265285628182548
2987.0 0.05282657987305096
2988.0 0.052187392860651015
2989.0 0.052050122299364635
2990.0 0.05260582630123411
2991.0 0.052503725673471176
2992.0 0.05221293675048011
2993.0 0.05165552241461618
2994.0 0.05167435939822878
2995.0 0.05217555910348892
2996.0 0.05222512579389981
2997.0 0.051782967575958794
2998.0 0.051524448075464795
2999.0 0.05135536385434014
3000.0 0.05154506585427693
3001.0 0.05175671577453613
3002.0 0.05175292140671185
3003.0 0.051397750952414105
3004.0 0.05133962226765496
3005.0 0.051453031067337306
3006.0 0.05123077982238361
3007.0 0.050846522514309204
3008.0 0.05071907469204494
3009.0 0.050696539985282084
3010.0 0.0505878960447652
3011.0 0.050262381455727985
3012.0 0.05040357634425163
3013.0 0.05125278936965125
3014.0 0.05147336817213467
3015.0 0.05146778907094683
3016.0 0.05135773633207594
3017.0 0.05129561030438968
3018.0 0.05124948163117681
3019.0 0.05086611466748374
3020.0 0.05076434889010021
3021.0 0.051112096650259835
3022.0 0.051580506776060374
3023.0 0.05129066492830004
3024.0 0.051101048397166386
3025.0 0.0511174521275929
3026.0 0.05122644794838769
3027.0 0.05188234107834952
3028.0 0.05203557599868093
3029.0 0.05218642790402685
3030.0 0.051858733062233243
3031.0 0.051663973821061
3032.0 0.051964359836918966
3033.0 0.052080896709646496
3034.0 0.051692833857876916
3035.0 0.05127742854612214
3036.0 0.05138462803193501
3037.0 0.05163415404302733
3038.0 0.05127996898123196
3039.0 0.05086020358971187
3040.0 0.05066323759300368
3041.0 0.05064162516168186
3042.0 0.05087581617491586
3043.0 0.05101649601544653
3044.0 0.051043269038200376
3045.0 0.051348869289670675
3046.0 0.051823988343988145
3047.0 0.05172103260244642
3048.0 0.05133929561291422
3049.0 0.051152351179293225
3050.0 0.051070267813546316
3051.0 0.051171213920627324
3052.0 0.05083823959742274
3053.0 0.05053674333861896
3054.0 0.05062101068241256
3055.0 0.05122767740062305
3056.0 0.05151306731360299
3057.0 0.05165201372333935
3058.0 0.05183315042938505
3059.0 0.05191596703869956
3060.0 0.05188842437097004
3061.0 0.051088937265532354
3062.0 0.05090947076678276
3063.0 0.051759378292730876
3064.0 0.05205551023994173
3065.0 0.05161107022847448
3066.0 0.05108704886266163
3067.0 0.051202224088566645
3068.0 0.05165439663188798
3069.0 0.05176057240792683
3070.0 0.05161028706601688
3071.0 0.05129508184535163
3072.0 0.050824551710060666
3073.0 0.05058211503284318
3074.0 0.05050876949514661
3075.0 0.05053867101669311
3076.0 0.05059249773621559
3077.0 0.05049062775714057
3078.0 0.05041233375668526
3079.0 0.050746078789234164
3080.0 0.050787948710577825
3081.0 0.050480503801788604
3082.0 0.05030897738678115
3083.0 0.0502020680478641
3084.0 0.050340438740594046
3085.0 0.050095331030232566
3086.0 0.049874983727931976
3087.0 0.05038315834743636
3088.0 0.05107355351958956
3089.0 0.051195842240537914
3090.0 0.05094658583402634
3091.0 0.051166071317025594
3092.0 0.05137372836470604
3093.0 0.051346572594983236
3094.0 0.050682162174156734
3095.0 0.05035186324800764
3096.0 0.050242801755666734
3097.0 0.050307904928922655
3098.0 0.05031568525092942
3099.0 0.050487034980739864
3100.0 0.05051033156258719
3101.0 0.05026468251432691
3102.0 0.05043496702398573
3103.0 0.05064148253628186
3104.0 0.0506160455090659
3105.0 0.050460360092776164
3106.0 0.050588843865053995
3107.0 0.05094053340809686
3108.0 0.05115276521870068
3109.0 0.05108000582882336
3110.0 0.05091512416090284
3111.0 0.051036012917757036
3112.0 0.05115582432065691
3113.0 0.05115334200007575
3114.0 0.051139819728476664
3115.0 0.05128791736704963
3116.0 0.05094786669526782
3117.0 0.05027059497577804
3118.0 0.05051569853510175
3119.0 0.051022289161171235
3120.0 0.05048861908061164
3121.0 0.05028987494962556
3122.0 0.05073451985205923
3123.0 0.05075078021202769
3124.0 0.050357199779578615
3125.0 0.05051507907254355
3126.0 0.05060735919645854
3127.0 0.05063767294798579
3128.0 0.05113093022789274
3129.0 0.05128427946141788
3130.0 0.05092163373317037
3131.0 0.05042962740574564
3132.0 0.0504149038876806
3133.0 0.05088757287178721
3134.0 0.051063320466450283
3135.0 0.050782788757767
3136.0 0.0507302605680057
3137.0 0.05068030080624989
3138.0 0.05049301023994173
3139.0 0.05076342086706843
3140.0 0.05126942098140717
3141.0 0.051236742841345925
3142.0 0.05084851064852306
3143.0 0.05020150584833963
3144.0 0.05011437907814979
3145.0 0.05021099267261369
3146.0 0.05015183367899486
3147.0 0.050082255580595564
3148.0 0.05003900293792997
3149.0 0.05046201082212584
3150.0 0.05027556185211454
3151.0 0.04963481415595327
3152.0 0.05016564152070454
3153.0 0.05071645953825542
3154.0 0.051002761615174155
3155.0 0.050506235446248736
3156.0 0.049757236880915504
3157.0 0.049371122462408885
3158.0 0.04940783753991127
3159.0 0.04963702325310026
3160.0 0.04949614799448422
3161.0 0.049574128538370135
3162.0 0.04980234141860689
3163.0 0.04974776783159801
3164.0 0.04934575302260263
3165.0 0.04911600010735648
3166.0 0.04862522568021502
3167.0 0.048753272742033005
3168.0 0.04925118237733841
3169.0 0.04917049503752163
3170.0 0.048953453983579365
3171.0 0.04935351376022611
3172.0 0.049778572150639126
3173.0 0.0497816692505564
3174.0 0.0489942193031311
3175.0 0.04914690958602088
3176.0 0.04970163266573634
3177.0 0.049886196319546015
3178.0 0.04997529717428344
3179.0 0.05027562699147633
3180.0 0.05022262611559459
3181.0 0.04959662269268717
3182.0 0.04948114007711411
3183.0 0.049517713806458884
3184.0 0.049622318680797306
3185.0 0.050006948837212156
3186.0 0.05012149906584195
3187.0 0.04979799517563411
3188.0 0.04970803463033267
3189.0 0.0497547838304724
3190.0 0.04993861275059836
3191.0 0.05017366473163877
3192.0 0.05007023119500705
3193.0 0.049828996509313585
3194.0 0.04960477352142334
3195.0 0.04938340463808605
3196.0 0.04916598147579602
3197.0 0.04957420996257237
3198.0 0.049984754941293175
3199.0 0.05008668207696506
3200.0 0.050154647337538855
3201.0 0.04945807148303304
3202.0 0.0493517205119133
3203.0 0.05007023960351944
3204.0 0.050161028653383254
3205.0 0.049450062534638815
3206.0 0.04957643428019115
3207.0 0.04986112703170095
3208.0 0.04993927670376641
3209.0 0.050147209742239546
3210.0 0.05049988201686314
3211.0 0.050877889777932846
3212.0 0.05057256147265434
3213.0 0.050216811682496754
3214.0 0.05021508453147752
3215.0 0.05037666761449405
3216.0 0.05064189891730036
3217.0 0.05048218635576112
3218.0 0.050538344787699835
3219.0 0.05072005210178239
3220.0 0.05065752235906465
3221.0 0.0509671579514231
3222.0 0.05107836542384965
3223.0 0.050585809350013736
3224.0 0.05032268368772098
3225.0 0.05051391103437969
3226.0 0.05060037044542176
3227.0 0.05069409938795226
3228.0 0.05078779384493828
3229.0 0.0506236446755273
3230.0 0.0505579303417887
3231.0 0.05050425125019891
3232.0 0.05056914208190782
3233.0 0.05033524536660739
3234.0 0.049977085739374164
3235.0 0.04976965934038162
3236.0 0.04960443515862737
3237.0 0.050223787554672786
3238.0 0.050843623812709536
3239.0 0.05136352660400527
3240.0 0.05102825058358056
3241.0 0.05031092017889023
3242.0 0.04991628644721849
3243.0 0.049951761748109544
3244.0 0.050512539808239255
3245.0 0.05051744335464069
3246.0 0.05007916529263769
3247.0 0.05035910893763815
3248.0 0.0506742533828531
3249.0 0.05074032204491752
3250.0 0.050786363972084865
3251.0 0.05054408216050693
3252.0 0.04978175152625356
3253.0 0.04940766404782023
3254.0 0.0498949185013771
3255.0 0.05047440965260778
3256.0 0.05028591336948531
3257.0 0.05021208269255502
3258.0 0.05026626853006227
3259.0 0.050095955176012855
3260.0 0.04983589723706246
3261.0 0.049514663964509965
3262.0 0.04992737237896238
3263.0 0.0501236695264067
3264.0 0.049645852403981346
3265.0 0.04923187877450671
3266.0 0.049018993015800205
3267.0 0.04934569895267486
3268.0 0.049763998495680944
3269.0 0.0496714143880776
3270.0 0.04927694499492645
3271.0 0.049065219398055755
3272.0 0.04918707832694054
3273.0 0.04949343034199306
3274.0 0.04971149851168905
3275.0 0.05003321021795273
3276.0 0.049518494733742306
3277.0 0.04920828012483461
3278.0 0.049686191869633536
3279.0 0.04954698330589703
3280.0 0.049372031539678576
3281.0 0.0491991506091186
3282.0 0.04926641477005822
3283.0 0.049584484100341795
3284.0 0.05022355935403279
3285.0 0.050587101067815506
3286.0 0.05001794078520366
3287.0 0.04950902068189212
3288.0 0.049828308394977025
3289.0 0.050063770157950264
3290.0 0.050099106984479086
3291.0 0.049603782381330216
3292.0 0.048923104682138986
3293.0 0.0492362339581762
3294.0 0.04998306195650782
3295.0 0.05005327622805323
3296.0 0.04951065491352762
3297.0 0.04933905048029763
3298.0 0.05032080795083727
3299.0 0.050403968351227894
3300.0 0.04970053689820426
3301.0 0.04947575703263283
3302.0 0.049364726138966426
3303.0 0.04912251766238894
3304.0 0.049198979139328004
3305.0 0.0495390776012625
3306.0 0.04927751485790525
3307.0 0.049087248742580414
3308.0 0.04945417184914861
3309.0 0.04916659529720034
3310.0 0.04893363543919155
3311.0 0.04880129971674511
3312.0 0.04848799886448043
3313.0 0.04832419167671885
3314.0 0.04841092995234898
3315.0 0.04861594651426588
3316.0 0.04872054862124579
3317.0 0.04859233605010169
3318.0 0.04842200832707541
3319.0 0.0480158839906965
3320.0 0.0479298180767468
3321.0 0.04828462025948933
3322.0 0.04806172869035176
3323.0 0.047665802815130776
3324.0 0.04748263646449361
3325.0 0.04760299516575677
3326.0 0.04785367889063699
3327.0 0.048148146271705626
3328.0 0.04826116796050753
3329.0 0.048170086102826255
3330.0 0.04787387986268316
3331.0 0.0477437036378043
3332.0 0.047380154260567256
3333.0 0.04716348658714976
3334.0 0.04756113141775131
3335.0 0.04732887606535639
3336.0 0.04757555957351412
3337.0 0.04757084388818059
3338.0 0.04748441129922867
3339.0 0.047477496096066066
3340.0 0.047627323865890504
3341.0 0.04804139648165021
3342.0 0.048123142868280414
3343.0 0.04786760115197727
3344.0 0.047952382798705784
3345.0 0.04806571794407708
3346.0 0.04772996072258268
3347.0 0.04750859801258359
3348.0 0.04738212163959231
3349.0 0.046879378706216814
3350.0 0.04705690273216793
3351.0 0.047360174570764815
3352.0 0.04745811830673899
3353.0 0.04717910044959613
3354.0 0.047047341295651024
3355.0 0.04727109042661531
3356.0 0.04741654491850308
3357.0 0.04707376765353339
3358.0 0.047148372232913974
3359.0 0.04744109511375427
3360.0 0.04745322242379189
3361.0 0.04722203261085919
3362.0 0.04724813976458141
3363.0 0.047629495816571374
3364.0 0.04784217838730131
3365.0 0.047808348068169186
3366.0 0.04790555110999516
3367.0 0.04757110604218074
3368.0 0.047211179669414245
3369.0 0.047299914700644353
3370.0 0.04749884935361998
3371.0 0.04747254571744374
3372.0 0.047778910079172676
3373.0 0.047526671630995616
3374.0 0.04709133112004825
3375.0 0.047410005863223754
3376.0 0.04754184697355543
3377.0 0.04754043551427978
3378.0 0.04782182169812066
3379.0 0.0476575608764376
3380.0 0.047436741633074625
3381.0 0.0473827386541026
3382.0 0.04690247486744608
3383.0 0.04700486681291035
3384.0 0.047513771270002635
3385.0 0.04780123446668897
3386.0 0.047446015796491076
3387.0 0.047431819673095434
3388.0 0.04738546386361122
3389.0 0.046819468694073815
3390.0 0.04703994755234037
3391.0 0.047832431750638144
3392.0 0.048149815840380535
3393.0 0.047900218729461944
3394.0 0.04809133889419692
3395.0 0.04846516677311489
3396.0 0.04819901521716799
3397.0 0.04829550002302442
3398.0 0.0482495299407414
3399.0 0.048234026027577266
3400.0 0.04815583590950285
3401.0 0.04806070764149938
3402.0 0.048154757491179874
3403.0 0.04857118161661284
3404.0 0.04884327117885862
3405.0 0.04812562508242471
3406.0 0.04775799874748502
3407.0 0.04818362423351833
3408.0 0.04845109837395804
3409.0 0.04845717836703573
3410.0 0.047887528155531205
3411.0 0.048064436337777544
3412.0 0.04848330616950989
3413.0 0.04786544186728341
3414.0 0.047706582397222516
3415.0 0.048260420454399926
3416.0 0.04858080531869616
3417.0 0.048569501510688236
3418.0 0.04799706563353538
3419.0 0.047795338502952034
3420.0 0.048226868361234666
3421.0 0.04835843997342246
3422.0 0.04771383553743362
3423.0 0.04702466172831399
3424.0 0.04730682224035263
3425.0 0.047797714280230656
3426.0 0.0477582543023995
3427.0 0.047516438790730066
3428.0 0.0469773996089186
3429.0 0.04657119544489043
3430.0 0.04700720203774316
3431.0 0.047631904695715224
3432.0 0.04791230069739478
3433.0 0.04776474237442017
3434.0 0.04739954354507583
3435.0 0.04751984530261585
3436.0 0.047832998420510975
3437.0 0.04773727208375931
3438.0 0.047641217176403315
3439.0 0.04788687633616584
3440.0 0.04770391115120479
3441.0 0.0480104002569403
3442.0 0.048397919961384366
3443.0 0.047881603986024854
3444.0 0.047290111439568655
3445.0 0.047158408271414896
3446.0 0.047061552639518466
3447.0 0.04675514293568475
3448.0 0.04742069180522646
3449.0 0.04792468888419015
3450.0 0.04777902641466686
3451.0 0.048040629497596195
3452.0 0.04764970743230411
3453.0 0.04764495694211551
3454.0 0.04805128883038248
3455.0 0.04799214548298291
3456.0 0.047922523532594956
3457.0 0.0476264659847532
3458.0 0.0476908768926348
3459.0 0.04787170769912856
3460.0 0.04773783087730408
3461.0 0.04766795901315553
3462.0 0.04769984781742096
3463.0 0.047618127294949124
3464.0 0.04744273817964963
3465.0 0.047512827387877876
3466.0 0.04737774059176445
3467.0 0.04729296000940459
3468.0 0.0474242698933397
3469.0 0.04731183073350361
3470.0 0.0472247339785099
3471.0 0.047181443550757
3472.0 0.047388873249292376
3473.0 0.047446085938385556
3474.0 0.04676768737179893
3475.0 0.04642239766461509
3476.0 0.046143157886607306
3477.0 0.045984407301459994
3478.0 0.04641242144363267
3479.0 0.0468712649175099
3480.0 0.04670338779687881
3481.0 0.04626316247241838
3482.0 0.046243668773344584
3483.0 0.04682959105287279
3484.0 0.04710514151624271
3485.0 0.04675663486123085
3486.0 0.04644475408962795
3487.0 0.04662726819515228
3488.0 0.04661816667233195
3489.0 0.046745128184556964
3490.0 0.046780009248426985
3491.0 0.0467234058039529
3492.0 0.04688781489218984
3493.0 0.046871218723910195
3494.0 0.0465940175311906
3495.0 0.046181073359080727
3496.0 0.04573006725737027
3497.0 0.04602148522223745
3498.0 0.04652512190597398
3499.0 0.04670429623552731
3500.0 0.046350336819887164
3501.0 0.04621555166585105
3502.0 0.04628311023116112
3503.0 0.04624409090195383
3504.0 0.04592907620327813
3505.0 0.04593295635921615
3506.0 0.04587130195328167
3507.0 0.046144511444228035
3508.0 0.04628909240875925
3509.0 0.04612715840339661
3510.0 0.04603613827909742
3511.0 0.046203948770250594
3512.0 0.04642885593431337
3513.0 0.046189136164528986
3514.0 0.046557823781456266
3515.0 0.04641498646565846
3516.0 0.04578435985105378
3517.0 0.04550752011793
3518.0 0.04548969609396798
3519.0 0.045813519401209694
3520.0 0.045915387464421135
3521.0 0.04567159243992397
3522.0 0.045842186148677556
3523.0 0.046063321828842166
3524.0 0.0458425906087671
3525.0 0.0457839483661311
3526.0 0.04568300630365099
3527.0 0.04543045631476811
3528.0 0.04492825684802873
3529.0 0.0446665849004473
3530.0 0.04482396617531777
3531.0 0.044644846128565924
3532.0 0.044584201063428607
3533.0 0.04515759146639279
3534.0 0.04553572631308011
3535.0 0.04521437617284911
3536.0 0.04540166918720518
3537.0 0.045622029049055914
3538.0 0.04544010854193142
3539.0 0.04536024278828076
3540.0 0.044623956297125136
3541.0 0.044180994693722046
3542.0 0.044831341611487524
3543.0 0.04498150550893375
3544.0 0.045006501568215236
3545.0 0.04503762232405799
3546.0 0.0450248869402068
3547.0 0.04520619660615921
3548.0 0.04506726690701076
3549.0 0.04512296010340963
3550.0 0.04502122136098998
3551.0 0.045017532046352116
3552.0 0.045371591725519723
3553.0 0.04525819814630917
3554.0 0.04466103027973856
3555.0 0.04432180640952928
3556.0 0.04434826618858746
3557.0 0.044511710639510836
3558.0 0.044338288264615194
3559.0 0.04435570495469229
3560.0 0.04486758826034409
3561.0 0.044802048270191464
3562.0 0.04441866140280451
3563.0 0.044590517027037486
3564.0 0.044635706820658275
3565.0 0.044386025092431475
3566.0 0.04443676184330668
3567.0 0.04433106482028961
3568.0 0.04394341494355883
3569.0 0.043895319955689564
3570.0 0.04393686960850443
3571.0 0.04414677449635097
3572.0 0.04434723279305867
3573.0 0.04431714479412351
3574.0 0.04414623837385859
3575.0 0.04400357220854078
3576.0 0.04431686135275023
3577.0 0.043924731016159055
3578.0 0.04384583703109196
3579.0 0.04427119834082467
3580.0 0.04424746558070183
3581.0 0.043932780623435974
3582.0 0.04353267422744206
3583.0 0.04294478105647223
3584.0 0.04333010401044573
3585.0 0.04254405445286206
3586.0 0.04021460387323584
3587.0 0.039660103299788065
3588.0 0.03934288221810545
3589.0 0.038252472451754976
3590.0 0.03632919862866402
3591.0 0.035526963802320614
3592.0 0.03470621987112931
3593.0 0.03368934717561518
3594.0 0.03196323412869658
3595.0 0.03013666346669197
3596.0 0.029463954269886017
3597.0 0.02849632916705949
3598.0 0.02768250448363168
3599.0 0.02692773672086852
3600.0 0.026775387089167324
3601.0 0.02618838942476681
3602.0 0.025972309655376842
3603.0 0.0251535796427301
3604.0 0.027052580724869456
3605.0 0.0272580370839153
3606.0 0.02782713605889252
3607.0 0.028375836993966785
3608.0 0.029533503630331585
3609.0 0.029754260022725378
3610.0 0.030891319497355393
3611.0 0.034920305918369976
3612.0 0.04486842299146312
3613.0 0.04944484829902649
3614.0 0.03982444889843464
3615.0 0.04099597835115024
3616.0 0.04368982735489096
3617.0 0.03819493587527956
3618.0 0.044490061753562515
3619.0 0.06206945590674877
3620.0 0.05200492239424161
3621.0 0.04044708817132882
3622.0 0.05081244994487081
3623.0 0.05567548349499703
3624.0 0.0482627235352993
3625.0 0.041231517387287954
3626.0 0.049374477245977946
3627.0 0.05251248037176473
3628.0 0.045966368966868947
3629.0 0.0543729734740087
3630.0 0.045036724688751355
3631.0 0.046320603042840955
3632.0 0.05353780944964715
3633.0 0.05270693908844675
3634.0 0.0342136756383947
3635.0 0.032543845687593734
3636.0 0.04104543631630284
3637.0 0.04220619630068541
3638.0 0.05170355657381671
3639.0 0.04662510678172112
3640.0 0.046313246765307015
3641.0 0.03772090459242463
3642.0 0.048408753238618374
3643.0 0.04109050706028938
3644.0 0.03811313113463777
3645.0 0.03754041421094111
3646.0 0.034297840137566836
3647.0 0.029128872204039778
3648.0 0.034480721742979115
3649.0 0.03928550064031567
3650.0 0.03166543689689466
3651.0 0.02809194709573473
3652.0 0.02929539486233677
3653.0 0.04083347429654428
3654.0 0.029981164261698723
3655.0 0.03757065140775272
3656.0 0.03831036362264838
3657.0 0.03199939030621733
3658.0 0.02869470486683505
3659.0 0.035029466157513005
3660.0 0.04595523223813091
3661.0 0.028858961457652706
3662.0 0.030868707171508244
3663.0 0.03369147806827511
3664.0 0.03303259039031608
3665.0 0.03346153469756245
3666.0 0.0204418082056301
3667.0 0.02325387570474829
3668.0 0.014730281861765044
3669.0 0.015304740944078991
3670.0 0.020293546308364187
3671.0 0.029627870076469012
3672.0 0.01745341138115951
3673.0 0.016039271865572247
3674.0 0.0014052743890455791
3675.0 0.0003086501466376441
3676.0 0.0
3677.0 0.0
3678.0 0.0
3679.0 0.0
3680.0 0.0
3681.0 0.0
3682.0 0.0
3683.0 0.0
3684.0 0.0
3685.0 0.0
3686.0 0.0
3687.0 0.0
3688.0 0.0
3689.0 0.0
3690.0 0.0
3691.0 0.0
3692.0 0.0
3693.0 0.0
3694.0 0.0
3695.0 0.0
3696.0 0.0
3697.0 0.0
3698.0 0.0
3699.0 0.0
3700.0 0.0
3701.0 0.0
3702.0 0.0
3703.0 0.0
3704.0 0.0
3705.0 0.0
3706.0 0.0
3707.0 0.0
3708.0 0.0
3709.0 0.0
3710.0 0.0
3711.0 0.0
3712.0 0.0
3713.0 0.0
3714.0 0.0
3715.0 0.0
3716.0 0.0
3717.0 0.0
3718.0 0.0
3719.0 0.0
3720.0 0.0
3721.0 0.0
3722.0 0.0
3723.0 0.0
3724.0 0.0
3725.0 0.0
3726.0 0.0
3727.0 0.0
3728.0 0.0
3729.0 0.0
3730.0 0.0
3731.0 0.0
3732.0 0.0
3733.0 0.0
3734.0 0.0
3735.0 0.0
3736.0 0.0
3737.0 0.0
3738.0 0.0
3739.0 0.0
3740.0 0.0
3741.0 0.0
3742.0 0.0
3743.0 0.0
3744.0 0.0
3745.0 0.0
3746.0 0.0
3747.0 0.0
3748.0 0.0
3749.0 0.0
3750.0 0.0
3751.0 0.0
3752.0 0.0
3753.0 0.0
3754.0 0.0
3755.0 0.0
3756.0 0.0
3757.0 0.0
3758.0 0.0
3759.0 0.0
3760.0 0.0
3761.0 0.0
3762.0 0.0
3763.0 0.0
3764.0 0.0
3765.0 0.0
3766.0 0.0
3767.0 0.0
3768.0 0.0
3769.0 0.0
3770.0 0.0
3771.0 0.0
3772.0 0.0
3773.0 0.0
3774.0 0.0
3775.0 0.0
3776.0 0.0
3777.0 0.0
3778.0 0.0
3779.0 0.0
3780.0 0.0
3781.0 0.0
3782.0 0.0
3783.0 0.0
3784.0 0.0
3785.0 0.0
3786.0 0.0
3787.0 0.0
3788.0 0.0
3789.0 0.0
3790.0 0.0
3791.0 0.0
3792.0 0.0
3793.0 0.0
3794.0 0.0
3795.0 0.0
3796.0 0.0
3797.0 0.0
3798.0 0.0
3799.0 0.0
3800.0 0.0
3801.0 0.0
3802.0 0.0
3803.0 0.0
3804.0 0.0
3805.0 0.0
3806.0 0.0
3807.0 0.0
3808.0 0.0
3809.0 0.0
3810.0 0.0
3811.0 0.0
3812.0 0.0
3813.0 0.0
3814.0 0.0
3815.0 0.0
3816.0 0.0
3817.0 0.0
3818.0 0.0
3819.0 0.0
3820.0 0.0
3821.0 0.0
3822.0 0.0
3823.0 0.0
3824.0 0.0
3825.0 0.0
3826.0 0.0
3827.0 0.0
3828.0 0.0
3829.0 0.0
3830.0 0.0
3831.0 0.0
3832.0 0.0
3833.0 0.0
3834.0 0.0
3835.0 0.0
3836.0 0.0
3837.0 0.0
3838.0 0.0
3839.0 0.0
3840.0 0.0
3841.0 0.0
3842.0 0.0
3843.0 0.0
3844.0 0.0
3845.0 0.0
3846.0 0.0
3847.0 0.0
3848.0 0.0
3849.0 0.0
3850.0 0.0
3851.0 0.0
3852.0 0.0
3853.0 0.0
3854.0 0.0
3855.0 0.0
3856.0 0.0
3857.0 0.0
3858.0 0.0
3859.0 0.0
3860.0 0.0
3861.0 0.0
3862.0 0.0
3863.0 0.0
3864.0 0.0
3865.0 0.0
3866.0 0.0
3867.0 0.0
3868.0 0.0
3869.0 0.0
3870.0 0.0
3871.0 0.0
3872.0 0.0
3873.0 0.0
3874.0 0.0
3875.0 0.0
3876.0 0.0
3877.0 0.0
3878.0 0.0
3879.0 0.0
3880.0 0.0
3881.0 0.0
3882.0 0.0
3883.0 0.0
3884.0 0.0
3885.0 0.0
3886.0 0.0
3887.0 0.0
3888.0 0.0
3889.0 0.0
3890.0 0.0
3891.0 0.0
3892.0 0.0
3893.0 0.0
3894.0 0.0
3895.0 0.0
3896.0 0.0
3897.0 0.0
3898.0 0.0
3899.0 0.0
3900.0 0.0
3901.0 0.0
3902.0 0.0
3903.0 0.0
3904.0 0.0
3905.0 0.0
3906.0 0.0
3907.0 0.0
3908.0 0.0
3909.0 0.0
3910.0 0.0
3911.0 0.0
3912.0 0.0
3913.0 0.0
3914.0 0.0
3915.0 0.0
3916.0 0.0
3917.0 0.0
3918.0 0.0
3919.0 0.0
3920.0 0.0
3921.0 0.0
3922.0 0.0
3923.0 0.0
3924.0 0.0
3925.0 0.0
3926.0 0.0
3927.0 0.0
3928.0 0.0
3929.0 0.0
3930.0 0.0
3931.0 0.0
3932.0 0.0
3933.0 0.0
3934.0 0.0
3935.0 0.0
3936.0 0.0
3937.0 0.0
3938.0 0.0
3939.0 0.0
3940.0 0.0
3941.0 0.0
3942.0 0.0
3943.0 0.0
3944.0 0.0
3945.0 0.0
3946.0 0.0
3947.0 0.0
3948.0 0.0
3949.0 0.0
3950.0 0.0
3951.0 0.0
3952.0 0.0
3953.0 0.0
3954.0 0.0
3955.0 0.0
3956.0 0.0
3957.0 0.0
3958.0 0.0
3959.0 0.0
3960.0 0.0
3961.0 0.0
3962.0 0.0
3963.0 0.0
3964.0 0.0
3965.0 0.0
3966.0 0.0
3967.0 0.0
3968.0 0.0
3969.0 0.0
3970.0 0.0
3971.0 0.0
3972.0 0.0
3973.0 0.0
3974.0 0.0
3975.0 0.0
3976.0 0.0
3977.0 0.0
3978.0 0.0
3979.0 0.0
3980.0 0.0
3981.0 0.0
3982.0 0.0
3983.0 0.0
3984.0 0.0
3985.0 0.0
3986.0 0.0
3987.0 0.0
3988.0 0.0
3989.0 0.0
3990.0 0.0
3991.0 0.0
3992.0 0.0
3993.0 0.0
3994.0 0.0
3995.0 0.0
3996.0 0.0
3997.0 0.0
3998.0 0.0
3999.0 0.0
4000.0 0.0
4001.0 0.0
4002.0 0.0
4003.0 0.0
4004.0 0.0
4005.0 0.0
4006.0 0.0
4007.0 0.0
4008.0 0.0
4009.0 0.0
4010.0 0.0
4011.0 0.0
4012.0 0.0
4013.0 0.0
4014.0 0.0
4015.0 0.0
4016.0 0.0
4017.0 0.0
4018.0 0.0
4019.0 0.0
4020.0 0.0
4021.0 0.0
4022.0 0.0
4023.0 0.0
4024.0 0.0
4025.0 0.0
4026.0 0.0
4027.0 0.0
4028.0 0.0
4029.0 0.0
4030.0 0.0
4031.0 0.0
4032.0 0.0
4033.0 0.0
4034.0 0.0
4035.0 0.0
4036.0 0.0
4037.0 0.0
4038.0 0.0
4039.0 0.0
4040.0 0.0
