1.0 562.1759872436523
2.0 567.1392555236816
3.0 572.6450004577637
4.0 576.425609588623
5.0 581.7668075561523
6.0 584.9056968688965
7.0 579.3984107971191
8.0 576.380256652832
9.0 572.5964889526367
10.0 572.3107681274414
11.0 573.2600517272949
12.0 572.3845405578613
13.0 570.2114601135254
14.0 568.452995300293
15.0 565.1340408325195
16.0 557.2673683166504
17.0 551.7496700286865
18.0 546.7882289886475
19.0 542.4391059875488
20.0 537.2386894226074
21.0 531.0624084472656
22.0 525.8926887512207
23.0 522.0440731048584
24.0 521.3154125213623
25.0 513.5621891021729
26.0 508.1378002166748
27.0 501.8806400299072
28.0 496.16197967529297
29.0 489.291711807251
30.0 481.04978370666504
31.0 474.5128364562988
32.0 469.6417636871338
33.0 464.7047576904297
34.0 458.1138343811035
35.0 453.5266647338867
36.0 449.81259536743164
37.0 447.8788757324219
38.0 447.0040588378906
39.0 447.4210948944092
40.0 449.06751823425293
41.0 452.6715965270996
42.0 454.92530822753906
43.0 460.1549434661865
44.0 462.0247325897217
45.0 464.56065559387207
46.0 466.35906410217285
47.0 469.66775703430176
48.0 473.77886962890625
49.0 477.0839157104492
50.0 479.14090728759766
51.0 484.22261238098145
52.0 499.57387924194336
53.0 509.47424507141113
54.0 521.1260871887207
55.0 534.9128952026367
56.0 550.3552551269531
57.0 568.4270668029785
58.0 582.7572326660156
59.0 590.9591751098633
60.0 596.7081069946289
61.0 602.5886306762695
62.0 606.5931129455566
63.0 609.3642997741699
64.0 614.8044128417969
65.0 624.2459449768066
66.0 636.6666107177734
67.0 651.8370933532715
68.0 666.6735992431641
69.0 683.4883728027344
70.0 687.9497718811035
71.0 691.936149597168
72.0 692.1820182800293
73.0 688.9099540710449
74.0 684.6317253112793
75.0 679.2273139953613
76.0 672.6877975463867
77.0 665.0296669006348
78.0 657.1203269958496
79.0 651.060302734375
80.0 650.6537971496582
81.0 647.717887878418
82.0 640.6108131408691
83.0 630.2897148132324
84.0 619.8928833007813
85.0 609.47998046875
86.0 599.8128280639648
87.0 588.1370544433594
88.0 583.7740249633789
89.0 573.0228881835938
90.0 562.2738189697266
91.0 552.0069980621338
92.0 541.1761894226074
93.0 532.303430557251
94.0 527.4170875549316
95.0 524.9816856384277
96.0 524.0361022949219
97.0 525.1005516052246
98.0 521.5414791107178
99.0 517.3819351196289
100.0 512.192216873169
101.0 505.928747177124
102.0 500.4926223754883
103.0 497.3029613494873
104.0 495.19408798217773
105.0 491.91291999816895
106.0 494.17456436157227
107.0 495.4507637023926
108.0 495.27852058410645
109.0 498.32477378845215
110.0 502.74962425231934
111.0 505.1673526763916
112.0 508.0797290802002
113.0 512.547384262085
114.0 513.886791229248
115.0 511.7161350250244
116.0 509.93845558166504
117.0 508.5042209625244
118.0 507.5649871826172
119.0 506.65014839172363
120.0 504.1324520111084
121.0 503.49193000793457
122.0 503.0999984741211
123.0 498.79775047302246
124.0 504.2623825073242
125.0 505.7916774749756
126.0 512.0342044830322
127.0 519.4977035522461
128.0 526.9527893066406
129.0 532.0085411071777
130.0 533.5624618530273
131.0 531.4592895507813
132.0 525.6369934082031
133.0 517.3249683380127
134.0 513.4431953430176
135.0 507.30759620666504
136.0 502.517765045166
137.0 499.5250015258789
138.0 499.0813732147217
139.0 501.617280960083
140.0 503.9712371826172
141.0 502.3164291381836
142.0 504.63798332214355
143.0 505.91650772094727
144.0 509.6889476776123
145.0 516.4192028045654
146.0 526.4670715332031
147.0 534.7141609191895
148.0 541.0209846496582
149.0 541.0663108825684
150.0 538.8117027282715
151.0 529.9542751312256
152.0 528.7313919067383
153.0 526.3135986328125
154.0 521.7385177612305
155.0 513.4289436340332
156.0 509.96541023254395
157.0 510.9452095031738
158.0 517.0524997711182
159.0 527.0588073730469
160.0 536.8210163116455
161.0 542.0701885223389
162.0 545.7558517456055
163.0 540.9148330688477
164.0 531.034912109375
165.0 521.333532333374
166.0 513.7847957611084
167.0 509.46654510498047
168.0 514.8528442382813
169.0 525.9292793273926
170.0 536.5263938903809
171.0 551.2932758331299
172.0 566.0459728240967
173.0 576.6690616607666
174.0 578.1507892608643
175.0 568.3117160797119
176.0 558.6368389129639
177.0 569.2218761444092
178.0 588.6973915100098
179.0 595.0768661499023
180.0 593.4611358642578
181.0 583.1122093200684
182.0 568.427526473999
183.0 557.0259132385254
184.0 552.4308414459229
185.0 548.9816017150879
186.0 562.2397594451904
187.0 553.4851760864258
188.0 548.4545955657959
189.0 536.6466655731201
190.0 527.3548202514648
191.0 521.7971954345703
192.0 520.2963256835938
193.0 518.8540134429932
194.0 515.7472343444824
195.0 511.25782585144043
196.0 506.15832328796387
197.0 502.86022186279297
198.0 495.1123523712158
199.0 485.46141624450684
200.0 472.458158493042
201.0 458.54515838623047
202.0 446.38125228881836
203.0 435.7190170288086
204.0 425.24938201904297
205.0 418.16757011413574
206.0 414.95238876342773
207.0 414.35204887390137
208.0 416.3457374572754
209.0 419.88892364501953
210.0 425.0334243774414
211.0 430.201265335083
212.0 437.904296875
213.0 444.8858127593994
214.0 442.83753967285156
215.0 443.93995094299316
216.0 444.7831859588623
217.0 440.86795806884766
218.0 431.16223335266113
219.0 414.4042491912842
220.0 397.6082229614258
221.0 383.86180686950684
222.0 370.9867992401123
223.0 368.51038551330566
224.0 367.8509712219238
225.0 365.74900817871094
226.0 365.09098052978516
227.0 365.60472297668457
228.0 367.4974174499512
229.0 369.73987007141113
230.0 368.98966217041016
231.0 364.5175533294678
232.0 359.47748947143555
233.0 355.9638557434082
234.0 354.59858894348145
235.0 351.8684597015381
236.0 349.33311462402344
237.0 348.3074378967285
238.0 349.2566394805908
239.0 354.3592014312744
240.0 365.7567443847656
241.0 378.880895614624
242.0 390.3585033416748
243.0 400.36314964294434
244.0 407.29318046569824
245.0 408.9321479797363
246.0 411.10426330566406
247.0 412.7115936279297
248.0 412.758975982666
249.0 417.7037773132324
250.0 418.091007232666
251.0 415.3090343475342
252.0 412.4183006286621
253.0 410.84051513671875
254.0 413.18268394470215
255.0 416.2673683166504
256.0 420.6094856262207
257.0 423.7484760284424
258.0 428.1411190032959
259.0 434.333459854126
260.0 440.0684623718262
261.0 442.60368156433105
262.0 444.300443649292
263.0 443.2493953704834
264.0 442.8379383087158
265.0 440.15139389038086
266.0 434.40921211242676
267.0 430.2600402832031
268.0 428.5979766845703
269.0 425.4521827697754
270.0 421.8376121520996
271.0 418.87993240356445
272.0 415.3128318786621
273.0 409.7297172546387
274.0 403.5231018066406
275.0 399.4480094909668
276.0 400.8119773864746
277.0 399.43708992004395
278.0 399.3446979522705
279.0 398.42786407470703
280.0 396.6022357940674
281.0 391.9029598236084
282.0 386.40139961242676
283.0 378.98987770080566
284.0 374.5599021911621
285.0 379.74790954589844
286.0 382.75003242492676
287.0 383.7676773071289
288.0 382.5407314300537
289.0 381.21421241760254
290.0 383.4468402862549
291.0 384.10342025756836
292.0 385.84912490844727
293.0 392.69030380249023
294.0 415.80628967285156
295.0 433.35386848449707
296.0 449.09593391418457
297.0 464.0934429168701
298.0 474.6380500793457
299.0 485.336145401001
300.0 493.8919162750244
301.0 492.3414649963379
302.0 481.724458694458
303.0 473.10645484924316
304.0 466.3951053619385
305.0 458.99512100219727
306.0 456.0783500671387
307.0 458.7043647766113
308.0 462.7820644378662
309.0 466.03313636779785
310.0 467.1629867553711
311.0 465.70023345947266
312.0 466.7870101928711
313.0 460.90887451171875
314.0 455.83437728881836
315.0 454.1821880340576
316.0 452.84546279907227
317.0 450.3044681549072
318.0 447.6270008087158
319.0 440.43196296691895
320.0 430.59910583496094
321.0 418.69521141052246
322.0 411.6277084350586
323.0 409.31607818603516
324.0 411.6186237335205
325.0 412.3134479522705
326.0 406.92760467529297
327.0 394.40943908691406
328.0 380.244327545166
329.0 368.1768379211426
330.0 352.22018241882324
331.0 343.6502151489258
332.0 333.1563415527344
333.0 321.1172695159912
334.0 311.2111110687256
335.0 304.3090114593506
336.0 298.6209125518799
337.0 295.507080078125
338.0 293.08827781677246
339.0 292.3645305633545
340.0 295.6888008117676
341.0 300.14838790893555
342.0 305.56450271606445
343.0 309.2779350280762
344.0 313.77696990966797
345.0 317.3391819000244
346.0 320.045352935791
347.0 327.08657455444336
348.0 333.84645652770996
349.0 341.37484550476074
350.0 347.5143756866455
351.0 354.882755279541
352.0 363.9770812988281
353.0 371.66748809814453
354.0 376.698522567749
355.0 382.1946487426758
356.0 390.1909999847412
357.0 393.40538787841797
358.0 397.7063903808594
359.0 399.7679615020752
360.0 400.583589553833
361.0 401.47596168518066
362.0 404.19985580444336
363.0 403.56349754333496
364.0 396.7555294036865
365.0 389.5826644897461
366.0 379.4465141296387
367.0 380.42118644714355
368.0 382.56446838378906
369.0 385.92078590393066
370.0 384.81604957580566
371.0 380.95907974243164
372.0 375.60058784484863
373.0 368.04153060913086
374.0 359.6914482116699
375.0 349.8134174346924
376.0 342.37035179138184
377.0 336.4690418243408
378.0 331.04279708862305
379.0 327.7434501647949
380.0 324.42498779296875
381.0 320.22961235046387
382.0 317.76795387268066
383.0 316.08392906188965
384.0 312.7843189239502
385.0 314.6179676055908
386.0 316.28191566467285
387.0 316.70396423339844
388.0 317.0257205963135
389.0 316.72127532958984
390.0 318.52942276000977
391.0 320.3418674468994
392.0 322.76140213012695
393.0 324.6001567840576
394.0 327.3164253234863
395.0 332.07016372680664
396.0 336.20899963378906
397.0 338.5651092529297
398.0 341.81383895874023
399.0 344.0303249359131
400.0 345.65589332580566
401.0 347.5417957305908
402.0 349.5645942687988
403.0 349.7166156768799
404.0 352.20674896240234
405.0 354.47045707702637
406.0 355.3806571960449
407.0 358.15470695495605
408.0 359.2069969177246
409.0 360.1781826019287
410.0 362.2760753631592
411.0 363.5472640991211
412.0 365.9974937438965
413.0 367.0443115234375
414.0 367.7726306915283
415.0 369.21951484680176
416.0 369.6709861755371
417.0 369.4094429016113
418.0 370.15904998779297
419.0 371.2003231048584
420.0 370.6770210266113
421.0 373.4409866333008
422.0 376.4319705963135
423.0 379.774938583374
424.0 383.62350273132324
425.0 386.8623733520508
426.0 389.7140083312988
427.0 390.4269962310791
428.0 389.3288516998291
429.0 387.89908027648926
430.0 386.52112007141113
431.0 385.4211654663086
432.0 386.63054847717285
433.0 388.55691719055176
434.0 389.5708236694336
435.0 387.15163803100586
436.0 382.5338611602783
437.0 377.9726619720459
438.0 374.14605712890625
439.0 371.76671981811523
440.0 371.9650402069092
441.0 373.3613224029541
442.0 373.4311351776123
443.0 373.3601131439209
444.0 374.89143562316895
445.0 373.9766368865967
446.0 374.07752990722656
447.0 372.5943355560303
448.0 373.7759246826172
449.0 373.34532356262207
450.0 377.2818183898926
451.0 383.42669105529785
452.0 388.13774490356445
453.0 392.72325134277344
454.0 395.6946563720703
455.0 397.8102550506592
456.0 399.77882194519043
457.0 403.9841251373291
458.0 407.26124000549316
459.0 410.05241203308105
460.0 414.77847480773926
461.0 418.19433403015137
462.0 420.13074111938477
463.0 419.81052589416504
464.0 417.5659351348877
465.0 416.8509941101074
466.0 418.963529586792
467.0 421.799222946167
468.0 424.9886016845703
469.0 428.3316841125488
470.0 432.18939781188965
471.0 437.00088119506836
472.0 440.33013916015625
473.0 445.55011558532715
474.0 448.32042503356934
475.0 451.3693389892578
476.0 454.2408561706543
477.0 453.81180000305176
478.0 452.6519546508789
479.0 454.34556770324707
480.0 456.0232048034668
481.0 457.01001358032227
482.0 457.78120040893555
483.0 460.1779193878174
484.0 461.4569263458252
485.0 460.07982444763184
486.0 457.5138416290283
487.0 451.9563388824463
488.0 443.64979553222656
489.0 436.2051944732666
490.0 431.49463272094727
491.0 427.5984287261963
492.0 426.66989517211914
493.0 427.4447555541992
494.0 429.5962562561035
495.0 431.1491222381592
496.0 436.5950183868408
497.0 441.55511474609375
498.0 446.08998680114746
499.0 451.6315269470215
500.0 453.3185806274414
501.0 458.45115661621094
502.0 451.49288749694824
503.0 445.90799140930176
504.0 453.5418395996094
505.0 458.13805770874023
506.0 462.71827697753906
507.0 465.40894317626953
508.0 468.2172679901123
509.0 470.845365524292
510.0 472.6746578216553
511.0 476.21702003479004
512.0 480.30866050720215
513.0 484.19718742370605
514.0 489.06502532958984
515.0 494.24229621887207
516.0 497.5250473022461
517.0 498.26159286499023
518.0 498.21446990966797
519.0 496.00483322143555
520.0 492.9536018371582
521.0 488.32096672058105
522.0 484.70628929138184
523.0 480.07541847229004
524.0 474.279842376709
525.0 469.1495666503906
526.0 463.89540100097656
527.0 460.97303009033203
528.0 455.88645362854004
529.0 451.0790138244629
530.0 447.6925792694092
531.0 444.2710838317871
532.0 441.95342445373535
533.0 438.5704402923584
534.0 437.23923683166504
535.0 437.00293159484863
536.0 438.65160369873047
537.0 437.96759605407715
538.0 436.60495948791504
539.0 436.49357414245605
540.0 436.7683906555176
541.0 436.5557460784912
542.0 437.4014644622803
543.0 439.31311416625977
544.0 440.9673099517822
545.0 444.51285552978516
546.0 444.6055908203125
547.0 445.2298774719238
548.0 445.77954292297363
549.0 445.1266860961914
550.0 446.0053939819336
551.0 446.3026828765869
552.0 444.42990493774414
553.0 443.39039421081543
554.0 447.988187789917
555.0 450.3276176452637
556.0 452.6585941314697
557.0 454.5490970611572
558.0 454.8389377593994
559.0 456.75783348083496
560.0 458.6568145751953
561.0 460.3041534423828
562.0 461.65154457092285
563.0 462.3862609863281
564.0 463.0233211517334
565.0 465.7706928253174
566.0 467.2851142883301
567.0 468.6433582305908
568.0 470.7548828125
569.0 472.2018737792969
570.0 473.2748622894287
571.0 474.3142948150635
572.0 475.17662048339844
573.0 473.34568786621094
574.0 474.8610191345215
575.0 475.21840476989746
576.0 476.3763122558594
577.0 477.56077575683594
578.0 476.270471572876
579.0 474.9567184448242
580.0 473.4161128997803
581.0 474.3439235687256
582.0 477.5963840484619
583.0 482.2105960845947
584.0 486.12515449523926
585.0 487.9613037109375
586.0 488.07942390441895
587.0 487.14596366882324
588.0 484.41613006591797
589.0 482.8311519622803
590.0 481.34805488586426
591.0 480.80598640441895
592.0 481.56846046447754
593.0 482.1372604370117
594.0 482.0773391723633
595.0 483.67876625061035
596.0 485.1943531036377
597.0 487.0276756286621
598.0 488.18094062805176
599.0 489.59578132629395
600.0 489.9537582397461
601.0 492.6357765197754
602.0 496.654748916626
603.0 500.226655960083
604.0 501.4240417480469
605.0 500.97581672668457
606.0 499.9235038757324
607.0 497.6477470397949
608.0 496.4949474334717
609.0 492.89164543151855
610.0 487.4202194213867
611.0 481.42895317077637
612.0 476.09076499938965
613.0 472.19602966308594
614.0 469.8302192687988
615.0 469.0695991516113
616.0 468.8648910522461
617.0 468.3673324584961
618.0 469.1273708343506
619.0 470.38134384155273
620.0 470.19593811035156
621.0 470.13065910339355
622.0 468.03002738952637
623.0 463.92615699768066
624.0 459.4979724884033
625.0 457.4162788391113
626.0 457.0863399505615
627.0 454.9601306915283
628.0 452.94123458862305
629.0 449.85095977783203
630.0 444.5855121612549
631.0 437.78839111328125
632.0 431.7446937561035
633.0 425.86590003967285
634.0 422.1509609222412
635.0 424.4665107727051
636.0 427.58956718444824
637.0 431.62716484069824
638.0 435.0733222961426
639.0 437.69508934020996
640.0 436.7937240600586
641.0 433.77968406677246
642.0 430.1018352508545
643.0 429.42683029174805
644.0 433.3061828613281
645.0 434.73107719421387
646.0 436.90179443359375
647.0 437.56319427490234
648.0 435.5759906768799
649.0 434.0764675140381
650.0 439.1374320983887
651.0 446.72348976135254
652.0 450.53083992004395
653.0 452.1405792236328
654.0 454.6563472747803
655.0 454.99022102355957
656.0 451.4832420349121
657.0 444.2440929412842
658.0 435.3276844024658
659.0 423.9561176300049
660.0 414.5650062561035
661.0 407.1553421020508
662.0 407.06800270080566
663.0 412.5445098876953
664.0 421.25451850891113
665.0 432.4682331085205
666.0 444.3144779205322
667.0 456.11727142333984
668.0 463.6178855895996
669.0 473.12103843688965
670.0 481.21458435058594
671.0 484.23475646972656
672.0 482.62794494628906
673.0 476.0589084625244
674.0 467.0430374145508
675.0 458.72147941589355
676.0 449.04020500183105
677.0 442.1787300109863
678.0 438.1262855529785
679.0 437.33726501464844
680.0 437.19764709472656
681.0 435.518590927124
682.0 432.1751022338867
683.0 429.05524826049805
684.0 424.9178066253662
685.0 422.4594192504883
686.0 420.588623046875
687.0 419.67089080810547
688.0 421.7665309906006
689.0 421.02777671813965
690.0 421.29734230041504
691.0 422.13193702697754
692.0 420.46943283081055
693.0 419.518856048584
694.0 420.8279609680176
695.0 419.78556060791016
696.0 419.0907611846924
697.0 420.7144241333008
698.0 423.1938076019287
699.0 423.04652214050293
700.0 421.4647693634033
701.0 420.9870548248291
702.0 419.8498764038086
703.0 416.1170291900635
704.0 412.8424415588379
705.0 409.44968605041504
706.0 406.89732551574707
707.0 404.874174118042
708.0 402.7622356414795
709.0 400.90406036376953
710.0 398.88052558898926
711.0 395.0708637237549
712.0 393.41435050964355
713.0 393.00161933898926
714.0 389.93464851379395
715.0 384.90382957458496
716.0 380.12217712402344
717.0 375.27220153808594
718.0 371.54872131347656
719.0 368.566593170166
720.0 365.6355438232422
721.0 362.33092308044434
722.0 360.2638626098633
723.0 357.409122467041
724.0 352.50512313842773
725.0 350.29749488830566
726.0 348.4222812652588
727.0 345.65928077697754
728.0 342.3421878814697
729.0 338.7333812713623
730.0 334.54275703430176
731.0 330.8656196594238
732.0 326.4415760040283
733.0 321.85359954833984
734.0 317.03254890441895
735.0 311.74210357666016
736.0 305.668212890625
737.0 300.88396072387695
738.0 294.5465908050537
739.0 288.0652561187744
740.0 282.09412384033203
741.0 279.159029006958
742.0 276.3152027130127
743.0 272.75189781188965
744.0 271.50482749938965
745.0 270.4275779724121
746.0 268.9847354888916
747.0 267.22259998321533
748.0 264.0622615814209
749.0 260.2452564239502
750.0 256.458776473999
751.0 250.11657810211182
752.0 243.02216911315918
753.0 239.35235404968262
754.0 235.72982215881348
755.0 232.21948432922363
756.0 229.4168357849121
757.0 226.71721839904785
758.0 224.90677738189697
759.0 223.3573818206787
760.0 218.0398359298706
761.0 214.062593460083
762.0 210.337571144104
763.0 206.7012014389038
764.0 203.45568656921387
765.0 199.00568866729736
766.0 193.24433708190918
767.0 187.46653747558594
768.0 181.26870727539063
769.0 174.06923866271973
770.0 168.59341430664063
771.0 167.39866065979004
772.0 165.95988845825195
773.0 164.18317794799805
774.0 161.20285511016846
775.0 158.34831047058105
776.0 157.40906429290771
777.0 156.52269649505615
778.0 153.15976524353027
779.0 152.39166641235352
780.0 152.50320529937744
781.0 152.79293823242188
782.0 152.50502586364746
783.0 151.7587776184082
784.0 151.67706394195557
785.0 151.09141445159912
786.0 150.61351108551025
787.0 149.82176399230957
788.0 147.18704414367676
789.0 145.44471836090088
790.0 143.96618556976318
791.0 142.68431949615479
792.0 140.29333209991455
793.0 137.40696334838867
794.0 134.79808616638184
795.0 131.66604614257813
796.0 129.12173080444336
797.0 126.05359745025635
798.0 123.86983919143677
799.0 121.29433965682983
800.0 119.17429447174072
801.0 117.96780633926392
802.0 116.60903644561768
803.0 115.05004978179932
804.0 113.87749004364014
805.0 111.41278553009033
806.0 108.69123315811157
807.0 107.72715091705322
808.0 107.29249143600464
809.0 107.09931373596191
810.0 106.28328132629395
811.0 105.92953681945801
812.0 106.02261257171631
813.0 106.0017786026001
814.0 105.95352697372437
815.0 105.99079656600952
816.0 106.47195434570313
817.0 105.69413661956787
818.0 105.31281852722168
819.0 106.14919853210449
820.0 106.09520864486694
821.0 106.17381143569946
822.0 107.18744421005249
823.0 106.81302118301392
824.0 106.30622816085815
825.0 105.84333848953247
826.0 106.09780311584473
827.0 105.91263771057129
828.0 105.36159038543701
829.0 104.69079875946045
830.0 104.10874223709106
831.0 103.46120071411133
832.0 101.59770441055298
833.0 100.74736499786377
834.0 100.42036151885986
835.0 100.21248054504395
836.0 101.07930994033813
837.0 101.97873067855835
838.0 102.40166902542114
839.0 102.66727209091187
840.0 102.75755643844604
841.0 100.85485649108887
842.0 100.45216941833496
843.0 99.87700271606445
844.0 99.61195611953735
845.0 99.2189450263977
846.0 98.71336030960083
847.0 97.94124937057495
848.0 97.10500144958496
849.0 95.837327003479
850.0 93.53667736053467
851.0 92.05048704147339
852.0 91.24628782272339
853.0 90.1176905632019
854.0 89.02384233474731
855.0 87.95432710647583
856.0 87.28244829177856
857.0 86.50072479248047
858.0 85.8061408996582
859.0 84.7358946800232
860.0 83.30404710769653
861.0 82.04321575164795
862.0 80.41918230056763
863.0 79.29648113250732
864.0 78.23834276199341
865.0 77.46691560745239
866.0 76.53848600387573
867.0 75.69776248931885
868.0 74.29565763473511
869.0 74.09984350204468
870.0 74.28349304199219
871.0 74.7023057937622
872.0 74.12952327728271
873.0 74.20240306854248
874.0 73.76869058609009
875.0 73.10440254211426
876.0 72.80052471160889
877.0 71.74283266067505
878.0 71.04454231262207
879.0 70.28451442718506
880.0 69.79303455352783
881.0 69.1831693649292
882.0 68.49876308441162
883.0 68.38103294372559
884.0 68.92136859893799
885.0 69.9019947052002
886.0 70.7489857673645
887.0 71.59013843536377
888.0 72.17270517349243
889.0 71.36828470230103
890.0 70.31880760192871
891.0 69.34865188598633
892.0 68.50967025756836
893.0 68.33258485794067
894.0 67.7143440246582
895.0 66.09578704833984
896.0 65.55888414382935
897.0 65.3752019405365
898.0 65.26941013336182
899.0 65.7434389591217
900.0 66.07528257369995
901.0 66.87011241912842
902.0 67.5435996055603
903.0 68.11447095870972
904.0 68.97162294387817
905.0 68.9483995437622
906.0 68.89962482452393
907.0 69.2298231124878
908.0 69.80590438842773
909.0 70.44320821762085
910.0 71.32749128341675
911.0 71.858069896698
912.0 72.40033912658691
913.0 73.31252670288086
914.0 74.0230803489685
915.0 74.25514030456543
916.0 74.81407451629639
917.0 74.9682674407959
918.0 74.66917943954468
919.0 75.3973126411438
920.0 76.1506519317627
921.0 76.37653303146362
922.0 75.84795761108398
923.0 76.11991691589355
924.0 76.44353866577148
925.0 76.683669090271
926.0 76.95174551010132
927.0 76.99975299835205
928.0 77.52788496017456
929.0 77.89963245391846
930.0 78.0197811126709
931.0 77.90812301635742
932.0 78.35624647140503
933.0 78.7236328125
934.0 78.55120277404785
935.0 77.49240446090698
936.0 76.96205139160156
937.0 76.07971286773682
938.0 75.05079746246338
939.0 74.88129615783691
940.0 74.59018754959106
941.0 73.4330587387085
942.0 72.66692352294922
943.0 72.23988199234009
944.0 71.4714183807373
945.0 70.76057004928589
946.0 70.64879179000854
947.0 70.63285303115845
948.0 70.62359523773193
949.0 70.42710733413696
950.0 70.17248916625977
951.0 69.14065647125244
952.0 69.1481204032898
953.0 70.20326375961304
954.0 70.12106132507324
955.0 69.78275203704834
956.0 69.87973308563232
957.0 70.22555208206177
958.0 70.31175374984741
959.0 70.8547534942627
960.0 71.92682123184204
961.0 72.81230545043945
962.0 73.20689153671265
963.0 73.57394075393677
964.0 74.14328718185425
965.0 74.4560112953186
966.0 74.65458679199219
967.0 75.0047812461853
968.0 74.8810920715332
969.0 75.11282300949097
970.0 75.96570777893066
971.0 76.00192022323608
972.0 75.62078142166138
973.0 75.09320306777954
974.0 75.31934595108032
975.0 75.45783042907715
976.0 75.00051403045654
977.0 75.21103620529175
978.0 75.76184129714966
979.0 75.3080940246582
980.0 75.06652498245239
981.0 75.75363683700562
982.0 76.52351379394531
983.0 76.42452430725098
984.0 76.15550327301025
985.0 76.58893346786499
986.0 76.86843729019165
987.0 75.96614456176758
988.0 76.04287004470825
989.0 76.19838953018188
990.0 76.16010284423828
991.0 76.76170349121094
992.0 77.75898504257202
993.0 79.20414447784424
994.0 79.51897478103638
995.0 79.34581089019775
996.0 79.13229131698608
997.0 78.92380428314209
998.0 79.08132982254028
999.0 78.92228889465332
1000.0 78.34969091415405
1001.0 77.68334197998047
1002.0 77.61085176467896
1003.0 77.91429376602173
1004.0 78.52716255187988
1005.0 78.38461065292358
1006.0 77.6868166923523
1007.0 78.69706153869629
1008.0 79.91300535202026
1009.0 80.53363752365112
1010.0 81.48678159713745
1011.0 82.30998182296753
1012.0 82.70772218704224
1013.0 83.98285007476807
1014.0 84.83742666244507
1015.0 85.13997983932495
1016.0 85.40979337692261
1017.0 85.22091960906982
1018.0 84.81747484207153
1019.0 84.70058679580688
1020.0 84.72022151947021
1021.0 84.87273216247559
1022.0 84.69975996017456
1023.0 84.36863279342651
1024.0 84.08560943603516
1025.0 83.7882022857666
1026.0 83.28736305236816
1027.0 82.5695071220398
1028.0 81.6023178100586
1029.0 81.23554039001465
1030.0 80.9909234046936
1031.0 80.68496894836426
1032.0 81.13339853286743
1033.0 81.4494481086731
1034.0 81.7312421798706
1035.0 81.90482521057129
1036.0 82.16074705123901
1037.0 82.67918300628662
1038.0 83.00557279586792
1039.0 83.64478969573975
1040.0 84.30101013183594
1041.0 84.47982978820801
1042.0 84.60532760620117
1043.0 85.23041296005249
1044.0 86.34578084945679
1045.0 87.98862743377686
1046.0 88.28288459777832
1047.0 88.43582820892334
1048.0 88.93585538864136
1049.0 88.39614534378052
1050.0 88.53909826278687
1051.0 87.99362182617188
1052.0 87.18260478973389
1053.0 87.93107652664185
1054.0 87.50195837020874
1055.0 87.75413703918457
1056.0 88.7017388343811
1057.0 88.55894136428833
1058.0 88.20672225952148
1059.0 88.18044185638428
1060.0 88.16314363479614
1061.0 88.2276062965393
1062.0 88.21884727478027
1063.0 87.93690919876099
1064.0 87.94518661499023
1065.0 88.33308506011963
1066.0 88.67773151397705
1067.0 89.65796136856079
1068.0 89.28484058380127
1069.0 90.02753973007202
1070.0 90.83573913574219
1071.0 91.4919581413269
1072.0 92.11767578125
1073.0 93.45017766952515
1074.0 94.3403754234314
1075.0 93.9543137550354
1076.0 94.10492515563965
1077.0 93.84347009658813
1078.0 93.88536167144775
1079.0 94.26425790786743
1080.0 94.87131786346436
1081.0 95.24668025970459
1082.0 95.54367971420288
1083.0 96.30033826828003
1084.0 96.11749458312988
1085.0 95.62572956085205
1086.0 94.99360752105713
1087.0 94.5930585861206
1088.0 94.04065561294556
1089.0 93.40778398513794
1090.0 93.36193704605103
1091.0 93.3849425315857
1092.0 92.77326011657715
1093.0 91.9154143333435
1094.0 91.59778594970703
1095.0 91.63715314865112
1096.0 91.92942714691162
1097.0 92.08640575408936
1098.0 93.35612201690674
1099.0 94.31569147109985
1100.0 95.0073070526123
1101.0 95.38333225250244
1102.0 95.72592306137085
1103.0 96.98129272460938
1104.0 98.08475255966187
1105.0 98.9717926979065
1106.0 99.51772165298462
1107.0 100.891188621521
1108.0 101.38735771179199
1109.0 101.44201803207397
1110.0 102.0158143043518
1111.0 103.64150047302246
1112.0 106.3001217842102
1113.0 108.07098340988159
1114.0 109.5517086982727
1115.0 111.05639314651489
1116.0 111.9616527557373
1117.0 114.36853790283203
1118.0 115.12595558166504
1119.0 113.61417722702026
1120.0 113.39722967147827
1121.0 114.15382242202759
1122.0 114.68754816055298
1123.0 114.08587455749512
1124.0 113.18587303161621
1125.0 113.35131740570068
1126.0 112.15867948532104
1127.0 112.0329041481018
1128.0 111.97143363952637
1129.0 110.81752920150757
1130.0 111.22180414199829
1131.0 110.75896215438843
1132.0 110.45479488372803
1133.0 110.1194977760315
1134.0 110.1170883178711
1135.0 110.37225008010864
1136.0 109.38473987579346
1137.0 109.83489036560059
1138.0 110.23118543624878
1139.0 110.51161098480225
1140.0 110.95729398727417
1141.0 110.82599449157715
1142.0 110.42285299301147
1143.0 110.31590843200684
1144.0 110.72436809539795
1145.0 110.14223527908325
1146.0 109.6203031539917
1147.0 109.57424259185791
1148.0 109.42900609970093
1149.0 109.23560810089111
1150.0 108.93118476867676
1151.0 108.56801128387451
1152.0 108.66582918167114
1153.0 109.98940849304199
1154.0 111.51063680648804
1155.0 112.58678150177002
1156.0 112.82865715026855
1157.0 113.48053169250488
1158.0 115.33495330810547
1159.0 121.42584419250488
1160.0 126.61285829544067
1161.0 127.28469181060791
1162.0 128.23273420333862
1163.0 129.1190881729126
1164.0 129.59289693832397
1165.0 130.43495178222656
1166.0 130.6309757232666
1167.0 132.1181926727295
1168.0 134.07662677764893
1169.0 134.39843273162842
1170.0 134.45642757415771
1171.0 135.1352415084839
1172.0 136.17665195465088
1173.0 135.98682308197021
1174.0 136.3663740158081
1175.0 136.53073501586914
1176.0 136.39501094818115
1177.0 136.2239589691162
1178.0 137.3675184249878
1179.0 138.7169828414917
1180.0 139.3854808807373
1181.0 140.78698539733887
1182.0 142.66233921051025
1183.0 143.25589656829834
1184.0 143.887677192688
1185.0 145.11487674713135
1186.0 146.14485359191895
1187.0 146.66738891601563
1188.0 147.06157684326172
1189.0 147.46261310577393
1190.0 148.12633228302002
1191.0 148.3530502319336
1192.0 147.83936595916748
1193.0 147.92320346832275
1194.0 149.3752565383911
1195.0 149.72119998931885
1196.0 149.63693809509277
1197.0 149.37548351287842
1198.0 150.0237913131714
1199.0 150.03396129608154
1200.0 149.35606861114502
1201.0 148.9408197402954
1202.0 148.9217233657837
1203.0 148.07287311553955
1204.0 146.66981983184814
1205.0 146.79733657836914
1206.0 148.3538694381714
1207.0 149.7404546737671
1208.0 150.052077293396
1209.0 150.75247764587402
1210.0 149.56686687469482
1211.0 147.96625137329102
1212.0 147.77902793884277
1213.0 146.98961925506592
1214.0 146.38159561157227
1215.0 146.1319398880005
1216.0 145.3751745223999
1217.0 145.11842441558838
1218.0 144.5749216079712
1219.0 144.85798931121826
1220.0 145.08742141723633
1221.0 144.40850067138672
1222.0 144.2057695388794
1223.0 144.55913639068604
1224.0 144.1218719482422
1225.0 144.00212955474854
1226.0 143.57096672058105
1227.0 144.85501384735107
1228.0 144.189772605896
1229.0 143.8798532485962
1230.0 144.43739891052246
1231.0 144.01637935638428
1232.0 144.2166233062744
1233.0 143.96170139312744
1234.0 144.92010402679443
1235.0 144.45228481292725
1236.0 145.66436767578125
1237.0 146.74014377593994
1238.0 147.01130199432373
1239.0 146.6438398361206
1240.0 148.267502784729
1241.0 149.51329898834229
1242.0 149.47493362426758
1243.0 148.9442434310913
1244.0 148.38230991363525
1245.0 148.3815050125122
1246.0 149.0607624053955
1247.0 148.99236965179443
1248.0 148.05051708221436
1249.0 148.28714179992676
1250.0 147.9468173980713
1251.0 147.9754819869995
1252.0 147.8405065536499
1253.0 146.54314708709717
1254.0 145.8432331085205
1255.0 145.8646755218506
1256.0 146.41874408721924
1257.0 146.33002471923828
1258.0 146.62812423706055
1259.0 146.9290132522583
1260.0 146.03752422332764
1261.0 146.40559005737305
1262.0 146.12579345703125
1263.0 146.08954620361328
1264.0 145.78748893737793
1265.0 145.07394981384277
1266.0 145.14986324310303
1267.0 144.9023675918579
1268.0 144.7288522720337
1269.0 144.66789627075195
1270.0 144.19076919555664
1271.0 143.81948280334473
1272.0 144.35144996643066
1273.0 144.1776523590088
1274.0 144.41042518615723
1275.0 144.34688186645508
1276.0 143.66442680358887
1277.0 143.6507968902588
1278.0 143.46235752105713
1279.0 142.70324611663818
1280.0 141.33471775054932
1281.0 139.85300254821777
1282.0 139.8580961227417
1283.0 140.49273109436035
1284.0 140.23830032348633
1285.0 139.8635377883911
1286.0 139.86274909973145
1287.0 139.74488258361816
1288.0 139.6363639831543
1289.0 139.20330142974854
1290.0 138.73486518859863
1291.0 137.83323574066162
1292.0 137.72958755493164
1293.0 136.98402976989746
1294.0 136.55576992034912
1295.0 137.3801670074463
1296.0 137.66608238220215
1297.0 137.28710174560547
1298.0 137.21201705932617
1299.0 137.49388694763184
1300.0 137.36506366729736
1301.0 136.6583433151245
1302.0 136.164080619812
1303.0 135.9943208694458
1304.0 135.3182554244995
1305.0 134.80741786956787
1306.0 135.2719964981079
1307.0 135.25452327728271
1308.0 134.51599979400635
1309.0 134.5848035812378
1310.0 134.67021560668945
1311.0 134.5693588256836
1312.0 134.91121864318848
1313.0 135.20036792755127
1314.0 135.05665588378906
1315.0 134.27448558807373
1316.0 133.84547519683838
1317.0 134.4635934829712
1318.0 135.4067258834839
1319.0 135.22078323364258
1320.0 135.0818977355957
1321.0 135.5033197402954
1322.0 135.84071826934814
1323.0 136.20887660980225
1324.0 136.2630376815796
1325.0 136.64089107513428
1326.0 137.2363166809082
1327.0 137.83881092071533
1328.0 137.94464015960693
1329.0 137.0434103012085
1330.0 136.78713989257813
1331.0 136.70578861236572
1332.0 137.10136699676514
1333.0 137.66944694519043
1334.0 137.52381801605225
1335.0 138.0642557144165
1336.0 137.96906089782715
1337.0 138.2845344543457
1338.0 139.23184204101563
1339.0 139.75024795532227
1340.0 139.60902976989746
1341.0 137.8450698852539
1342.0 136.0634250640869
1343.0 135.19344329833984
1344.0 135.46961975097656
1345.0 136.40359592437744
1346.0 137.37586307525635
1347.0 137.4237003326416
1348.0 137.40893650054932
1349.0 137.71710205078125
1350.0 138.57200527191162
1351.0 138.57399463653564
1352.0 138.1209545135498
1353.0 137.71668243408203
1354.0 137.29975605010986
1355.0 136.7428035736084
1356.0 137.37688732147217
1357.0 137.6185188293457
1358.0 137.69488716125488
1359.0 137.60859298706055
1360.0 138.05065441131592
1361.0 138.46388626098633
1362.0 137.83615684509277
1363.0 137.57579898834229
1364.0 137.44471836090088
1365.0 136.58231353759766
1366.0 135.6645107269287
1367.0 134.80997371673584
1368.0 135.04587268829346
1369.0 134.15119743347168
1370.0 133.34900760650635
1371.0 133.4354763031006
1372.0 133.9712553024292
1373.0 133.39509201049805
1374.0 132.3415207862854
1375.0 131.57241582870483
1376.0 130.73378658294678
1377.0 130.48762559890747
1378.0 130.28536748886108
1379.0 129.73125076293945
1380.0 129.51340913772583
1381.0 128.71195077896118
1382.0 128.52331066131592
1383.0 128.12921571731567
1384.0 127.49264097213745
1385.0 127.2288556098938
1386.0 126.7309741973877
1387.0 126.06458234786987
1388.0 124.73835611343384
1389.0 124.25997352600098
1390.0 124.51619005203247
1391.0 124.42931699752808
1392.0 124.89122438430786
1393.0 125.61445951461792
1394.0 125.09054613113403
1395.0 124.72738122940063
1396.0 124.52017736434937
1397.0 124.87567234039307
1398.0 124.80889081954956
1399.0 124.12298250198364
1400.0 124.30906820297241
1401.0 123.83648443222046
1402.0 123.75677824020386
1403.0 124.73056268692017
1404.0 124.22954082489014
1405.0 124.19881296157837
1406.0 124.47795152664185
1407.0 125.42192316055298
1408.0 124.88160562515259
1409.0 125.62062788009644
1410.0 126.42012405395508
1411.0 126.71090936660767
1412.0 126.67058277130127
1413.0 126.17631149291992
1414.0 125.71116065979004
1415.0 126.32518291473389
1416.0 126.90040254592896
1417.0 126.73849534988403
1418.0 127.1330771446228
1419.0 127.36615371704102
1420.0 127.26392984390259
1421.0 127.20967721939087
1422.0 126.96297454833984
1423.0 126.85234451293945
1424.0 127.3322582244873
1425.0 127.81830072402954
1426.0 127.56308126449585
1427.0 127.7909574508667
1428.0 128.80666828155518
1429.0 129.01490449905396
1430.0 128.9339895248413
1431.0 129.2823362350464
1432.0 129.84845733642578
1433.0 129.23730659484863
1434.0 128.8453574180603
1435.0 128.10622215270996
1436.0 128.03213119506836
1437.0 127.4891586303711
1438.0 127.38624906539917
1439.0 127.01218366622925
1440.0 126.29395055770874
1441.0 125.96128988265991
1442.0 126.37923669815063
1443.0 126.08222198486328
1444.0 125.54675102233887
1445.0 125.78076934814453
1446.0 125.80227565765381
1447.0 124.98132038116455
1448.0 124.66765689849854
1449.0 124.48184061050415
1450.0 124.22580575942993
1451.0 124.03773832321167
1452.0 124.55096864700317
1453.0 124.57496070861816
1454.0 124.04474401473999
1455.0 123.67469549179077
1456.0 123.76763153076172
1457.0 123.65496969223022
1458.0 122.98924112319946
1459.0 122.9882698059082
1460.0 123.47167921066284
1461.0 123.63754463195801
1462.0 124.17771911621094
1463.0 124.56720352172852
1464.0 124.42869997024536
1465.0 123.99041318893433
1466.0 124.01683950424194
1467.0 124.7155351638794
1468.0 125.04898071289063
1469.0 125.08132362365723
1470.0 125.22364139556885
1471.0 125.41132974624634
1472.0 125.25550699234009
1473.0 125.2819504737854
1474.0 124.72887229919434
1475.0 124.61591339111328
1476.0 125.11095714569092
1477.0 125.5207405090332
1478.0 125.8997974395752
1479.0 125.6168737411499
1480.0 125.6170425415039
1481.0 125.73000907897949
1482.0 125.91810655593872
1483.0 125.80860900878906
1484.0 125.30587244033813
1485.0 124.60201740264893
1486.0 124.60542106628418
1487.0 124.9676103591919
1488.0 124.90427017211914
1489.0 124.55769395828247
1490.0 124.61876821517944
1491.0 124.93233680725098
1492.0 124.5983624458313
1493.0 124.50466585159302
1494.0 124.94644784927368
1495.0 125.63020324707031
1496.0 125.69205951690674
1497.0 125.70995807647705
1498.0 126.03065013885498
1499.0 126.83895969390869
1500.0 127.40863370895386
1501.0 127.75100135803223
1502.0 128.10375595092773
1503.0 127.88402795791626
1504.0 128.166401386261
1505.0 129.16469144821167
1506.0 129.3010025024414
1507.0 129.44634199142456
1508.0 129.9466371536255
1509.0 129.87954664230347
1510.0 129.37084913253784
1511.0 129.6075644493103
1512.0 129.6438341140747
1513.0 129.11622095108032
1514.0 129.55502700805664
1515.0 128.8392572402954
1516.0 128.3560495376587
1517.0 129.25191402435303
1518.0 129.72863960266113
1519.0 129.54825973510742
1520.0 129.80919551849365
1521.0 129.94079685211182
1522.0 129.9472484588623
1523.0 129.2180094718933
1524.0 129.61371660232544
1525.0 129.7222843170166
1526.0 129.13777828216553
1527.0 129.55082511901855
1528.0 129.4386601448059
1529.0 129.81600046157837
1530.0 129.73896551132202
1531.0 129.3944902420044
1532.0 128.54029369354248
1533.0 128.81565809249878
1534.0 128.83854866027832
1535.0 128.50840377807617
1536.0 128.77822160720825
1537.0 128.76839637756348
1538.0 128.23846435546875
1539.0 127.6756501197815
1540.0 127.29878807067871
1541.0 126.57055902481079
1542.0 125.88029289245605
1543.0 126.0350170135498
1544.0 125.56671667098999
1545.0 125.51229524612427
1546.0 125.8568205833435
1547.0 125.17343997955322
1548.0 125.69657468795776
1549.0 125.79891109466553
1550.0 124.45151662826538
1551.0 123.86607599258423
1552.0 123.84342908859253
1553.0 124.71264839172363
1554.0 125.04612636566162
1555.0 125.14123773574829
1556.0 124.88844108581543
1557.0 124.97486305236816
1558.0 124.51190662384033
1559.0 124.26203060150146
1560.0 124.82329988479614
1561.0 124.34602117538452
1562.0 124.65148448944092
1563.0 124.42209005355835
1564.0 123.84514141082764
1565.0 124.27303457260132
1566.0 124.64255666732788
1567.0 125.13842725753784
1568.0 124.83172464370728
1569.0 125.11919641494751
1570.0 125.2361969947815
1571.0 124.74413251876831
1572.0 125.5412244796753
1573.0 125.66273975372314
1574.0 125.7611517906189
1575.0 125.37276792526245
1576.0 125.01403093338013
1577.0 124.85371351242065
1578.0 124.77227640151978
1579.0 124.85853290557861
1580.0 124.74795532226563
1581.0 124.98366165161133
1582.0 124.72798490524292
1583.0 123.9672327041626
1584.0 123.37202501296997
1585.0 123.16755962371826
1586.0 122.88656091690063
1587.0 122.32241630554199
1588.0 121.49907779693604
1589.0 120.97292852401733
1590.0 121.00525569915771
1591.0 121.20508337020874
1592.0 121.16860437393188
1593.0 121.01814222335815
1594.0 120.91414737701416
1595.0 120.63863468170166
1596.0 119.70778846740723
1597.0 118.81219100952148
1598.0 118.68979454040527
1599.0 118.35894823074341
1600.0 118.30591297149658
1601.0 117.99207305908203
1602.0 118.19192886352539
1603.0 118.11058044433594
1604.0 117.24452686309814
1605.0 116.98611116409302
1606.0 116.95664691925049
1607.0 117.15449953079224
1608.0 117.23376178741455
1609.0 116.5562653541565
1610.0 115.56943702697754
1611.0 115.24189472198486
1612.0 115.31408357620239
1613.0 114.64508104324341
1614.0 114.31565427780151
1615.0 114.31458282470703
1616.0 114.3291277885437
1617.0 114.15703535079956
1618.0 113.98736524581909
1619.0 113.73321914672852
1620.0 113.08599996566772
1621.0 112.83851051330566
1622.0 112.13861227035522
1623.0 111.70048475265503
1624.0 110.6837649345398
1625.0 110.33669519424438
1626.0 109.46420049667358
1627.0 108.54794597625732
1628.0 108.66811275482178
1629.0 108.55219316482544
1630.0 108.47807741165161
1631.0 107.79522657394409
1632.0 107.15727949142456
1633.0 106.73398876190186
1634.0 106.1335334777832
1635.0 105.94279146194458
1636.0 105.66450452804565
1637.0 105.47628259658813
1638.0 105.51658821105957
1639.0 104.84449529647827
1640.0 104.39738988876343
1641.0 104.70441722869873
1642.0 104.58136034011841
1643.0 104.41456460952759
1644.0 104.72986507415771
1645.0 104.32313919067383
1646.0 103.48401260375977
1647.0 102.86103534698486
1648.0 102.76090717315674
1649.0 102.48155212402344
1650.0 102.33279752731323
1651.0 101.94696569442749
1652.0 101.12544775009155
1653.0 100.35055112838745
1654.0 99.96696662902832
1655.0 100.254469871521
1656.0 100.07525110244751
1657.0 99.46172666549683
1658.0 99.26312446594238
1659.0 98.70574426651001
1660.0 98.51048707962036
1661.0 98.9404067993164
1662.0 98.61966800689697
1663.0 97.68249225616455
1664.0 97.30124998092651
1665.0 97.08176279067993
1666.0 96.75587320327759
1667.0 96.51517581939697
1668.0 96.13970613479614
1669.0 95.84583854675293
1670.0 95.56005382537842
1671.0 95.3306999206543
1672.0 95.48263740539551
1673.0 95.61558198928833
1674.0 95.43050384521484
1675.0 95.33241939544678
1676.0 95.4846682548523
1677.0 95.12102890014648
1678.0 94.47095775604248
1679.0 94.7114896774292
1680.0 95.38048934936523
1681.0 95.70300626754761
1682.0 95.54409313201904
1683.0 95.60199975967407
1684.0 95.70514678955078
1685.0 94.78048467636108
1686.0 94.49787425994873
1687.0 94.608651638031
1688.0 94.2534351348877
1689.0 94.07047367095947
1690.0 94.0531210899353
1691.0 93.99853324890137
1692.0 93.67665100097656
1693.0 93.55664730072021
1694.0 93.6584119796753
1695.0 93.28778171539307
1696.0 93.04719114303589
1697.0 92.84369707107544
1698.0 92.92543983459473
1699.0 92.90998840332031
1700.0 92.09949254989624
1701.0 92.3119592666626
1702.0 92.93161630630493
1703.0 92.74765872955322
1704.0 92.50330448150635
1705.0 93.08123970031738
1706.0 93.12888622283936
1707.0 93.10432195663452
1708.0 93.14036464691162
1709.0 92.85512399673462
1710.0 93.06962156295776
1711.0 93.11022520065308
1712.0 92.4734206199646
1713.0 90.56442642211914
1714.0 89.97442245483398
1715.0 90.19749164581299
1716.0 89.97240543365479
1717.0 89.95645666122437
1718.0 89.9511227607727
1719.0 90.00798082351685
1720.0 89.61153268814087
1721.0 89.53987312316895
1722.0 90.20955514907837
1723.0 90.71147727966309
1724.0 90.35994291305542
1725.0 90.17517185211182
1726.0 90.47560358047485
1727.0 89.68547534942627
1728.0 89.64423322677612
1729.0 90.20090389251709
1730.0 90.8427267074585
1731.0 90.00242137908936
1732.0 90.53316116333008
1733.0 91.49621391296387
1734.0 90.12509870529175
1735.0 90.12178945541382
1736.0 90.88885498046875
1737.0 90.99941539764404
1738.0 90.7512412071228
1739.0 90.72885847091675
1740.0 91.08617544174194
1741.0 91.01248693466187
1742.0 90.89129972457886
1743.0 90.83626174926758
1744.0 90.81113624572754
1745.0 90.86684465408325
1746.0 91.80344152450562
1747.0 92.16568660736084
1748.0 91.58057069778442
1749.0 92.0021538734436
1750.0 92.0342526435852
1751.0 91.970534324646
1752.0 92.13258647918701
1753.0 92.3690094947815
1754.0 92.72095918655396
1755.0 93.06758117675781
1756.0 92.8161358833313
1757.0 92.97826337814331
1758.0 93.61923885345459
1759.0 93.60660219192505
1760.0 93.79916000366211
1761.0 94.00051879882813
1762.0 94.38440656661987
1763.0 94.66361427307129
1764.0 94.55099296569824
1765.0 94.98326015472412
1766.0 94.98232221603394
1767.0 94.91678094863892
1768.0 95.629638671875
1769.0 95.24857139587402
1770.0 94.58690071105957
1771.0 94.85241985321045
1772.0 95.73854207992554
1773.0 96.50807046890259
1774.0 96.30424690246582
1775.0 96.1900200843811
1776.0 95.77225494384766
1777.0 96.13031530380249
1778.0 96.08240842819214
1779.0 96.60812473297119
1780.0 96.9901671409607
1781.0 97.22429323196411
1782.0 96.79904699325562
1783.0 97.55651569366455
1784.0 98.53456592559814
1785.0 97.48877954483032
1786.0 97.52862548828125
1787.0 98.08718252182007
1788.0 98.10938692092896
1789.0 98.03773403167725
1790.0 98.29913330078125
1791.0 98.55904817581177
1792.0 98.1071228981018
1793.0 97.97698974609375
1794.0 97.94834518432617
1795.0 98.1064338684082
1796.0 98.34722089767456
1797.0 97.62583875656128
1798.0 97.40175008773804
1799.0 97.42017126083374
1800.0 97.56547689437866
1801.0 97.62173700332642
1802.0 97.59326982498169
1803.0 98.18252515792847
1804.0 98.3496880531311
1805.0 97.90207099914551
1806.0 97.84094905853271
1807.0 98.49285507202148
1808.0 98.86780261993408
1809.0 98.78487300872803
1810.0 97.97819948196411
1811.0 98.3251051902771
1812.0 98.47700500488281
1813.0 97.86236333847046
1814.0 97.6918044090271
1815.0 97.94085311889648
1816.0 97.94877290725708
1817.0 97.78142166137695
1818.0 97.94785118103027
1819.0 97.4350037574768
1820.0 97.0893201828003
1821.0 97.17233276367188
1822.0 97.29766511917114
1823.0 97.36920070648193
1824.0 97.32704067230225
1825.0 97.60995244979858
1826.0 97.58383369445801
1827.0 97.37351417541504
1828.0 96.72336006164551
1829.0 96.44064617156982
1830.0 96.6712064743042
1831.0 96.47118091583252
1832.0 96.30688047409058
1833.0 95.93221712112427
1834.0 95.83822298049927
1835.0 95.35429525375366
1836.0 95.29750680923462
1837.0 95.30950355529785
1838.0 94.55382919311523
1839.0 94.68806171417236
