1.0 14.343221664428711
2.0 14.323099195957184
3.0 14.321677833795547
4.0 14.342467218637466
5.0 14.308583825826645
6.0 14.322800070047379
7.0 14.333997637033463
8.0 14.333057194948196
9.0 14.413925170898438
10.0 14.35996824502945
11.0 14.471750944852829
12.0 14.488520681858063
13.0 14.484484374523163
14.0 14.49060708284378
15.0 14.528872340917587
16.0 14.527989745140076
17.0 14.492788702249527
18.0 14.505400031805038
19.0 14.496686309576035
20.0 14.526315033435822
21.0 14.47795820236206
22.0 14.511294305324554
23.0 14.545519471168518
24.0 14.541164487600327
25.0 14.565024644136429
26.0 14.632539749145508
27.0 14.663947701454163
28.0 14.69019678235054
29.0 14.64714229106903
30.0 14.618773609399796
31.0 14.610525876283646
32.0 14.644247978925705
33.0 14.640460819005966
34.0 14.633953124284744
35.0 14.57111269235611
36.0 14.575386703014374
37.0 14.566926121711731
38.0 14.529602766036987
39.0 14.498253524303436
40.0 14.52854597568512
41.0 14.483148604631424
42.0 14.453784257173538
43.0 14.444112449884415
44.0 14.468607395887375
45.0 14.528212875127792
46.0 14.52628219127655
47.0 14.520139455795288
48.0 14.552697837352753
49.0 14.549271672964096
50.0 14.577254503965378
51.0 14.661075323820114
52.0 14.642250895500183
53.0 14.655576407909393
54.0 14.693468451499939
55.0 14.680022954940796
56.0 14.690421849489212
57.0 14.679749339818954
58.0 14.697265148162842
59.0 14.7316133081913
60.0 14.722614020109177
61.0 14.658002704381943
62.0 14.599276185035706
63.0 14.543142139911652
64.0 14.51094126701355
65.0 14.525623470544815
66.0 14.553229451179504
67.0 14.547715872526169
68.0 14.533820867538452
69.0 14.5302215218544
70.0 14.500550836324692
71.0 14.443594425916672
72.0 14.462186694145203
73.0 14.448939055204391
74.0 14.430687546730042
75.0 14.38946983218193
76.0 14.39442965388298
77.0 14.404643416404724
78.0 14.431448191404343
79.0 14.40602833032608
80.0 14.407302260398865
81.0 14.406413316726685
82.0 14.399385660886765
83.0 14.448289424180984
84.0 14.514170050621033
85.0 14.489757627248764
86.0 14.47690287232399
87.0 14.45033586025238
88.0 14.483013421297073
89.0 14.548160403966904
90.0 14.549153506755829
91.0 14.56144917011261
92.0 14.575646221637726
93.0 14.583032041788101
94.0 14.60054212808609
95.0 14.666313827037811
96.0 14.712257325649261
97.0 14.709138542413712
98.0 14.71993201971054
99.0 14.691785097122192
100.0 14.697282165288925
101.0 14.706083178520203
102.0 14.73636507987976
103.0 14.732176899909973
104.0 14.710974961519241
105.0 14.692163974046707
106.0 14.652488976716995
107.0 14.651382327079773
108.0 14.67506667971611
109.0 14.666377931833267
110.0 14.709860473871231
111.0 14.687203764915466
112.0 14.682892680168152
113.0 14.705636024475098
114.0 14.68766114115715
115.0 14.722955286502838
116.0 14.760216861963272
117.0 14.78394928574562
118.0 14.729653000831604
119.0 14.763003021478653
120.0 14.805628329515457
121.0 14.813403099775314
122.0 14.79491612315178
123.0 14.81512787938118
124.0 14.80745080113411
125.0 14.796508103609085
126.0 14.788743406534195
127.0 14.758284777402878
128.0 14.826174080371857
129.0 14.713821798563004
130.0 14.63894334435463
131.0 14.606738060712814
132.0 14.500414490699768
133.0 14.465534061193466
134.0 14.453276425600052
135.0 14.477826803922653
136.0 14.479781866073608
137.0 14.455522418022156
138.0 14.466885775327682
139.0 14.466033607721329
140.0 14.466130435466766
141.0 14.50097244977951
142.0 14.519280642271042
143.0 14.474767535924911
144.0 14.519219785928726
145.0 14.562035858631134
146.0 14.547820657491684
147.0 14.46588784456253
148.0 14.421094596385956
149.0 14.398074209690094
150.0 14.354156076908112
151.0 14.263110160827637
152.0 14.176647990942001
153.0 14.172895967960358
154.0 14.09933254122734
155.0 13.984151065349579
156.0 13.972360998392105
157.0 13.927113026380539
158.0 13.930792480707169
159.0 13.907242864370346
160.0 13.982812225818634
161.0 13.991721510887146
162.0 13.988670080900192
163.0 13.998462408781052
164.0 13.977741181850433
165.0 13.97240436077118
166.0 14.025923758745193
167.0 14.02789318561554
168.0 14.032511979341507
169.0 14.038037955760956
170.0 14.011475950479507
171.0 14.027992278337479
172.0 14.027093201875687
173.0 14.070124059915543
174.0 14.081604033708572
175.0 14.058380246162415
176.0 14.05182147026062
177.0 14.04277491569519
178.0 13.978463023900986
179.0 13.922007352113724
180.0 13.905802458524704
181.0 13.892130970954895
182.0 13.851884573698044
183.0 13.878417521715164
184.0 13.906209290027618
185.0 13.882509469985962
186.0 13.884167551994324
187.0 13.883219420909882
188.0 13.867930978536606
189.0 13.844453066587448
190.0 13.846629589796066
191.0 13.81806367635727
192.0 13.81273102760315
193.0 13.843326568603516
194.0 13.817743360996246
195.0 13.817353934049606
196.0 13.800880402326584
197.0 13.803600490093231
198.0 13.775861740112305
199.0 13.771572679281235
200.0 13.795700132846832
201.0 13.867636442184448
202.0 13.883107841014862
203.0 13.892857432365417
204.0 13.889104694128036
205.0 13.825963646173477
206.0 13.819462269544601
207.0 13.801366865634918
208.0 13.796199589967728
209.0 13.75691944360733
210.0 13.74599313735962
211.0 13.689776986837387
212.0 13.692155003547668
213.0 13.701167404651642
214.0 13.685685068368912
215.0 13.681203454732895
216.0 13.676476925611496
217.0 13.622477263212204
218.0 13.654686361551285
219.0 13.667947202920914
220.0 13.702661514282227
221.0 13.73203557729721
222.0 13.736423939466476
223.0 13.74769639968872
224.0 13.76589834690094
225.0 13.797167092561722
226.0 13.804605692625046
227.0 13.827767223119736
228.0 13.858889132738113
229.0 13.852904886007309
230.0 13.838386595249176
231.0 13.838617771863937
232.0 13.83351954817772
233.0 13.84571260213852
234.0 13.861735582351685
235.0 13.839547038078308
236.0 13.845023691654205
237.0 13.863983899354935
238.0 13.84956669807434
239.0 13.892088443040848
240.0 13.921096444129944
241.0 13.923511743545532
242.0 13.889842450618744
243.0 13.845236510038376
244.0 13.753935664892197
245.0 13.726975739002228
246.0 13.684685200452805
247.0 13.647273749113083
248.0 13.635908961296082
249.0 13.597641706466675
250.0 13.566832900047302
251.0 13.510912597179413
252.0 13.506166189908981
253.0 13.4408740401268
254.0 13.363429456949234
255.0 13.350075483322144
256.0 13.310091435909271
257.0 13.29791197180748
258.0 13.302278935909271
259.0 13.338733315467834
260.0 13.355987131595612
261.0 13.344989597797394
262.0 13.347306877374649
263.0 13.377646803855896
264.0 13.408199608325958
265.0 13.40978941321373
266.0 13.421903997659683
267.0 13.410340696573257
268.0 13.427675127983093
269.0 13.504316985607147
270.0 13.576006770133972
271.0 13.58402794599533
272.0 13.649778366088867
273.0 13.662295639514923
274.0 13.715025782585144
275.0 13.724646151065826
276.0 13.786048293113708
277.0 13.816353589296341
278.0 13.845441102981567
279.0 13.897011458873749
280.0 13.841841995716095
281.0 13.83196160197258
282.0 13.843874156475067
283.0 13.90233364701271
284.0 13.916256368160248
285.0 13.940867394208908
286.0 13.981545627117157
287.0 13.96627101302147
288.0 14.00043272972107
289.0 14.014759927988052
290.0 14.073044687509537
291.0 14.075404644012451
292.0 14.075526118278503
293.0 14.02956536412239
294.0 14.028906345367432
295.0 14.049672663211823
296.0 14.095997512340546
297.0 14.110588937997818
298.0 14.07881036400795
299.0 14.161051034927368
300.0 14.155747890472412
301.0 14.224149465560913
302.0 14.214328110218048
303.0 14.16897651553154
304.0 14.172494977712631
305.0 14.168582171201706
306.0 14.120586067438126
307.0 14.154603660106659
308.0 14.203019469976425
309.0 14.210230737924576
310.0 14.215186297893524
311.0 14.201594978570938
312.0 14.19170132279396
313.0 14.159879952669144
314.0 14.119500368833542
315.0 14.126573652029037
316.0 14.093751966953278
317.0 14.032030433416367
318.0 14.01060163974762
319.0 14.001630991697311
320.0 13.994045406579971
321.0 13.99050921201706
322.0 13.99070292711258
323.0 13.982455641031265
324.0 13.993307143449783
325.0 14.028365314006805
326.0 13.9353107213974
327.0 13.900824546813965
328.0 13.913854092359543
329.0 13.854312390089035
330.0 13.79909172654152
331.0 13.76840254664421
332.0 13.74588668346405
333.0 13.773188441991806
334.0 13.77826502919197
335.0 13.80022817850113
336.0 13.761042773723602
337.0 13.771978855133057
338.0 13.83076599240303
339.0 13.839828193187714
340.0 13.9039326608181
341.0 13.94886365532875
342.0 14.02908119559288
343.0 14.136736869812012
344.0 14.19050258398056
345.0 14.262796372175217
346.0 14.322323471307755
347.0 14.380052536725998
348.0 14.378325790166855
349.0 14.336716741323471
350.0 14.288032174110413
351.0 14.231386929750443
352.0 14.182093024253845
353.0 14.09427785873413
354.0 14.080653101205826
355.0 14.067589581012726
356.0 14.110426008701324
357.0 14.085079491138458
358.0 14.055447459220886
359.0 14.052577316761017
360.0 13.990955799818039
361.0 13.960434913635254
362.0 13.863517314195633
363.0 13.765431851148605
364.0 13.751630663871765
365.0 13.66352927684784
366.0 13.595675438642502
367.0 13.595832735300064
368.0 13.637738168239594
369.0 13.622938126325607
370.0 13.676220387220383
371.0 13.614141672849655
372.0 13.62084636092186
373.0 13.62457999587059
374.0 13.665994822978973
375.0 13.650790125131607
376.0 13.670283496379852
377.0 13.676916271448135
378.0 13.68007841706276
379.0 13.675440937280655
380.0 13.633898943662643
381.0 13.566773533821106
382.0 13.54834258556366
383.0 13.549462586641312
384.0 13.505110770463943
385.0 13.46243280172348
386.0 13.449261248111725
387.0 13.396381497383118
388.0 13.353517919778824
389.0 13.367875009775162
390.0 13.324400424957275
391.0 13.295585960149765
392.0 13.309158682823181
393.0 13.305362850427628
394.0 13.31757453083992
395.0 13.319196343421936
396.0 13.264347076416016
397.0 13.204990208148956
398.0 13.19275763630867
399.0 13.148357570171356
400.0 13.110951244831085
401.0 13.061889111995697
402.0 12.996629238128662
403.0 12.942821830511093
404.0 12.893267780542374
405.0 12.800192087888718
406.0 12.74035593867302
407.0 12.727510005235672
408.0 12.687612533569336
409.0 12.580772459506989
410.0 12.529680043458939
411.0 12.445120185613632
412.0 12.41151449084282
413.0 12.318307399749756
414.0 12.322660714387894
415.0 12.37920293211937
416.0 12.432185739278793
417.0 12.444728881120682
418.0 12.439677238464355
419.0 12.502108544111252
420.0 12.491672366857529
421.0 12.543154656887054
422.0 12.53869554400444
423.0 12.561107486486435
424.0 12.572839677333832
425.0 12.572107076644897
426.0 12.587454587221146
427.0 12.564658343791962
428.0 12.552291452884674
429.0 12.485234916210175
430.0 12.445650070905685
431.0 12.410401463508606
432.0 12.402087092399597
433.0 12.387351423501968
434.0 12.369222521781921
435.0 12.366061419248581
436.0 12.315458178520203
437.0 12.311556786298752
438.0 12.298632204532623
439.0 12.263765037059784
440.0 12.192573696374893
441.0 12.082819521427155
442.0 12.086399763822556
443.0 12.093977928161621
444.0 12.09248173236847
445.0 12.05999368429184
446.0 12.061314761638641
447.0 12.072484225034714
448.0 12.10136991739273
449.0 12.085777521133423
450.0 12.0932697057724
451.0 12.085365772247314
452.0 12.09916266798973
453.0 12.131176352500916
454.0 12.143994152545929
455.0 12.152203679084778
456.0 12.188142538070679
457.0 12.264522224664688
458.0 12.282636851072311
459.0 12.291782677173615
460.0 12.281424075365067
461.0 12.244313687086105
462.0 12.20984548330307
463.0 12.176184356212616
464.0 12.203037470579147
465.0 12.172379046678543
466.0 12.147307097911835
467.0 12.161026746034622
468.0 12.210240870714188
469.0 12.262484818696976
470.0 12.25080731511116
471.0 12.247775495052338
472.0 12.181574523448944
473.0 12.125186175107956
474.0 12.15746483206749
475.0 12.179523587226868
476.0 12.17105370759964
477.0 12.203228235244751
478.0 12.280519038438797
479.0 12.290127336978912
480.0 12.287005841732025
481.0 12.32631441950798
482.0 12.3663030564785
483.0 12.391906708478928
484.0 12.406185746192932
485.0 12.469840198755264
486.0 12.536646246910095
487.0 12.554191201925278
488.0 12.593486458063126
489.0 12.588892430067062
490.0 12.632307916879654
491.0 12.633055299520493
492.0 12.635394126176834
493.0 12.67331936955452
494.0 12.701927840709686
495.0 12.733160227537155
496.0 12.752328276634216
497.0 12.775130957365036
498.0 12.771865963935852
499.0 12.78626948595047
500.0 12.835187524557114
501.0 12.86219510436058
502.0 12.863019078969955
503.0 12.818983316421509
504.0 12.809134364128113
505.0 12.77608409523964
506.0 12.726033091545105
507.0 12.662523686885834
508.0 12.66492846608162
509.0 12.666533291339874
510.0 12.661040276288986
511.0 12.653791517019272
512.0 12.605813592672348
513.0 12.636861115694046
514.0 12.598644375801086
515.0 12.64898008108139
516.0 12.631324082612991
517.0 12.538916498422623
518.0 12.563862949609756
519.0 12.584146231412888
520.0 12.5881929397583
521.0 12.543663442134857
522.0 12.537491410970688
523.0 12.443162500858307
524.0 12.360535651445389
525.0 12.282907873392105
526.0 12.203031748533249
527.0 12.108769029378891
528.0 12.049393475055695
529.0 12.025295168161392
530.0 11.975305736064911
531.0 11.968940615653992
532.0 11.901742279529572
533.0 11.895880430936813
534.0 11.853106707334518
535.0 11.75243616104126
536.0 11.717780441045761
537.0 11.678456902503967
538.0 11.640034168958664
539.0 11.625095963478088
540.0 11.589191883802414
541.0 11.550425261259079
542.0 11.485497117042542
543.0 11.471807152032852
544.0 11.432324141263962
545.0 11.38253539800644
546.0 11.31919127702713
547.0 11.27815356850624
548.0 11.199384301900864
549.0 11.098802089691162
550.0 11.075283378362656
551.0 11.031880587339401
552.0 11.02840793132782
553.0 11.058768779039383
554.0 11.094708859920502
555.0 11.142173647880554
556.0 11.11964836716652
557.0 11.100731700658798
558.0 11.069634199142456
559.0 11.079138457775116
560.0 11.053271800279617
561.0 11.045941561460495
562.0 11.013792097568512
563.0 10.991230905056
564.0 10.987738221883774
565.0 10.9887535572052
566.0 10.999363213777542
567.0 11.031607151031494
568.0 11.055521488189697
569.0 11.073979705572128
570.0 11.101508051156998
571.0 11.190584301948547
572.0 11.22431555390358
573.0 11.267017364501953
574.0 11.277267068624496
575.0 11.261479496955872
576.0 11.291498720645905
577.0 11.290195226669312
578.0 11.236273169517517
579.0 11.24997678399086
580.0 11.209886640310287
581.0 11.166226387023926
582.0 11.167318969964981
583.0 11.179482579231262
584.0 11.23216512799263
585.0 11.240064531564713
586.0 11.227994412183762
587.0 11.250019609928131
588.0 11.290953129529953
589.0 11.29542350769043
590.0 11.308804124593735
591.0 11.374910712242126
592.0 11.4066202044487
593.0 11.438025265932083
594.0 11.465832740068436
595.0 11.475694447755814
596.0 11.49913102388382
597.0 11.530076920986176
598.0 11.565256178379059
599.0 11.580701440572739
600.0 11.556463092565536
601.0 11.584433436393738
602.0 11.56995114684105
603.0 11.636035412549973
604.0 11.6580890417099
605.0 11.631520718336105
606.0 11.557448774576187
607.0 11.51443675160408
608.0 11.521677821874619
609.0 11.513177514076233
610.0 11.521219789981842
611.0 11.539808928966522
612.0 11.471473008394241
613.0 11.409239143133163
614.0 11.349802732467651
615.0 11.28428190946579
616.0 11.179175585508347
617.0 11.180179566144943
618.0 11.16089352965355
619.0 11.174181938171387
620.0 11.18285608291626
621.0 11.204021483659744
622.0 11.154594153165817
623.0 11.090578883886337
624.0 11.067787855863571
625.0 10.999023467302322
626.0 10.945818543434143
627.0 10.855342030525208
628.0 10.748732686042786
629.0 10.655320942401886
630.0 10.56144106388092
631.0 10.474072426557541
632.0 10.498078286647797
633.0 10.501714885234833
634.0 10.499520182609558
635.0 10.489829868078232
636.0 10.47231262922287
637.0 10.408392488956451
638.0 10.310166090726852
639.0 10.29971158504486
640.0 10.268111050128937
641.0 10.220364302396774
642.0 10.200395673513412
643.0 10.138702273368835
644.0 10.040413469076157
645.0 10.002305805683136
646.0 9.950831055641174
647.0 9.948509603738785
648.0 9.94255217909813
649.0 9.906772315502167
650.0 9.876376509666443
651.0 9.793567478656769
652.0 9.766865462064743
653.0 9.760309278964996
654.0 9.750031173229218
655.0 9.676540404558182
656.0 9.61468181014061
657.0 9.55436435341835
658.0 9.503217101097107
659.0 9.497585088014603
660.0 9.474738717079163
661.0 9.43550181388855
662.0 9.409662932157516
663.0 9.422664999961853
664.0 9.406601279973984
665.0 9.405908942222595
666.0 9.353173404932022
667.0 9.236394226551056
668.0 9.160777807235718
669.0 9.090449422597885
670.0 9.05579623579979
671.0 8.98656478524208
672.0 8.918817639350891
673.0 8.902010411024094
674.0 8.850233674049377
675.0 8.754835546016693
676.0 8.718817710876465
677.0 8.645024210214615
678.0 8.615930616855621
679.0 8.578127562999725
680.0 8.551712274551392
681.0 8.475142359733582
682.0 8.438576191663742
683.0 8.414199709892273
684.0 8.37198781967163
685.0 8.378945231437683
686.0 8.362875699996948
687.0 8.372425317764282
688.0 8.437110155820847
689.0 8.404375672340393
690.0 8.392843097448349
691.0 8.422516375780106
692.0 8.451346695423126
693.0 8.435469031333923
694.0 8.381721496582031
695.0 8.404075980186462
696.0 8.425814986228943
697.0 8.444002479314804
698.0 8.493458926677704
699.0 8.52191773056984
700.0 8.49977120757103
701.0 8.605144083499908
702.0 8.64118617773056
703.0 8.70599228143692
704.0 8.73775652050972
705.0 8.782500654459
706.0 8.844125747680664
707.0 8.963894665241241
708.0 9.002712786197662
709.0 9.065633058547974
710.0 9.096153140068054
711.0 9.176039576530457
712.0 9.20536857843399
713.0 9.276009321212769
714.0 9.271465003490448
715.0 9.29226690530777
716.0 9.324017405509949
717.0 9.35996961593628
718.0 9.419340670108795
719.0 9.481670588254929
720.0 9.447210639715195
721.0 9.492510199546814
722.0 9.508968025445938
723.0 9.516047805547714
724.0 9.479169517755508
725.0 9.482718795537949
726.0 9.461171805858612
727.0 9.444713681936264
728.0 9.456702798604965
729.0 9.420027405023575
730.0 9.406538873910904
731.0 9.33308607339859
732.0 9.34406292438507
733.0 9.32713270187378
734.0 9.342528194189072
735.0 9.36639267206192
736.0 9.386240988969803
737.0 9.38582244515419
738.0 9.370764970779419
739.0 9.375431507825851
740.0 9.42878144979477
741.0 9.450200945138931
742.0 9.469026625156403
743.0 9.500462651252747
744.0 9.517777472734451
745.0 9.479220032691956
746.0 9.48372569680214
747.0 9.495710909366608
748.0 9.446854203939438
749.0 9.420801430940628
750.0 9.383347272872925
751.0 9.360514283180237
752.0 9.351321816444397
753.0 9.362244099378586
754.0 9.312461167573929
755.0 9.246225148439407
756.0 9.20291143655777
757.0 9.179550379514694
758.0 9.169466197490692
759.0 9.17232671380043
760.0 9.161599606275558
761.0 9.146864861249924
762.0 9.143750697374344
763.0 9.118516147136688
764.0 9.123730629682541
765.0 9.109538316726685
766.0 9.084617167711258
767.0 9.074938207864761
768.0 9.04727616906166
769.0 9.070014864206314
770.0 9.06405109167099
771.0 9.107712835073471
772.0 9.073335826396942
773.0 9.054056197404861
774.0 9.058819949626923
775.0 9.067583501338959
776.0 9.032465934753418
777.0 9.0280122756958
778.0 9.03664344549179
779.0 9.051155090332031
780.0 9.079857617616653
781.0 9.074653148651123
782.0 9.101959109306335
783.0 9.129167020320892
784.0 9.14727234840393
785.0 9.151127874851227
786.0 9.17416062951088
787.0 9.235191822052002
788.0 9.262619227170944
789.0 9.30853658914566
790.0 9.385026574134827
791.0 9.466248601675034
792.0 9.519682377576828
793.0 9.539083003997803
794.0 9.56130737066269
795.0 9.615397930145264
796.0 9.65097662806511
797.0 9.659745126962662
798.0 9.706146895885468
799.0 9.76592281460762
800.0 9.815027356147766
801.0 9.918823689222336
802.0 9.899035453796387
803.0 9.887025654315948
804.0 9.95512044429779
805.0 10.003712475299835
806.0 10.050146162509918
807.0 10.104961425065994
808.0 10.1497363448143
809.0 10.227841585874557
810.0 10.303313463926315
811.0 10.34064182639122
812.0 10.374853909015656
813.0 10.411806166172028
814.0 10.46200442314148
815.0 10.476769417524338
816.0 10.489645928144455
817.0 10.49132189154625
818.0 10.479562312364578
819.0 10.516436129808426
820.0 10.532911509275436
821.0 10.546169251203537
822.0 10.577071487903595
823.0 10.581082701683044
824.0 10.638385534286499
825.0 10.67173820734024
826.0 10.71293231844902
827.0 10.765151411294937
828.0 10.76950290799141
829.0 10.73978015780449
830.0 10.760398983955383
831.0 10.8744156062603
832.0 10.90725314617157
833.0 10.909947127103806
834.0 10.897685289382935
835.0 10.891269773244858
836.0 10.86174488067627
837.0 10.912518382072449
838.0 10.887503236532211
839.0 10.863603979349136
840.0 10.87853017449379
841.0 10.883855104446411
842.0 10.86441096663475
843.0 10.896147221326828
844.0 10.90053191781044
845.0 10.959024012088776
846.0 10.963135719299316
847.0 10.97351649403572
848.0 10.966174125671387
849.0 11.033281862735748
850.0 11.074494481086731
851.0 11.095305055379868
852.0 11.138688385486603
853.0 11.145954251289368
854.0 11.238635301589966
855.0 11.279799729585648
856.0 11.265614688396454
857.0 11.25146833062172
858.0 11.28306668996811
859.0 11.296282082796097
860.0 11.293281525373459
861.0 11.283555001020432
862.0 11.28999349474907
863.0 11.295431941747665
864.0 11.326797902584076
865.0 11.363795071840286
866.0 11.35807180404663
867.0 11.375230222940445
868.0 11.395484834909439
869.0 11.38487783074379
870.0 11.411037802696228
871.0 11.433209925889969
872.0 11.410202294588089
873.0 11.341354608535767
874.0 11.331350088119507
875.0 11.299324095249176
876.0 11.276134938001633
877.0 11.249189108610153
878.0 11.210934519767761
879.0 11.2176913022995
880.0 11.219618201255798
881.0 11.225639343261719
882.0 11.19765430688858
883.0 11.20770314335823
884.0 11.212154418230057
885.0 11.188138633966446
886.0 11.212032526731491
887.0 11.188902199268341
888.0 11.183813899755478
889.0 11.21077698469162
890.0 11.17797914147377
891.0 11.162582963705063
892.0 11.193584531545639
893.0 11.19411426782608
894.0 11.255446344614029
895.0 11.282863557338715
896.0 11.29980081319809
897.0 11.309108465909958
898.0 11.36602520942688
899.0 11.402075618505478
900.0 11.426689237356186
901.0 11.433432787656784
902.0 11.508691281080246
903.0 11.570651113986969
904.0 11.622206270694733
905.0 11.66916412115097
906.0 11.709892839193344
907.0 11.718880772590637
908.0 11.722489446401596
909.0 11.723212331533432
910.0 11.75876322388649
911.0 11.791056096553802
912.0 11.778751820325851
913.0 11.811761438846588
914.0 11.823781698942184
915.0 11.806914657354355
916.0 11.864142507314682
917.0 11.872531741857529
918.0 11.844271510839462
919.0 11.837509095668793
920.0 11.871501505374908
921.0 11.899560809135437
922.0 11.932508051395416
923.0 11.993955045938492
924.0 12.006473809480667
925.0 11.979627847671509
926.0 11.98519054055214
927.0 11.962378084659576
928.0 11.95538467168808
929.0 11.97580561041832
930.0 12.003828227519989
931.0 12.048841506242752
932.0 12.07702550292015
933.0 12.082725167274475
934.0 12.083628058433533
935.0 12.132912129163742
936.0 12.179788738489151
937.0 12.211307764053345
938.0 12.237279564142227
939.0 12.293043106794357
940.0 12.34918761253357
941.0 12.390012621879578
942.0 12.411994129419327
943.0 12.448686748743057
944.0 12.443853795528412
945.0 12.447243511676788
946.0 12.45426121354103
947.0 12.488907247781754
948.0 12.492669135332108
949.0 12.533485531806946
950.0 12.57945716381073
951.0 12.611111670732498
952.0 12.591155856847763
953.0 12.56398269534111
954.0 12.527927219867706
955.0 12.523570656776428
956.0 12.451879411935806
957.0 12.449214518070221
958.0 12.441232681274414
959.0 12.41453143954277
960.0 12.37219524383545
961.0 12.388489812612534
962.0 12.378526598215103
963.0 12.317127764225006
964.0 12.305516690015793
965.0 12.322347670793533
966.0 12.367708772420883
967.0 12.367935568094254
968.0 12.342284142971039
969.0 12.299402564764023
970.0 12.286242842674255
971.0 12.243091851472855
972.0 12.206121325492859
973.0 12.139367192983627
974.0 12.104962438344955
975.0 12.097178518772125
976.0 12.077731132507324
977.0 12.085751414299011
978.0 12.057962238788605
979.0 12.059304475784302
980.0 12.072627902030945
981.0 12.098727345466614
982.0 12.13761967420578
983.0 12.140082985162735
984.0 12.172759354114532
985.0 12.221873104572296
986.0 12.251354485750198
987.0 12.284909754991531
988.0 12.285875141620636
989.0 12.328973025083542
990.0 12.359147071838379
991.0 12.360810399055481
992.0 12.441524684429169
993.0 12.508576571941376
994.0 12.53493869304657
995.0 12.573833405971527
996.0 12.610095769166946
997.0 12.652034521102905
998.0 12.616978257894516
999.0 12.556597471237183
1000.0 12.546394526958466
1001.0 12.564536094665527
1002.0 12.526174992322922
1003.0 12.560972839593887
1004.0 12.588774263858795
1005.0 12.647922456264496
1006.0 12.670145809650421
1007.0 12.700627744197845
1008.0 12.728493750095367
1009.0 12.7426136136055
1010.0 12.777100503444672
1011.0 12.84200182557106
1012.0 12.885921508073807
1013.0 12.868921846151352
1014.0 12.848845511674881
1015.0 12.88357201218605
1016.0 12.839815258979797
1017.0 12.752172231674194
1018.0 12.700471341609955
1019.0 12.678935527801514
1020.0 12.667889654636383
1021.0 12.679915130138397
1022.0 12.707408487796783
1023.0 12.762914508581161
1024.0 12.870545148849487
1025.0 12.913839966058731
1026.0 12.902361184358597
1027.0 12.963532537221909
1028.0 13.0358384847641
1029.0 13.128426998853683
1030.0 13.243554264307022
1031.0 13.373742043972015
1032.0 13.407132178544998
1033.0 13.5022853910923
1034.0 13.603646457195282
1035.0 13.608547121286392
1036.0 13.616755694150925
1037.0 13.664908289909363
1038.0 13.743451833724976
1039.0 13.741419464349747
1040.0 13.75938692688942
1041.0 13.76093664765358
1042.0 13.820439279079437
1043.0 13.772682338953018
1044.0 13.744494080543518
1045.0 13.739390254020691
1046.0 13.735975801944733
1047.0 13.794162720441818
1048.0 13.740069210529327
1049.0 13.739718049764633
1050.0 13.721102833747864
1051.0 13.709289312362671
1052.0 13.702108770608902
1053.0 13.703084707260132
1054.0 13.72825688123703
1055.0 13.77963787317276
1056.0 13.781224012374878
1057.0 13.830105751752853
1058.0 13.770882725715637
1059.0 13.712134569883347
1060.0 13.699921697378159
1061.0 13.685682117938995
1062.0 13.685527920722961
1063.0 13.694181025028229
1064.0 13.685378760099411
1065.0 13.699743896722794
1066.0 13.747606724500656
1067.0 13.717811048030853
1068.0 13.726822912693024
1069.0 13.736589401960373
1070.0 13.76397693157196
1071.0 13.752587139606476
1072.0 13.77265179157257
1073.0 13.811007142066956
1074.0 13.807782858610153
1075.0 13.806211143732071
1076.0 13.811170250177383
1077.0 13.83228987455368
1078.0 13.827195316553116
1079.0 13.820117056369781
1080.0 13.785058975219727
1081.0 13.76968801021576
1082.0 13.738967567682266
1083.0 13.717893302440643
1084.0 13.746366322040558
1085.0 13.721361994743347
1086.0 13.713178932666779
1087.0 13.76175919175148
1088.0 13.769955813884735
1089.0 13.755437463521957
1090.0 13.761289924383163
1091.0 13.80460411310196
1092.0 13.824132531881332
1093.0 13.83875247836113
1094.0 13.82970380783081
1095.0 13.852674216032028
1096.0 13.828434318304062
1097.0 13.807234436273575
1098.0 13.83450672030449
1099.0 13.81343811750412
1100.0 13.787980794906616
1101.0 13.79554170370102
1102.0 13.775274842977524
1103.0 13.797319233417511
1104.0 13.798247218132019
1105.0 13.823187589645386
1106.0 13.80186077952385
1107.0 13.852035909891129
1108.0 13.902342140674591
1109.0 13.95142775774002
1110.0 13.997088134288788
1111.0 14.030086487531662
1112.0 14.055711686611176
1113.0 14.084175109863281
1114.0 14.116525262594223
1115.0 14.179826617240906
1116.0 14.239794045686722
1117.0 14.266570568084717
1118.0 14.338204950094223
1119.0 14.41982364654541
1120.0 14.452462613582611
1121.0 14.464212745428085
1122.0 14.491076022386551
1123.0 14.497863858938217
1124.0 14.525693356990814
1125.0 14.516799628734589
1126.0 14.51824027299881
1127.0 14.547971844673157
1128.0 14.55038395524025
1129.0 14.571262568235397
1130.0 14.610515058040619
1131.0 14.642902672290802
1132.0 14.726918518543243
1133.0 14.686493694782257
1134.0 14.706625908613205
1135.0 14.804205179214478
1136.0 14.784980744123459
1137.0 14.77092769742012
1138.0 14.818712592124939
1139.0 14.819879710674286
1140.0 14.82220596075058
1141.0 14.899040013551712
1142.0 14.824901521205902
1143.0 14.785784274339676
1144.0 14.802985280752182
1145.0 14.753126502037048
1146.0 14.748249888420105
1147.0 14.695049911737442
1148.0 14.703416466712952
1149.0 14.67306661605835
1150.0 14.671924024820328
1151.0 14.625268250703812
1152.0 14.616101831197739
1153.0 14.609294146299362
1154.0 14.591687500476837
1155.0 14.631275653839111
1156.0 14.649791359901428
1157.0 14.633228182792664
1158.0 14.681693583726883
1159.0 14.676595091819763
1160.0 14.715752303600311
1161.0 14.704977631568909
1162.0 14.720955312252045
1163.0 14.72044724225998
1164.0 14.707820177078247
1165.0 14.670915365219116
1166.0 14.679795861244202
1167.0 14.684561431407928
1168.0 14.712998181581497
1169.0 14.645272970199585
1170.0 14.64887136220932
1171.0 14.646849811077118
1172.0 14.645147919654846
1173.0 14.598879873752594
1174.0 14.618761003017426
1175.0 14.56013959646225
1176.0 14.567900329828262
1177.0 14.570723503828049
1178.0 14.507734268903732
1179.0 14.552470207214355
1180.0 14.493871033191681
1181.0 14.451448053121567
1182.0 14.471154630184174
1183.0 14.481846421957016
1184.0 14.445730715990067
1185.0 14.438588857650757
1186.0 14.482286214828491
1187.0 14.472570151090622
1188.0 14.454592287540436
1189.0 14.513886630535126
1190.0 14.574274569749832
1191.0 14.619170516729355
1192.0 14.613756626844406
1193.0 14.577695310115814
1194.0 14.54211813211441
1195.0 14.611668705940247
1196.0 14.632854402065277
1197.0 14.627332210540771
1198.0 14.682405412197113
1199.0 14.734695672988892
1200.0 14.694983184337616
1201.0 14.70987582206726
1202.0 14.719452828168869
1203.0 14.73538288474083
1204.0 14.790371119976044
1205.0 14.776667475700378
1206.0 14.728947550058365
1207.0 14.682259172201157
1208.0 14.688698709011078
1209.0 14.690130174160004
1210.0 14.685550451278687
1211.0 14.64403510093689
1212.0 14.58177274465561
1213.0 14.599325716495514
1214.0 14.565944582223892
1215.0 14.538619190454483
1216.0 14.516796857118607
1217.0 14.444235682487488
1218.0 14.382730841636658
1219.0 14.349138140678406
1220.0 14.326962441205978
1221.0 14.25718840956688
1222.0 14.192478150129318
1223.0 14.126330971717834
1224.0 14.070304334163666
1225.0 14.034358948469162
1226.0 14.018647015094757
1227.0 14.027629882097244
1228.0 13.977380484342575
1229.0 13.94816067814827
1230.0 13.935983061790466
1231.0 13.866819590330124
1232.0 13.846605718135834
1233.0 13.875403106212616
1234.0 13.834306210279465
1235.0 13.780833214521408
1236.0 13.752228677272797
1237.0 13.731508433818817
1238.0 13.731547087430954
1239.0 13.72345182299614
1240.0 13.71586760878563
1241.0 13.712274551391602
1242.0 13.730035334825516
1243.0 13.708527326583862
1244.0 13.635058283805847
1245.0 13.574181258678436
1246.0 13.51075965166092
1247.0 13.415413200855255
1248.0 13.39360398054123
1249.0 13.418018251657486
1250.0 13.39455983042717
1251.0 13.399735867977142
1252.0 13.390949577093124
1253.0 13.414774477481842
1254.0 13.434968203306198
1255.0 13.426375925540924
1256.0 13.391842901706696
1257.0 13.301427125930786
1258.0 13.296790093183517
1259.0 13.263707399368286
1260.0 13.181366503238678
1261.0 13.09362879395485
1262.0 13.016691029071808
1263.0 12.948934376239777
1264.0 12.884197354316711
1265.0 12.921533793210983
1266.0 12.888499915599823
1267.0 12.859767079353333
1268.0 12.897765129804611
1269.0 12.93159806728363
1270.0 13.002145826816559
1271.0 13.10541746020317
1272.0 13.138889402151108
1273.0 13.197645872831345
1274.0 13.319617569446564
1275.0 13.36062777042389
1276.0 13.402727216482162
1277.0 13.444246977567673
1278.0 13.44394075870514
1279.0 13.386196196079254
1280.0 13.350417584180832
1281.0 13.30368983745575
1282.0 13.323176145553589
1283.0 13.273313999176025
1284.0 13.246711671352386
1285.0 13.268528997898102
1286.0 13.286010414361954
1287.0 13.374451607465744
1288.0 13.399098575115204
1289.0 13.431139826774597
1290.0 13.497753739356995
1291.0 13.481151670217514
1292.0 13.476127207279205
1293.0 13.416382163763046
1294.0 13.389581978321075
1295.0 13.331561893224716
1296.0 13.321223646402359
1297.0 13.317858308553696
1298.0 13.32372760772705
1299.0 13.296582132577896
1300.0 13.304048836231232
1301.0 13.306948065757751
1302.0 13.228837817907333
1303.0 13.198814243078232
1304.0 13.191690325737
1305.0 13.180264085531235
1306.0 13.158904314041138
1307.0 13.119115471839905
1308.0 13.105973064899445
1309.0 13.08411505818367
1310.0 13.016923695802689
1311.0 13.032449632883072
1312.0 12.983985811471939
1313.0 12.976448476314545
1314.0 12.935669183731079
1315.0 12.847725182771683
1316.0 12.75828754901886
1317.0 12.725617170333862
1318.0 12.696906924247742
1319.0 12.673274248838425
1320.0 12.631263822317123
1321.0 12.603852659463882
1322.0 12.55747365951538
1323.0 12.58176675438881
1324.0 12.573846578598022
1325.0 12.526630610227585
1326.0 12.52266639471054
1327.0 12.520946681499481
1328.0 12.577637523412704
1329.0 12.624222874641418
1330.0 12.642089903354645
1331.0 12.71659106016159
1332.0 12.760022521018982
1333.0 12.77413421869278
1334.0 12.821494698524475
1335.0 12.854103237390518
1336.0 12.828666538000107
1337.0 12.81645542383194
1338.0 12.809870660305023
1339.0 12.739450246095657
1340.0 12.72053548693657
1341.0 12.694217413663864
1342.0 12.68220841884613
1343.0 12.670629799365997
1344.0 12.67949104309082
1345.0 12.637816160917282
1346.0 12.627768754959106
1347.0 12.570690840482712
1348.0 12.545167982578278
1349.0 12.495432823896408
1350.0 12.463296115398407
1351.0 12.358261525630951
1352.0 12.259397774934769
1353.0 12.166874915361404
1354.0 12.189264565706253
1355.0 12.167845338582993
1356.0 12.128078252077103
1357.0 12.102575808763504
1358.0 12.125231981277466
1359.0 12.131108313798904
1360.0 12.12256783246994
1361.0 12.13057017326355
1362.0 12.12345427274704
1363.0 12.090250790119171
1364.0 12.04275295138359
1365.0 12.011465311050415
1366.0 11.968407034873962
1367.0 11.952099919319153
1368.0 11.933439195156097
1369.0 11.965901643037796
1370.0 11.966898739337921
1371.0 11.938292652368546
1372.0 11.901713848114014
1373.0 11.91385966539383
1374.0 11.922483384609222
1375.0 11.948284238576889
1376.0 11.945142537355423
1377.0 11.992650806903839
1378.0 12.0129274725914
1379.0 12.00064668059349
1380.0 11.983975321054459
1381.0 11.988746374845505
1382.0 11.997644573450089
1383.0 12.027408093214035
1384.0 12.071601629257202
1385.0 12.107436299324036
1386.0 12.084204941987991
1387.0 12.10394760966301
1388.0 12.138305395841599
1389.0 12.09522733092308
1390.0 12.098369836807251
1391.0 12.08230522274971
1392.0 12.101205706596375
1393.0 12.12221622467041
1394.0 12.081558495759964
1395.0 12.046687185764313
1396.0 12.059621512889862
1397.0 12.060607135295868
1398.0 12.048204451799393
1399.0 12.049926459789276
1400.0 12.013252854347229
1401.0 12.010083109140396
1402.0 11.912449985742569
1403.0 11.860863268375397
1404.0 11.828311115503311
1405.0 11.763469338417053
1406.0 11.711631745100021
1407.0 11.70174515247345
1408.0 11.691692590713501
1409.0 11.688562393188477
1410.0 11.6764435172081
1411.0 11.64151668548584
1412.0 11.606592684984207
1413.0 11.556151658296585
1414.0 11.526142448186874
1415.0 11.485637843608856
1416.0 11.502972781658173
1417.0 11.472398549318314
1418.0 11.465794712305069
1419.0 11.424102067947388
1420.0 11.39203867316246
1421.0 11.361985981464386
1422.0 11.320706695318222
1423.0 11.290463298559189
1424.0 11.243464410305023
1425.0 11.230244100093842
1426.0 11.21188035607338
1427.0 11.187202423810959
1428.0 11.143752962350845
1429.0 10.994305849075317
1430.0 10.860520243644714
1431.0 10.800954133272171
1432.0 10.697833776473999
1433.0 10.611713111400604
1434.0 10.53250315785408
1435.0 10.490326762199402
1436.0 10.403682827949524
1437.0 10.381011098623276
1438.0 10.37116426229477
1439.0 10.33779090642929
1440.0 10.309161603450775
1441.0 10.2782621383667
1442.0 10.323649674654007
1443.0 10.314951390028
1444.0 10.286951094865799
1445.0 10.213246941566467
1446.0 10.194491744041443
1447.0 10.148707747459412
1448.0 10.183174431324005
1449.0 10.196075707674026
1450.0 10.224800914525986
1451.0 10.263758808374405
1452.0 10.230314940214157
1453.0 10.232115149497986
1454.0 10.230909258127213
1455.0 10.18971711397171
1456.0 10.118492126464844
1457.0 10.069286853075027
1458.0 9.993287324905396
1459.0 10.001816540956497
1460.0 9.960486114025116
1461.0 9.854988068342209
1462.0 9.79708844423294
1463.0 9.664218068122864
1464.0 9.566190123558044
1465.0 9.468313097953796
1466.0 9.424913495779037
1467.0 9.40464735031128
1468.0 9.319149285554886
1469.0 9.218554228544235
1470.0 9.174471944570541
1471.0 9.155504614114761
1472.0 9.163547217845917
1473.0 9.103899508714676
1474.0 9.03308579325676
1475.0 8.954096138477325
1476.0 8.821060866117477
1477.0 8.677122235298157
1478.0 8.60058981180191
1479.0 8.52774165570736
1480.0 8.478695571422577
1481.0 8.43152366578579
1482.0 8.390426516532898
1483.0 8.336340337991714
1484.0 8.362110003829002
1485.0 8.388974249362946
1486.0 8.39088037610054
1487.0 8.388504058122635
1488.0 8.380588099360466
1489.0 8.344885364174843
1490.0 8.323662981390953
1491.0 8.272781357169151
1492.0 8.19706903398037
1493.0 8.139987394213676
1494.0 8.086353048682213
1495.0 8.052506983280182
1496.0 7.982369318604469
1497.0 7.893712088465691
1498.0 7.778540015220642
1499.0 7.649757668375969
1500.0 7.48806419968605
1501.0 7.363685816526413
1502.0 7.3031409084796906
1503.0 7.253234505653381
1504.0 7.204180955886841
1505.0 7.200398549437523
1506.0 7.156923815608025
1507.0 7.092664361000061
1508.0 7.010175600647926
1509.0 6.989829018712044
1510.0 6.918646618723869
1511.0 6.862954705953598
1512.0 6.786788672208786
1513.0 6.743252843618393
1514.0 6.715482905507088
1515.0 6.684234693646431
1516.0 6.615838944911957
1517.0 6.596878618001938
1518.0 6.540589436888695
1519.0 6.474156737327576
1520.0 6.439991936087608
1521.0 6.37118624150753
1522.0 6.2974556386470795
1523.0 6.247814103960991
1524.0 6.187548443675041
1525.0 6.148084461688995
1526.0 6.108165830373764
1527.0 6.02670519053936
1528.0 5.963750809431076
1529.0 5.899934709072113
1530.0 5.8133145570755005
1531.0 5.734032720327377
1532.0 5.681057438254356
1533.0 5.586747720837593
1534.0 5.495226576924324
1535.0 5.409076482057571
1536.0 5.324464604258537
1537.0 5.303278908133507
1538.0 5.317413821816444
1539.0 5.296590939164162
1540.0 5.277141481637955
1541.0 5.265100672841072
1542.0 5.252181604504585
1543.0 5.231324180960655
1544.0 5.210901662707329
1545.0 5.156453922390938
1546.0 5.117990240454674
1547.0 5.065694659948349
1548.0 5.023240566253662
1549.0 5.0169176906347275
1550.0 5.020585551857948
1551.0 5.012384533882141
1552.0 5.004935622215271
1553.0 4.983109638094902
1554.0 4.957618847489357
1555.0 4.936876714229584
1556.0 4.912779048085213
1557.0 4.915718957781792
1558.0 4.898690447211266
1559.0 4.876557290554047
1560.0 4.865507289767265
1561.0 4.882975906133652
1562.0 4.883799314498901
1563.0 4.870177268981934
1564.0 4.846935406327248
1565.0 4.836812287569046
1566.0 4.839816436171532
1567.0 4.850512325763702
1568.0 4.782859265804291
1569.0 4.765097618103027
1570.0 4.757820710539818
1571.0 4.7470914870500565
1572.0 4.72481444478035
1573.0 4.707811012864113
1574.0 4.715531885623932
1575.0 4.669468373060226
1576.0 4.62669925391674
1577.0 4.624762207269669
1578.0 4.610266402363777
1579.0 4.576928734779358
1580.0 4.568103328347206
1581.0 4.538175716996193
1582.0 4.481006443500519
1583.0 4.457253307104111
1584.0 4.419206991791725
1585.0 4.374567314982414
1586.0 4.350840672850609
1587.0 4.3249954134225845
1588.0 4.292337343096733
1589.0 4.255362197756767
1590.0 4.23141947388649
1591.0 4.19019316136837
1592.0 4.148070223629475
1593.0 4.1202908009290695
1594.0 4.101217284798622
1595.0 4.07315830886364
1596.0 4.038499370217323
1597.0 4.0345869436860085
1598.0 4.00187835842371
1599.0 3.9517725110054016
1600.0 3.9405217096209526
1601.0 3.929892309010029
1602.0 3.9095660746097565
1603.0 3.89778184145689
1604.0 3.867893196642399
1605.0 3.831448420882225
1606.0 3.807008683681488
1607.0 3.81160456687212
1608.0 3.7568340599536896
1609.0 3.7310893461108208
1610.0 3.711530350148678
1611.0 3.698963388800621
1612.0 3.697906471788883
1613.0 3.700473263859749
1614.0 3.7007394582033157
1615.0 3.6925380006432533
1616.0 3.7051480263471603
1617.0 3.676111161708832
1618.0 3.6598758697509766
1619.0 3.6461418345570564
1620.0 3.6470467150211334
1621.0 3.645349733531475
1622.0 3.657813645899296
1623.0 3.671127736568451
1624.0 3.6644633039832115
1625.0 3.6536372378468513
1626.0 3.6508448347449303
1627.0 3.6365869119763374
1628.0 3.634175382554531
1629.0 3.6182548329234123
1630.0 3.6123170629143715
1631.0 3.6313035115599632
1632.0 3.610998384654522
1633.0 3.6167129427194595
1634.0 3.605148896574974
1635.0 3.5882243141531944
1636.0 3.5823074877262115
1637.0 3.5945288985967636
1638.0 3.5827047303318977
1639.0 3.583413504064083
1640.0 3.5988337993621826
1641.0 3.6043496131896973
1642.0 3.612094283103943
1643.0 3.6039518639445305
1644.0 3.578316420316696
1645.0 3.5848636254668236
1646.0 3.591011293232441
1647.0 3.5610762163996696
1648.0 3.578610345721245
1649.0 3.5595893189311028
1650.0 3.5508109778165817
1651.0 3.5169439613819122
1652.0 3.502113275229931
1653.0 3.4865668639540672
1654.0 3.462906062602997
1655.0 3.4627283439040184
1656.0 3.436588354408741
1657.0 3.42486210167408
1658.0 3.413195200264454
1659.0 3.422617368400097
1660.0 3.4005370512604713
1661.0 3.3815509900450706
1662.0 3.360154002904892
1663.0 3.3229608833789825
1664.0 3.3225859701633453
1665.0 3.3111930415034294
1666.0 3.309369370341301
1667.0 3.3051334768533707
1668.0 3.319093197584152
1669.0 3.314950719475746
1670.0 3.317024827003479
1671.0 3.2947033792734146
1672.0 3.288708634674549
1673.0 3.2845074832439423
1674.0 3.2656900957226753
1675.0 3.2660055309534073
1676.0 3.2573127523064613
1677.0 3.2704253792762756
1678.0 3.254702605307102
1679.0 3.272940568625927
1680.0 3.2897503450512886
1681.0 3.2734149768948555
1682.0 3.2669903188943863
1683.0 3.269789405167103
1684.0 3.2710923478007317
1685.0 3.2816177681088448
1686.0 3.2837241291999817
1687.0 3.2989123836159706
1688.0 3.261575609445572
1689.0 3.2700080648064613
1690.0 3.247351497411728
1691.0 3.228358179330826
1692.0 3.2297396287322044
1693.0 3.225035034120083
1694.0 3.2112413197755814
1695.0 3.2188381776213646
1696.0 3.1913681104779243
1697.0 3.1548577398061752
1698.0 3.1285410374403
1699.0 3.120192863047123
1700.0 3.123546652495861
1701.0 3.120509870350361
1702.0 3.125475510954857
1703.0 3.123592011630535
1704.0 3.1126916855573654
1705.0 3.1096948981285095
1706.0 3.101015031337738
1707.0 3.0910086259245872
1708.0 3.076836571097374
1709.0 3.054133802652359
1710.0 3.051853686571121
1711.0 3.0288281068205833
1712.0 3.026793956756592
1713.0 3.0238903760910034
1714.0 3.0084817558526993
1715.0 2.9932975992560387
1716.0 2.9970192089676857
1717.0 2.972216136753559
1718.0 2.9580159783363342
1719.0 2.9546449407935143
1720.0 2.9451226219534874
1721.0 2.937262386083603
1722.0 2.946040466427803
1723.0 2.9037182331085205
1724.0 2.9041391536593437
1725.0 2.888307422399521
1726.0 2.892936609685421
1727.0 2.8836794942617416
1728.0 2.87052845954895
1729.0 2.857782818377018
1730.0 2.836836613714695
1731.0 2.813774459064007
1732.0 2.801244854927063
1733.0 2.789420522749424
1734.0 2.789881616830826
1735.0 2.7847406938672066
1736.0 2.784243606030941
1737.0 2.7990813329815865
1738.0 2.785168908536434
1739.0 2.788711339235306
1740.0 2.7976782843470573
1741.0 2.809598058462143
1742.0 2.8087716549634933
1743.0 2.7982544898986816
1744.0 2.81214352697134
1745.0 2.8158459961414337
1746.0 2.7985952720046043
1747.0 2.7857538014650345
1748.0 2.7793159931898117
1749.0 2.7726098895072937
1750.0 2.750094138085842
1751.0 2.7390551418066025
1752.0 2.725221998989582
1753.0 2.710781216621399
1754.0 2.6931007727980614
1755.0 2.681138925254345
1756.0 2.6750581339001656
1757.0 2.6743525862693787
1758.0 2.645809233188629
1759.0 2.628207042813301
1760.0 2.6341447085142136
1761.0 2.617498993873596
1762.0 2.612895667552948
1763.0 2.616928569972515
1764.0 2.6293163001537323
1765.0 2.6348341405391693
1766.0 2.6423815712332726
1767.0 2.6644589826464653
1768.0 2.6719026640057564
1769.0 2.6940426155924797
1770.0 2.6975014209747314
1771.0 2.713991180062294
1772.0 2.721603535115719
1773.0 2.74255034327507
1774.0 2.71498354524374
1775.0 2.7069146782159805
1776.0 2.7096610367298126
1777.0 2.724924385547638
1778.0 2.7222147434949875
1779.0 2.710873767733574
1780.0 2.7121703699231148
1781.0 2.6949351876974106
1782.0 2.687706507742405
1783.0 2.696458861231804
1784.0 2.6822318136692047
1785.0 2.680583581328392
1786.0 2.6424043104052544
1787.0 2.6328034102916718
1788.0 2.6093594282865524
1789.0 2.608526512980461
1790.0 2.6291193813085556
1791.0 2.5980072021484375
1792.0 2.598059333860874
1793.0 2.6124549210071564
1794.0 2.6074066162109375
1795.0 2.6058818846940994
1796.0 2.6056513860821724
1797.0 2.605700194835663
1798.0 2.6099456548690796
1799.0 2.6199664920568466
1800.0 2.613279066979885
1801.0 2.6215569004416466
1802.0 2.625282272696495
1803.0 2.6549562513828278
1804.0 2.663729727268219
1805.0 2.661530300974846
1806.0 2.6767826452851295
1807.0 2.6729499474167824
1808.0 2.6757063940167427
1809.0 2.6794679388403893
1810.0 2.672661028802395
1811.0 2.6702065095305443
1812.0 2.6866335198283195
1813.0 2.700739085674286
1814.0 2.723047509789467
1815.0 2.7328666895627975
1816.0 2.750498227775097
1817.0 2.74263147264719
1818.0 2.7286957502365112
1819.0 2.748569719493389
1820.0 2.729493774473667
1821.0 2.7400737702846527
1822.0 2.751549333333969
1823.0 2.7614107206463814
1824.0 2.7582242861390114
1825.0 2.771012060344219
1826.0 2.7746046483516693
1827.0 2.7617087736725807
1828.0 2.759086661040783
1829.0 2.7671050280332565
1830.0 2.7722010910511017
1831.0 2.7843877375125885
1832.0 2.7729021310806274
1833.0 2.770412601530552
1834.0 2.775482475757599
1835.0 2.790969505906105
1836.0 2.8180363327264786
1837.0 2.8135691210627556
1838.0 2.8284521028399467
1839.0 2.811644621193409
1840.0 2.8160852566361427
1841.0 2.8079074546694756
1842.0 2.834595836699009
1843.0 2.8283497244119644
1844.0 2.815033257007599
1845.0 2.8024683818221092
1846.0 2.8053818196058273
1847.0 2.8047475069761276
1848.0 2.8052371814846992
1849.0 2.796035647392273
1850.0 2.818235903978348
1851.0 2.8021243885159492
1852.0 2.8150203824043274
1853.0 2.7911411821842194
1854.0 2.8236947506666183
1855.0 2.8261826783418655
1856.0 2.8246443793177605
1857.0 2.822630286216736
1858.0 2.8226341530680656
1859.0 2.824153371155262
1860.0 2.855343095958233
1861.0 2.8579801246523857
1862.0 2.8544805720448494
1863.0 2.867694668471813
1864.0 2.8536196798086166
1865.0 2.8622103556990623
1866.0 2.846351444721222
1867.0 2.80535676330328
1868.0 2.775362528860569
1869.0 2.7752543464303017
1870.0 2.761729545891285
1871.0 2.756183259189129
1872.0 2.7518921941518784
1873.0 2.7385537922382355
1874.0 2.7280038073658943
1875.0 2.707839787006378
1876.0 2.708967849612236
1877.0 2.709964171051979
1878.0 2.699184015393257
1879.0 2.693008966743946
1880.0 2.6829195991158485
1881.0 2.6656331717967987
1882.0 2.6615413427352905
1883.0 2.645602732896805
1884.0 2.623798131942749
1885.0 2.6058683320879936
1886.0 2.61343652009964
1887.0 2.6091481372714043
1888.0 2.5931140705943108
1889.0 2.5810378044843674
1890.0 2.600975163280964
1891.0 2.593476966023445
1892.0 2.5896327570080757
1893.0 2.5716635957360268
1894.0 2.567212052643299
1895.0 2.547982431948185
1896.0 2.537772685289383
1897.0 2.5278061628341675
1898.0 2.5375785529613495
1899.0 2.554840534925461
1900.0 2.5601734668016434
1901.0 2.5550640672445297
1902.0 2.5508604496717453
1903.0 2.532346747815609
1904.0 2.531852662563324
1905.0 2.5218144059181213
1906.0 2.5119738280773163
1907.0 2.499588906764984
1908.0 2.4870446249842644
1909.0 2.4854355677962303
1910.0 2.4985097721219063
1911.0 2.4949272722005844
1912.0 2.4803610295057297
1913.0 2.477856658399105
1914.0 2.481099560856819
1915.0 2.4863049536943436
1916.0 2.499935045838356
1917.0 2.4902546629309654
1918.0 2.5239740163087845
1919.0 2.5430949702858925
1920.0 2.531704820692539
1921.0 2.5267834588885307
1922.0 2.5545990467071533
1923.0 2.527177929878235
1924.0 2.5604855865240097
1925.0 2.5420984104275703
1926.0 2.551927864551544
1927.0 2.5678257942199707
1928.0 2.5739947110414505
1929.0 2.552166350185871
1930.0 2.560352437198162
1931.0 2.5620977357029915
1932.0 2.577885553240776
1933.0 2.5867641791701317
1934.0 2.587323382496834
1935.0 2.588197849690914
1936.0 2.59488345682621
1937.0 2.5953669250011444
1938.0 2.5810940712690353
1939.0 2.5918416380882263
1940.0 2.5699552446603775
1941.0 2.553668335080147
1942.0 2.54977385699749
1943.0 2.5609436333179474
1944.0 2.565041236579418
1945.0 2.5787143409252167
1946.0 2.5751890540122986
1947.0 2.576888680458069
1948.0 2.5839704871177673
1949.0 2.5732095390558243
1950.0 2.5849055349826813
1951.0 2.5990293696522713
1952.0 2.597019739449024
1953.0 2.5978608205914497
1954.0 2.618807278573513
1955.0 2.6156132966279984
1956.0 2.6180233359336853
1957.0 2.6284417659044266
1958.0 2.634439505636692
1959.0 2.6544412076473236
1960.0 2.6600985676050186
1961.0 2.6565345898270607
1962.0 2.6693324595689774
1963.0 2.6706093847751617
1964.0 2.6810497641563416
1965.0 2.6643331348896027
1966.0 2.6834589764475822
1967.0 2.67901598662138
1968.0 2.6680995002388954
1969.0 2.6748636215925217
1970.0 2.658550202846527
1971.0 2.6604157984256744
1972.0 2.6610991656780243
1973.0 2.664161615073681
1974.0 2.6601163521409035
1975.0 2.640030011534691
1976.0 2.6568445786833763
1977.0 2.664222091436386
1978.0 2.671826660633087
1979.0 2.688890054821968
1980.0 2.715604655444622
1981.0 2.7330626994371414
1982.0 2.746086061000824
1983.0 2.7870171293616295
1984.0 2.7801910415291786
1985.0 2.773009441792965
1986.0 2.7565545812249184
1987.0 2.7545960396528244
1988.0 2.7824862003326416
1989.0 2.7885889783501625
1990.0 2.7974766567349434
1991.0 2.7826983481645584
1992.0 2.761172778904438
1993.0 2.7841752767562866
1994.0 2.7814104557037354
1995.0 2.7803454771637917
1996.0 2.7768566608428955
1997.0 2.7722902223467827
1998.0 2.760665662586689
1999.0 2.760471858084202
2000.0 2.76569477468729
2001.0 2.738076850771904
2002.0 2.753520369529724
2003.0 2.7686160802841187
2004.0 2.780647210776806
2005.0 2.7728516533970833
2006.0 2.7683803141117096
2007.0 2.75434747338295
2008.0 2.751960091292858
2009.0 2.735976181924343
2010.0 2.7653165832161903
2011.0 2.7862357273697853
2012.0 2.7869036570191383
2013.0 2.8066643849015236
2014.0 2.812153600156307
2015.0 2.82427491992712
2016.0 2.837225027382374
2017.0 2.848479211330414
2018.0 2.83893358707428
2019.0 2.832294948399067
2020.0 2.8413227424025536
2021.0 2.837747447192669
2022.0 2.8547711446881294
2023.0 2.8775423020124435
2024.0 2.8853086680173874
2025.0 2.8958581537008286
2026.0 2.9052034690976143
2027.0 2.9324346855282784
2028.0 2.9376912713050842
2029.0 2.9327898249030113
2030.0 2.932463087141514
2031.0 2.9242369309067726
2032.0 2.929716370999813
2033.0 2.934139408171177
2034.0 2.938285395503044
2035.0 2.941244274377823
2036.0 2.9179786071181297
2037.0 2.9301619082689285
2038.0 2.9167939946055412
2039.0 2.9233155325055122
2040.0 2.921449676156044
2041.0 2.915740706026554
2042.0 2.918949745595455
2043.0 2.9081414192914963
2044.0 2.9253035485744476
2045.0 2.91627599298954
2046.0 2.9031325802206993
2047.0 2.900446467101574
2048.0 2.89579189568758
2049.0 2.9018668308854103
2050.0 2.869906686246395
2051.0 2.8686250150203705
2052.0 2.8612492829561234
2053.0 2.84383175522089
2054.0 2.8172083348035812
2055.0 2.8304564505815506
2056.0 2.798742651939392
2057.0 2.796707421541214
2058.0 2.8078705817461014
2059.0 2.807859420776367
2060.0 2.8312734812498093
2061.0 2.847082056105137
2062.0 2.852723278105259
2063.0 2.8697356656193733
2064.0 2.879067115485668
2065.0 2.8835921064019203
2066.0 2.898887425661087
2067.0 2.8831745237112045
2068.0 2.881733976304531
2069.0 2.9099128022789955
2070.0 2.9152741357684135
2071.0 2.8963767364621162
2072.0 2.905067577958107
2073.0 2.906634032726288
2074.0 2.912540055811405
2075.0 2.9406083449721336
2076.0 2.9390500262379646
2077.0 2.939230300486088
2078.0 2.9410355016589165
2079.0 2.9338676556944847
2080.0 2.9168914780020714
2081.0 2.933876693248749
2082.0 2.9668066427111626
2083.0 2.9808737486600876
2084.0 3.0089999362826347
2085.0 3.0376201570034027
2086.0 3.071392700076103
2087.0 3.068588897585869
2088.0 3.070886492729187
2089.0 3.088488593697548
2090.0 3.096475474536419
2091.0 3.102905012667179
2092.0 3.1309652477502823
2093.0 3.1342670246958733
2094.0 3.122181236743927
2095.0 3.1061492636799812
2096.0 3.087116450071335
2097.0 3.0810347571969032
2098.0 3.0641364976763725
2099.0 3.044859007000923
2100.0 3.051537498831749
2101.0 3.044828526675701
2102.0 3.04981841892004
2103.0 3.034489542245865
2104.0 3.0302003920078278
2105.0 3.0340955406427383
2106.0 3.0415092557668686
2107.0 3.0679849088191986
2108.0 3.071757048368454
2109.0 3.065006695687771
2110.0 3.0602042227983475
2111.0 3.0774982273578644
2112.0 3.0829789638519287
2113.0 3.0646518915891647
2114.0 3.0699009522795677
2115.0 3.0748590007424355
2116.0 3.0862044245004654
2117.0 3.082930527627468
2118.0 3.0931075364351273
2119.0 3.0942376479506493
2120.0 3.0929559245705605
2121.0 3.094388648867607
2122.0 3.086646184325218
2123.0 3.0744049474596977
2124.0 3.078643724322319
2125.0 3.059439092874527
2126.0 3.063536189496517
2127.0 3.0655884817242622
2128.0 3.052182123064995
2129.0 3.0636144652962685
2130.0 3.079941511154175
2131.0 3.070910044014454
2132.0 3.075913555920124
2133.0 3.086688444018364
2134.0 3.0884177461266518
2135.0 3.103520430624485
2136.0 3.1124204471707344
2137.0 3.102742224931717
2138.0 3.1390738785266876
2139.0 3.1415252164006233
2140.0 3.13862694054842
2141.0 3.164503239095211
2142.0 3.1938037425279617
2143.0 3.206464022397995
2144.0 3.214139237999916
2145.0 3.2184168696403503
2146.0 3.1930424571037292
2147.0 3.1931890547275543
2148.0 3.194420263171196
2149.0 3.1875280514359474
2150.0 3.178659573197365
2151.0 3.1745174899697304
2152.0 3.157865025103092
2153.0 3.174304872751236
2154.0 3.1665205657482147
2155.0 3.1811017841100693
2156.0 3.1835851073265076
2157.0 3.1965079456567764
2158.0 3.2010418474674225
2159.0 3.205095387995243
2160.0 3.1779216155409813
2161.0 3.190897062420845
2162.0 3.2112524583935738
2163.0 3.233445428311825
2164.0 3.2145900204777718
2165.0 3.205524779856205
2166.0 3.19217436760664
2167.0 3.1961662396788597
2168.0 3.1843591034412384
2169.0 3.1726363077759743
2170.0 3.1409606337547302
2171.0 3.127256140112877
2172.0 3.142755150794983
2173.0 3.129131816327572
2174.0 3.121895208954811
2175.0 3.1241623237729073
2176.0 3.1294735744595528
2177.0 3.1474414467811584
2178.0 3.1454385444521904
2179.0 3.1274852231144905
2180.0 3.111622527241707
2181.0 3.123045727610588
2182.0 3.113558739423752
2183.0 3.102926090359688
2184.0 3.089109167456627
2185.0 3.0956989154219627
2186.0 3.092887282371521
2187.0 3.115757577121258
2188.0 3.1366933286190033
2189.0 3.1343123242259026
2190.0 3.1500709652900696
2191.0 3.16849934309721
2192.0 3.176476813852787
2193.0 3.1848446428775787
2194.0 3.1945608481764793
2195.0 3.2083423361182213
2196.0 3.197677582502365
2197.0 3.2175708264112473
2198.0 3.226810984313488
2199.0 3.2365147471427917
2200.0 3.2360964342951775
2201.0 3.259933054447174
2202.0 3.2860560044646263
2203.0 3.289905548095703
2204.0 3.307391971349716
2205.0 3.327891707420349
2206.0 3.3597982972860336
2207.0 3.365131162106991
2208.0 3.367573693394661
2209.0 3.382306292653084
2210.0 3.412330113351345
2211.0 3.413017302751541
2212.0 3.446204960346222
2213.0 3.4669966399669647
2214.0 3.497123993933201
2215.0 3.5085060372948647
2216.0 3.5277395844459534
2217.0 3.5599707663059235
2218.0 3.5727725699543953
2219.0 3.5922669619321823
2220.0 3.614341326057911
2221.0 3.6402821987867355
2222.0 3.695653036236763
2223.0 3.699038542807102
2224.0 3.723342679440975
2225.0 3.7734934240579605
2226.0 3.8075471371412277
2227.0 3.829893834888935
2228.0 3.884216293692589
2229.0 3.897302344441414
2230.0 3.928186781704426
2231.0 3.9580053463578224
2232.0 3.9618360102176666
2233.0 3.9581975862383842
2234.0 3.956523083150387
2235.0 3.961609497666359
2236.0 3.964018054306507
2237.0 3.976046934723854
2238.0 4.01969762891531
2239.0 4.021000042557716
2240.0 4.007978744804859
2241.0 4.035607293248177
2242.0 4.034742474555969
2243.0 4.032619915902615
2244.0 4.027153238654137
2245.0 4.014338359236717
2246.0 4.015833377838135
2247.0 4.001117058098316
2248.0 3.9983349964022636
2249.0 3.9921887293457985
2250.0 4.019763998687267
2251.0 4.028111942112446
2252.0 4.011010535061359
2253.0 4.00528946518898
2254.0 4.007985949516296
2255.0 4.0000124871730804
2256.0 4.0134779661893845
2257.0 4.0485100746154785
2258.0 4.052582450211048
2259.0 4.06136779487133
2260.0 4.044559322297573
2261.0 4.061965547502041
2262.0 4.058422639966011
2263.0 4.042086362838745
2264.0 4.040315590798855
2265.0 4.062124520540237
2266.0 4.0671104565262794
2267.0 4.091133631765842
2268.0 4.0784531608223915
2269.0 4.0923992693424225
2270.0 4.096878074109554
2271.0 4.089465767145157
2272.0 4.119781568646431
2273.0 4.0972709357738495
2274.0 4.120083071291447
2275.0 4.123715318739414
2276.0 4.132642336189747
2277.0 4.139447242021561
2278.0 4.127055406570435
2279.0 4.140047758817673
2280.0 4.11464086920023
2281.0 4.100301496684551
2282.0 4.08341459184885
2283.0 4.083062626421452
2284.0 4.082145556807518
2285.0 4.1009600684046745
2286.0 4.0856888666749
2287.0 4.0864651799201965
2288.0 4.099436238408089
2289.0 4.130696579813957
2290.0 4.105947278439999
2291.0 4.078514076769352
2292.0 4.102199964225292
2293.0 4.100096359848976
2294.0 4.097152262926102
2295.0 4.087682671844959
2296.0 4.101629942655563
2297.0 4.100340984761715
2298.0 4.076154477894306
2299.0 4.06657013297081
2300.0 4.073266014456749
2301.0 4.079319044947624
2302.0 4.111413337290287
2303.0 4.139318212866783
2304.0 4.15138877928257
2305.0 4.18229041993618
2306.0 4.214374199509621
2307.0 4.22883577644825
2308.0 4.262601658701897
2309.0 4.275415301322937
2310.0 4.273308664560318
2311.0 4.298001334071159
2312.0 4.318014845252037
2313.0 4.356207028031349
2314.0 4.376161143183708
2315.0 4.378675505518913
2316.0 4.3705795258283615
2317.0 4.371799811720848
2318.0 4.366341069340706
2319.0 4.371618941426277
2320.0 4.3918604254722595
2321.0 4.399690359830856
2322.0 4.382785648107529
2323.0 4.362706154584885
2324.0 4.363050207495689
2325.0 4.3988968282938
2326.0 4.401426240801811
2327.0 4.425298869609833
2328.0 4.456299334764481
2329.0 4.485751643776894
2330.0 4.481654331088066
2331.0 4.498173713684082
2332.0 4.538735166192055
2333.0 4.529076710343361
2334.0 4.5618753135204315
2335.0 4.599019944667816
2336.0 4.599902659654617
2337.0 4.629224821925163
2338.0 4.626117065548897
2339.0 4.61462314426899
2340.0 4.628101125359535
2341.0 4.622090458869934
2342.0 4.636721417307854
2343.0 4.610924631357193
2344.0 4.6155960112810135
2345.0 4.638728395104408
2346.0 4.650924175977707
2347.0 4.6403011083602905
2348.0 4.6758522391319275
2349.0 4.711480721831322
2350.0 4.740169525146484
2351.0 4.745664834976196
2352.0 4.772156715393066
2353.0 4.791432961821556
2354.0 4.8138417750597
2355.0 4.826174393296242
2356.0 4.841209813952446
2357.0 4.896446868777275
2358.0 4.933707997202873
2359.0 4.959046453237534
2360.0 4.977239355444908
2361.0 5.01547734439373
2362.0 5.027967140078545
2363.0 5.0348574966192245
2364.0 5.072761118412018
2365.0 5.080183833837509
2366.0 5.048989772796631
2367.0 5.048502027988434
2368.0 5.0642107129096985
2369.0 5.088183730840683
2370.0 5.102971404790878
2371.0 5.066666677594185
2372.0 5.08993761241436
2373.0 5.0962148904800415
2374.0 5.088560298085213
2375.0 5.076064333319664
2376.0 5.081654533743858
2377.0 5.089097440242767
2378.0 5.082989051938057
2379.0 5.086893334984779
2380.0 5.092982068657875
2381.0 5.094153076410294
2382.0 5.078650593757629
2383.0 5.068712815642357
2384.0 5.080968350172043
2385.0 5.0847745686769485
2386.0 5.089728057384491
2387.0 5.080212503671646
2388.0 5.067735597491264
2389.0 5.035039708018303
2390.0 5.054503470659256
2391.0 5.068260595202446
2392.0 5.051935151219368
2393.0 5.052062153816223
2394.0 5.054519906640053
2395.0 5.060207188129425
2396.0 5.069114491343498
2397.0 5.0565783232450485
2398.0 5.057349115610123
2399.0 5.0306515246629715
2400.0 5.028496563434601
2401.0 5.014076247811317
2402.0 4.980596616864204
2403.0 4.971385836601257
2404.0 4.967081934213638
2405.0 4.996921136975288
2406.0 4.975642815232277
2407.0 4.998386695981026
2408.0 5.002668678760529
2409.0 5.001194640994072
2410.0 5.0226423144340515
2411.0 5.044942542910576
2412.0 5.048558384180069
2413.0 5.033537581562996
2414.0 5.036685109138489
2415.0 5.017801582813263
2416.0 5.003222227096558
2417.0 4.9874062687158585
2418.0 4.988556623458862
2419.0 4.963007912039757
2420.0 4.969385996460915
2421.0 4.95577198266983
2422.0 4.942349851131439
2423.0 4.941866353154182
2424.0 4.963756650686264
2425.0 4.907072082161903
2426.0 4.907689869403839
2427.0 4.869122385978699
2428.0 4.867582306265831
2429.0 4.835009858012199
2430.0 4.8355511873960495
2431.0 4.8302458971738815
2432.0 4.841231092810631
2433.0 4.8463467210531235
2434.0 4.825299069285393
2435.0 4.842260330915451
2436.0 4.831538826227188
2437.0 4.829248979687691
2438.0 4.811314523220062
2439.0 4.856609374284744
2440.0 4.86479414999485
2441.0 4.864878013730049
2442.0 4.893201127648354
2443.0 4.877693146467209
2444.0 4.862225711345673
2445.0 4.8411049246788025
2446.0 4.835005402565002
2447.0 4.829841732978821
2448.0 4.840188205242157
2449.0 4.87681145966053
2450.0 4.869136765599251
2451.0 4.896515175700188
2452.0 4.931941568851471
2453.0 4.906731620430946
2454.0 4.8881009221076965
2455.0 4.890989050269127
2456.0 4.8826034516096115
2457.0 4.8801475167274475
2458.0 4.8873202204704285
2459.0 4.889205574989319
2460.0 4.877868607640266
2461.0 4.889441475272179
2462.0 4.884166553616524
2463.0 4.889038115739822
2464.0 4.868533253669739
2465.0 4.877086594700813
2466.0 4.8802929520606995
2467.0 4.907192870974541
2468.0 4.912400528788567
2469.0 4.940255016088486
2470.0 4.977468237280846
2471.0 5.0045512318611145
2472.0 5.031607031822205
2473.0 5.062756225466728
2474.0 5.077988564968109
2475.0 5.092511087656021
2476.0 5.095859497785568
2477.0 5.128184765577316
2478.0 5.121639162302017
2479.0 5.1405536234378815
2480.0 5.156437054276466
2481.0 5.154525637626648
2482.0 5.18695493042469
2483.0 5.207295477390289
2484.0 5.20331646502018
2485.0 5.239828333258629
2486.0 5.260965913534164
2487.0 5.259003683924675
2488.0 5.282552748918533
2489.0 5.261386066675186
2490.0 5.298491343855858
2491.0 5.311913073062897
2492.0 5.318105652928352
2493.0 5.298707023262978
2494.0 5.323606833815575
2495.0 5.3563660234212875
2496.0 5.364188402891159
2497.0 5.373423278331757
2498.0 5.408937975764275
2499.0 5.40543469786644
2500.0 5.401987701654434
2501.0 5.391323983669281
2502.0 5.409359976649284
2503.0 5.3859623819589615
2504.0 5.388760596513748
2505.0 5.376437023282051
2506.0 5.383991628885269
2507.0 5.397358775138855
2508.0 5.407224625349045
2509.0 5.373776063323021
2510.0 5.398353070020676
2511.0 5.41273045539856
2512.0 5.40654581785202
2513.0 5.446361139416695
2514.0 5.433876469731331
2515.0 5.437808975577354
2516.0 5.41188757121563
2517.0 5.397788107395172
2518.0 5.424127221107483
2519.0 5.418048977851868
2520.0 5.414882227778435
2521.0 5.4091377556324005
2522.0 5.417817384004593
2523.0 5.419035390019417
2524.0 5.423483952879906
2525.0 5.429349631071091
2526.0 5.410784617066383
2527.0 5.391072928905487
2528.0 5.425693586468697
2529.0 5.433521881699562
2530.0 5.438008353114128
2531.0 5.441065311431885
2532.0 5.428565859794617
2533.0 5.425855398178101
2534.0 5.43921123445034
2535.0 5.415398493409157
2536.0 5.446347638964653
2537.0 5.42384971678257
2538.0 5.417229577898979
2539.0 5.432266443967819
2540.0 5.447302311658859
2541.0 5.43171252310276
2542.0 5.407779961824417
2543.0 5.438140586018562
2544.0 5.430583149194717
2545.0 5.441288143396378
2546.0 5.4179027527570724
2547.0 5.425395965576172
2548.0 5.4329544454813
2549.0 5.4277124106884
2550.0 5.401442736387253
2551.0 5.423808351159096
2552.0 5.415111094713211
2553.0 5.403762385249138
2554.0 5.422106429934502
2555.0 5.3869994431734085
2556.0 5.36662332713604
2557.0 5.37089928984642
2558.0 5.341580882668495
2559.0 5.33711750805378
2560.0 5.333495199680328
2561.0 5.312414139509201
2562.0 5.304218083620071
2563.0 5.28541125357151
2564.0 5.296549946069717
2565.0 5.32598203420639
2566.0 5.319132849574089
2567.0 5.312371879816055
2568.0 5.308362498879433
2569.0 5.300635471940041
2570.0 5.298405289649963
2571.0 5.2737985998392105
2572.0 5.2554492354393005
2573.0 5.253311365842819
2574.0 5.251896888017654
2575.0 5.247668907046318
2576.0 5.2208409160375595
2577.0 5.210095763206482
2578.0 5.207794472575188
2579.0 5.2107590436935425
2580.0 5.159335106611252
2581.0 5.166516423225403
2582.0 5.176487907767296
2583.0 5.171201795339584
2584.0 5.149681270122528
2585.0 5.1523116528987885
2586.0 5.136815294623375
2587.0 5.151549845933914
2588.0 5.133397430181503
2589.0 5.126273766160011
2590.0 5.14657486975193
2591.0 5.134236350655556
2592.0 5.1310465931892395
2593.0 5.12744827568531
2594.0 5.126006588339806
2595.0 5.1297736912965775
2596.0 5.097524061799049
2597.0 5.099092572927475
2598.0 5.079966828227043
2599.0 5.064679682254791
2600.0 5.054087594151497
2601.0 5.053101018071175
2602.0 5.040469124913216
2603.0 5.028110310435295
2604.0 5.014214262366295
2605.0 5.040761709213257
2606.0 5.0229112058877945
2607.0 5.008140102028847
2608.0 4.994185298681259
2609.0 4.974910944700241
2610.0 4.9757179915905
2611.0 4.9751845598220825
2612.0 4.956985309720039
2613.0 4.957188293337822
2614.0 4.94387149810791
2615.0 4.932686075568199
2616.0 4.915329337120056
2617.0 4.942838028073311
2618.0 4.925290822982788
2619.0 4.925107374787331
2620.0 4.927930057048798
2621.0 4.942952707409859
2622.0 4.939343988895416
2623.0 4.947417184710503
2624.0 4.937867105007172
2625.0 4.940268099308014
2626.0 4.947742119431496
2627.0 4.9486474096775055
2628.0 4.960422441363335
2629.0 4.963626578450203
2630.0 4.9371761828660965
2631.0 4.953672274947166
2632.0 4.953356742858887
2633.0 4.928070664405823
2634.0 4.940979614853859
2635.0 4.932645797729492
2636.0 4.95147517323494
2637.0 4.944065228104591
2638.0 4.9624807089567184
2639.0 4.959425300359726
2640.0 4.979959324002266
2641.0 4.97805891931057
2642.0 4.965572074055672
2643.0 4.982461661100388
2644.0 4.989411115646362
2645.0 5.001346439123154
2646.0 4.986749142408371
2647.0 5.002902403473854
2648.0 4.9916097819805145
2649.0 5.001379489898682
2650.0 5.026994347572327
2651.0 5.028459161520004
2652.0 5.0311871618032455
2653.0 5.014706388115883
2654.0 5.01461935043335
2655.0 5.017663761973381
2656.0 5.015047296881676
2657.0 4.98421585559845
2658.0 5.004970848560333
2659.0 5.000548377633095
2660.0 4.973427340388298
2661.0 4.9848384112119675
2662.0 4.9714701771736145
2663.0 4.998251363635063
2664.0 4.978684946894646
2665.0 4.987719833850861
2666.0 5.016431242227554
2667.0 5.017435550689697
2668.0 5.029458194971085
2669.0 5.0138465613126755
2670.0 5.024561285972595
2671.0 5.031575694680214
2672.0 5.029838293790817
2673.0 5.030681326985359
2674.0 5.01644179224968
2675.0 5.005257084965706
2676.0 5.000146850943565
2677.0 5.021573543548584
2678.0 4.988251224160194
2679.0 4.977130889892578
2680.0 4.950312182307243
2681.0 4.958246603608131
2682.0 4.9613663256168365
2683.0 4.958165466785431
2684.0 4.959780424833298
2685.0 4.9430068880319595
2686.0 4.939197137951851
2687.0 4.976077899336815
2688.0 4.9827044904232025
2689.0 5.003911107778549
2690.0 5.007357105612755
2691.0 5.0006474405527115
2692.0 5.016095384955406
2693.0 5.00784233212471
2694.0 5.007797434926033
2695.0 5.011123135685921
2696.0 5.002383664250374
2697.0 5.020589455962181
2698.0 5.022527948021889
2699.0 5.017974436283112
2700.0 5.021372944116592
2701.0 5.041689649224281
2702.0 5.054958343505859
2703.0 5.036624982953072
2704.0 5.03078693151474
2705.0 5.024673283100128
2706.0 5.001377075910568
2707.0 5.018027126789093
2708.0 5.0026752054691315
2709.0 5.010441437363625
2710.0 5.002883598208427
2711.0 5.006751403212547
2712.0 5.020127490162849
2713.0 4.9994508028030396
2714.0 4.995411351323128
2715.0 5.010834440588951
2716.0 5.025640293955803
2717.0 5.0438980013132095
2718.0 5.050178036093712
2719.0 5.042832508683205
2720.0 5.036966517567635
2721.0 5.036034777760506
2722.0 5.0486289113759995
2723.0 5.039600610733032
2724.0 5.0713411420583725
2725.0 5.047792166471481
2726.0 5.040076717734337
2727.0 5.031406849622726
2728.0 5.007180109620094
2729.0 4.985853120684624
2730.0 4.950349882245064
2731.0 4.944768041372299
2732.0 4.964274451136589
2733.0 4.954629585146904
2734.0 4.970495730638504
2735.0 4.974384158849716
2736.0 4.96870881319046
2737.0 4.952216595411301
2738.0 4.903983786702156
2739.0 4.90111443400383
2740.0 4.886678397655487
2741.0 4.906936407089233
2742.0 4.8986992090940475
2743.0 4.903307840228081
2744.0 4.911596983671188
2745.0 4.90926393866539
2746.0 4.945354983210564
2747.0 4.94133859872818
2748.0 4.944033592939377
2749.0 4.960343152284622
2750.0 4.954380974173546
2751.0 4.9602237939834595
2752.0 4.9860814064741135
2753.0 4.994332402944565
2754.0 4.968718692660332
2755.0 4.974852204322815
2756.0 5.007688030600548
2757.0 5.009595990180969
2758.0 4.994722679257393
2759.0 5.0006217658519745
2760.0 5.007607027888298
2761.0 5.010702088475227
2762.0 5.003866225481033
2763.0 5.000817731022835
2764.0 5.0132551193237305
2765.0 5.005421921610832
2766.0 4.960047796368599
2767.0 4.950464621186256
2768.0 4.952469006180763
2769.0 4.953476399183273
2770.0 4.92471319437027
2771.0 4.917173236608505
2772.0 4.908295780420303
2773.0 4.875308841466904
2774.0 4.880448088049889
2775.0 4.899118259549141
2776.0 4.929464682936668
2777.0 4.930358126759529
2778.0 4.929174229502678
2779.0 4.922280803322792
2780.0 4.918176829814911
2781.0 4.91523203253746
2782.0 4.915093764662743
2783.0 4.901615604758263
2784.0 4.912531346082687
2785.0 4.910550117492676
2786.0 4.907965824007988
2787.0 4.903520032763481
2788.0 4.9288496524095535
2789.0 4.943108454346657
2790.0 4.918999835848808
2791.0 4.905546307563782
2792.0 4.91343829035759
2793.0 4.906009986996651
2794.0 4.871014028787613
2795.0 4.8660121858119965
2796.0 4.868145063519478
2797.0 4.843627318739891
2798.0 4.853583052754402
2799.0 4.865345448255539
2800.0 4.85544365644455
2801.0 4.842988476157188
2802.0 4.842150434851646
2803.0 4.850254833698273
2804.0 4.991821527481079
2805.0 5.066755726933479
2806.0 4.834127143025398
2807.0 4.820661306381226
2808.0 4.835651993751526
2809.0 4.855344295501709
2810.0 4.841102212667465
2811.0 4.813693895936012
2812.0 4.841965734958649
2813.0 4.861774772405624
2814.0 4.86242213845253
2815.0 4.871253192424774
2816.0 4.8901536911726
2817.0 4.862023949623108
2818.0 4.8971012979745865
2819.0 4.874753773212433
2820.0 4.8785280585289
2821.0 4.875001445412636
2822.0 4.8646620362997055
2823.0 4.851219549775124
2824.0 4.865509197115898
2825.0 4.851749762892723
2826.0 4.849754244089127
2827.0 4.856469392776489
2828.0 4.869134142994881
2829.0 4.877916544675827
2830.0 4.880037933588028
2831.0 4.867551013827324
2832.0 4.846163421869278
2833.0 4.853521883487701
2834.0 4.838776350021362
2835.0 4.828546971082687
2836.0 4.831788063049316
2837.0 4.813933074474335
2838.0 4.831325516104698
2839.0 4.815368443727493
2840.0 4.808618023991585
2841.0 4.793244883418083
2842.0 4.7531478852033615
2843.0 4.792260229587555
2844.0 4.752481445670128
2845.0 4.74772821366787
2846.0 4.792295336723328
2847.0 4.784180656075478
2848.0 4.788927361369133
2849.0 4.823244869709015
2850.0 4.790163904428482
2851.0 4.785565629601479
2852.0 4.7932605892419815
2853.0 4.809540122747421
2854.0 4.819461598992348
2855.0 4.819929137825966
2856.0 4.8094126135110855
2857.0 4.805241942405701
2858.0 4.806393057107925
2859.0 4.784907221794128
2860.0 4.7768023163080215
2861.0 4.7681688368320465
2862.0 4.736300826072693
2863.0 4.729301258921623
2864.0 4.733164086937904
2865.0 4.730952471494675
2866.0 4.7238664627075195
2867.0 4.718585848808289
2868.0 4.723589166998863
2869.0 4.691802218556404
2870.0 4.660672307014465
2871.0 4.657935380935669
2872.0 4.669860512018204
2873.0 4.660315588116646
2874.0 4.657537132501602
2875.0 4.6513005793094635
2876.0 4.65794238448143
2877.0 4.652029350399971
2878.0 4.631254225969315
2879.0 4.643003195524216
2880.0 4.627294942736626
2881.0 4.631638944149017
2882.0 4.6142416298389435
2883.0 4.619596391916275
2884.0 4.59955894947052
2885.0 4.614834472537041
2886.0 4.60571725666523
2887.0 4.621831998229027
2888.0 4.637913152575493
2889.0 4.621875509619713
2890.0 4.630108565092087
2891.0 4.668593853712082
2892.0 4.659854456782341
2893.0 4.669421046972275
2894.0 4.66665218770504
2895.0 4.667706802487373
2896.0 4.648449704051018
2897.0 4.640050873160362
2898.0 4.630482703447342
2899.0 4.60881932079792
2900.0 4.633022665977478
2901.0 4.6067051738500595
2902.0 4.598679959774017
2903.0 4.6030688136816025
2904.0 4.584747418761253
2905.0 4.597397267818451
2906.0 4.594669535756111
2907.0 4.583996266126633
2908.0 4.591884300112724
2909.0 4.6100195944309235
2910.0 4.597016274929047
2911.0 4.597858935594559
2912.0 4.600269645452499
2913.0 4.588020071387291
2914.0 4.6030343025922775
2915.0 4.592366099357605
2916.0 4.587546288967133
2917.0 4.586575016379356
2918.0 4.615896493196487
2919.0 4.618280664086342
2920.0 4.591129079461098
2921.0 4.607583299279213
2922.0 4.6082000732421875
2923.0 4.596961811184883
2924.0 4.621343642473221
2925.0 4.609305992722511
2926.0 4.610406652092934
2927.0 4.634174257516861
2928.0 4.616760283708572
2929.0 4.642903342843056
2930.0 4.648609533905983
2931.0 4.629098027944565
2932.0 4.627463325858116
2933.0 4.620732620358467
2934.0 4.643525123596191
2935.0 4.646361455321312
2936.0 4.627626791596413
2937.0 4.655765742063522
2938.0 4.677066266536713
2939.0 4.654609203338623
2940.0 4.659194931387901
2941.0 4.658461332321167
2942.0 4.646410495042801
2943.0 4.647054970264435
2944.0 4.641099199652672
2945.0 4.649602517485619
2946.0 4.65666438639164
2947.0 4.663012787699699
2948.0 4.661405503749847
2949.0 4.6695394068956375
2950.0 4.676153898239136
2951.0 4.631510958075523
2952.0 4.623742014169693
2953.0 4.661628901958466
2954.0 4.647540628910065
2955.0 4.632688894867897
2956.0 4.633790031075478
2957.0 4.632747143507004
2958.0 4.624392122030258
2959.0 4.615474492311478
2960.0 4.609256461262703
2961.0 4.6356313824653625
2962.0 4.601663380861282
2963.0 4.592631101608276
2964.0 4.617888331413269
2965.0 4.57324892282486
2966.0 4.598111212253571
2967.0 4.588132530450821
2968.0 4.580350816249847
2969.0 4.574885711073875
2970.0 4.558106571435928
2971.0 4.534626245498657
2972.0 4.543871775269508
2973.0 4.538784384727478
2974.0 4.5453523099422455
2975.0 4.536931201815605
2976.0 4.537948310375214
2977.0 4.537709191441536
2978.0 4.511569112539291
2979.0 4.520814016461372
2980.0 4.527471736073494
2981.0 4.530481830239296
2982.0 4.542462736368179
2983.0 4.520842209458351
2984.0 4.5308599174022675
2985.0 4.54963943362236
2986.0 4.558312147855759
2987.0 4.533857434988022
2988.0 4.531413584947586
2989.0 4.552418440580368
2990.0 4.546506151556969
2991.0 4.551997721195221
2992.0 4.58188208937645
2993.0 4.571200147271156
2994.0 4.573727235198021
2995.0 4.582637190818787
2996.0 4.586265027523041
2997.0 4.57113079726696
2998.0 4.595107242465019
2999.0 4.596283867955208
3000.0 4.587644815444946
3001.0 4.591904580593109
3002.0 4.604984641075134
3003.0 4.592667832970619
3004.0 4.586525276303291
3005.0 4.575189396739006
3006.0 4.586072653532028
3007.0 4.581330060958862
3008.0 4.56334376335144
3009.0 4.57099686563015
3010.0 4.559452101588249
3011.0 4.543765529990196
3012.0 4.539878606796265
3013.0 4.549890905618668
3014.0 4.542473182082176
3015.0 4.520127847790718
3016.0 4.522229567170143
3017.0 4.520831823348999
3018.0 4.496974289417267
3019.0 4.480744272470474
3020.0 4.496355667710304
3021.0 4.469867035746574
3022.0 4.475616991519928
3023.0 4.4702631533145905
3024.0 4.438527062535286
3025.0 4.423774495720863
3026.0 4.435146406292915
3027.0 4.441549181938171
3028.0 4.423760116100311
3029.0 4.392022967338562
3030.0 4.36763796210289
3031.0 4.384544521570206
3032.0 4.391659423708916
3033.0 4.384374484419823
3034.0 4.368600845336914
3035.0 4.366183713078499
3036.0 4.359519600868225
3037.0 4.372051849961281
3038.0 4.351507857441902
3039.0 4.360152706503868
3040.0 4.367994531989098
3041.0 4.370637148618698
3042.0 4.353510096669197
3043.0 4.351500064134598
3044.0 4.3522409200668335
3045.0 4.3564367443323135
3046.0 4.359019577503204
3047.0 4.345256090164185
3048.0 4.3472883105278015
3049.0 4.353279545903206
3050.0 4.348854064941406
3051.0 4.349661573767662
3052.0 4.373835667967796
3053.0 4.358260273933411
3054.0 4.348672091960907
3055.0 4.34792560338974
3056.0 4.359419897198677
3057.0 4.353912994265556
3058.0 4.352075412869453
3059.0 4.359131425619125
3060.0 4.364302754402161
3061.0 4.363257497549057
3062.0 4.364868238568306
3063.0 4.365227431058884
3064.0 4.3657917976379395
3065.0 4.359322056174278
3066.0 4.369858682155609
3067.0 4.3700220584869385
3068.0 4.37782421708107
3069.0 4.378085553646088
3070.0 4.372763767838478
3071.0 4.377667307853699
3072.0 4.370047137141228
3073.0 4.360775262117386
3074.0 4.373586758971214
3075.0 4.3732695281505585
3076.0 4.383371874690056
3077.0 4.371970862150192
3078.0 4.370671793818474
3079.0 4.366271004080772
3080.0 4.364417210221291
3081.0 4.385131254792213
3082.0 4.381309673190117
3083.0 4.368269667029381
3084.0 4.376431703567505
3085.0 4.390034422278404
3086.0 4.393034443259239
3087.0 4.403484717011452
3088.0 4.389965862035751
3089.0 4.40344800055027
3090.0 4.426050081849098
3091.0 4.433993965387344
3092.0 4.435112819075584
3093.0 4.413039192557335
3094.0 4.4027229398489
3095.0 4.435706347227097
3096.0 4.4364984929561615
3097.0 4.430438801646233
3098.0 4.419834271073341
3099.0 4.4096569865942
3100.0 4.43266624212265
3101.0 4.436571970582008
3102.0 4.430504083633423
3103.0 4.434346169233322
3104.0 4.445306748151779
3105.0 4.444110691547394
3106.0 4.447509914636612
3107.0 4.441920027136803
3108.0 4.438147157430649
3109.0 4.4313123524188995
3110.0 4.423031508922577
3111.0 4.418549478054047
3112.0 4.426954463124275
3113.0 4.429809257388115
3114.0 4.428305566310883
3115.0 4.407889723777771
3116.0 4.399366080760956
3117.0 4.382669195532799
3118.0 4.380896955728531
3119.0 4.3735150545835495
3120.0 4.378316625952721
3121.0 4.370386227965355
3122.0 4.382468566298485
3123.0 4.3749601393938065
3124.0 4.390676289796829
3125.0 4.3863794952631
3126.0 4.372115314006805
3127.0 4.400818109512329
3128.0 4.408928945660591
3129.0 4.395129233598709
3130.0 4.397236153483391
3131.0 4.408005207777023
3132.0 4.400811269879341
3133.0 4.411984533071518
3134.0 4.401574641466141
3135.0 4.404626578092575
3136.0 4.403073698282242
3137.0 4.419360861182213
3138.0 4.41894619166851
3139.0 4.392794743180275
3140.0 4.423792243003845
3141.0 4.443398654460907
3142.0 4.432148262858391
3143.0 4.441785559058189
3144.0 4.4309951812028885
3145.0 4.418646141886711
3146.0 4.42489755153656
3147.0 4.423395484685898
3148.0 4.439824745059013
3149.0 4.418234497308731
3150.0 4.4065928012132645
3151.0 4.415331229567528
3152.0 4.414820685982704
3153.0 4.397275760769844
3154.0 4.401065364480019
3155.0 4.398506164550781
3156.0 4.394622892141342
3157.0 4.3851296454668045
3158.0 4.393821567296982
3159.0 4.390622779726982
3160.0 4.373597398400307
3161.0 4.385788917541504
3162.0 4.353376597166061
3163.0 4.36128257215023
3164.0 4.364661395549774
3165.0 4.357486993074417
3166.0 4.38775809109211
3167.0 4.3782020807266235
3168.0 4.343760043382645
3169.0 4.34244067966938
3170.0 4.338473409414291
3171.0 4.329126372933388
3172.0 4.331613302230835
3173.0 4.325962647795677
3174.0 4.330439060926437
3175.0 4.344263508915901
3176.0 4.325192406773567
3177.0 4.310400292277336
3178.0 4.351652011275291
3179.0 4.327147871255875
3180.0 4.326506942510605
3181.0 4.30998420715332
3182.0 4.3130160719156265
3183.0 4.309232845902443
3184.0 4.308812648057938
3185.0 4.307689115405083
3186.0 4.296232372522354
3187.0 4.305399224162102
3188.0 4.310223191976547
3189.0 4.319023370742798
3190.0 4.301760256290436
3191.0 4.292180597782135
3192.0 4.3014539033174515
3193.0 4.291270196437836
3194.0 4.297806605696678
3195.0 4.302205994725227
3196.0 4.295634493231773
3197.0 4.298321008682251
3198.0 4.290007576346397
3199.0 4.284186169505119
3200.0 4.285965546965599
3201.0 4.276004865765572
3202.0 4.282498076558113
3203.0 4.2837236523628235
3204.0 4.283268481492996
3205.0 4.265513971447945
3206.0 4.267040342092514
3207.0 4.249162316322327
3208.0 4.235961988568306
3209.0 4.229957267642021
3210.0 4.235314249992371
3211.0 4.2188947051763535
3212.0 4.2158408761024475
3213.0 4.212128579616547
3214.0 4.19556736946106
3215.0 4.210784897208214
3216.0 4.214896246790886
3217.0 4.200832650065422
3218.0 4.189902812242508
3219.0 4.158850580453873
3220.0 4.178672611713409
3221.0 4.184854879975319
3222.0 4.182738676667213
3223.0 4.2099467515945435
3224.0 4.184858441352844
3225.0 4.186282008886337
3226.0 4.188557714223862
3227.0 4.1877593994140625
3228.0 4.192680060863495
3229.0 4.189501091837883
3230.0 4.180367663502693
3231.0 4.186796590685844
3232.0 4.190610334277153
3233.0 4.188065275549889
3234.0 4.168453723192215
3235.0 4.150252938270569
3236.0 4.15686310082674
3237.0 4.16020967066288
3238.0 4.1624771654605865
3239.0 4.153043404221535
3240.0 4.136753723025322
3241.0 4.122941166162491
3242.0 4.126320093870163
3243.0 4.133703701198101
3244.0 4.1022622883319855
3245.0 4.109248481690884
3246.0 4.126806020736694
3247.0 4.101621299982071
3248.0 4.08373861014843
3249.0 4.106471709907055
3250.0 4.104362271726131
3251.0 4.100519433617592
3252.0 4.105535864830017
3253.0 4.102435752749443
3254.0 4.103959694504738
3255.0 4.088186338543892
3256.0 4.070039555430412
3257.0 4.060956224799156
3258.0 4.052783846855164
3259.0 4.04200766980648
3260.0 4.036806970834732
3261.0 4.034439824521542
3262.0 4.0257066786289215
3263.0 4.029388189315796
3264.0 4.023859307169914
3265.0 4.018703103065491
3266.0 4.00950113683939
3267.0 4.013804987072945
3268.0 4.001367062330246
3269.0 3.9877513647079468
3270.0 3.9996154755353928
3271.0 3.999332830309868
3272.0 3.991551488637924
3273.0 3.9798713698983192
3274.0 3.9845993742346764
3275.0 3.9862112775444984
3276.0 3.97488059848547
3277.0 3.9755024686455727
3278.0 3.9582002982497215
3279.0 3.956857278943062
3280.0 3.949595645070076
3281.0 3.9448191449046135
3282.0 3.932527758181095
3283.0 3.92562086135149
3284.0 3.9298202097415924
3285.0 3.9261311441659927
3286.0 3.918825641274452
3287.0 3.9036235213279724
3288.0 3.8825127705931664
3289.0 3.878934420645237
3290.0 3.8914894983172417
3291.0 3.8716381266713142
3292.0 3.868091866374016
3293.0 3.8656619787216187
3294.0 3.879022888839245
3295.0 3.8594488725066185
3296.0 3.87469781935215
3297.0 3.8671614453196526
3298.0 3.8664908930659294
3299.0 3.859396606683731
3300.0 3.852258913218975
3301.0 3.8281136453151703
3302.0 3.858246125280857
3303.0 3.867593839764595
3304.0 3.868177115917206
3305.0 3.8782629296183586
3306.0 3.8681898415088654
3307.0 3.8541873916983604
3308.0 3.854232795536518
3309.0 3.831794761121273
3310.0 3.8307349905371666
3311.0 3.8347131237387657
3312.0 3.840822212398052
3313.0 3.8577509820461273
3314.0 3.8367714062333107
3315.0 3.8292749151587486
3316.0 3.820379965007305
3317.0 3.8021004050970078
3318.0 3.8123159036040306
3319.0 3.813809871673584
3320.0 3.8187088519334793
3321.0 3.8083670809865
3322.0 3.7927686125040054
3323.0 3.7808758020401
3324.0 3.7935589030385017
3325.0 3.8035558462142944
3326.0 3.784389778971672
3327.0 3.7821806371212006
3328.0 3.783333830535412
3329.0 3.7785690650343895
3330.0 3.7882498875260353
3331.0 3.784138284623623
3332.0 3.7855262607336044
3333.0 3.773947961628437
3334.0 3.7732473090291023
3335.0 3.7499163523316383
3336.0 3.748534455895424
3337.0 3.748071126639843
3338.0 3.756785124540329
3339.0 3.758174180984497
3340.0 3.7561503499746323
3341.0 3.7379781305789948
3342.0 3.730898730456829
3343.0 3.73441344499588
3344.0 3.740430437028408
3345.0 3.7438662871718407
3346.0 3.751057490706444
3347.0 3.762090966105461
3348.0 3.758615605533123
3349.0 3.7689341381192207
3350.0 3.7601399943232536
3351.0 3.7709260284900665
3352.0 3.7367907911539078
3353.0 3.7359611243009567
3354.0 3.7495448291301727
3355.0 3.754029706120491
3356.0 3.7463484182953835
3357.0 3.7400047034025192
3358.0 3.723260708153248
3359.0 3.7219149097800255
3360.0 3.7208672240376472
3361.0 3.7534203827381134
3362.0 3.7543080672621727
3363.0 3.738311432301998
3364.0 3.724978096783161
3365.0 3.740031823515892
3366.0 3.7342141196131706
3367.0 3.764391392469406
3368.0 3.7518308982253075
3369.0 3.7362768426537514
3370.0 3.7272936925292015
3371.0 3.7613289803266525
3372.0 3.7565282583236694
3373.0 3.7209483236074448
3374.0 3.7311237528920174
3375.0 3.741066038608551
3376.0 3.7251861095428467
3377.0 3.7517759650945663
3378.0 3.7333343103528023
3379.0 3.7203431203961372
3380.0 3.734143391251564
3381.0 3.740597680211067
3382.0 3.7463018596172333
3383.0 3.7323900163173676
3384.0 3.7275112867355347
3385.0 3.740120954811573
3386.0 3.737109661102295
3387.0 3.744310036301613
3388.0 3.7429367899894714
3389.0 3.718163214623928
3390.0 3.716600552201271
3391.0 3.731040671467781
3392.0 3.7165254428982735
3393.0 3.693806901574135
3394.0 3.6782508566975594
3395.0 3.682063154876232
3396.0 3.6775551214814186
3397.0 3.66347736120224
3398.0 3.6855537444353104
3399.0 3.6860720962285995
3400.0 3.6779110580682755
3401.0 3.6829535588622093
3402.0 3.6709240674972534
3403.0 3.6741261184215546
3404.0 3.6769147738814354
3405.0 3.672080598771572
3406.0 3.6640506014227867
3407.0 3.6942792534828186
3408.0 3.688755787909031
3409.0 3.6904259249567986
3410.0 3.6895795688033104
3411.0 3.676592208445072
3412.0 3.668607898056507
3413.0 3.676342450082302
3414.0 3.675014890730381
3415.0 3.684458948671818
3416.0 3.689056232571602
3417.0 3.6747681573033333
3418.0 3.6841017454862595
3419.0 3.6826612278819084
3420.0 3.6907964646816254
3421.0 3.6915701180696487
3422.0 3.6887143030762672
3423.0 3.682497166097164
3424.0 3.681270845234394
3425.0 3.6847145929932594
3426.0 3.667438492178917
3427.0 3.66023538261652
3428.0 3.6765187233686447
3429.0 3.6646586060523987
3430.0 3.65078467130661
3431.0 3.657241366803646
3432.0 3.6576426550745964
3433.0 3.651986062526703
3434.0 3.6547093763947487
3435.0 3.644116923213005
3436.0 3.6361858248710632
3437.0 3.6543701887130737
3438.0 3.6724434196949005
3439.0 3.675070010125637
3440.0 3.6504006162285805
3441.0 3.654111310839653
3442.0 3.663999304175377
3443.0 3.670755922794342
3444.0 3.6612314358353615
3445.0 3.6606672257184982
3446.0 3.6600923016667366
3447.0 3.653107963502407
3448.0 3.658702425658703
3449.0 3.6691381856799126
3450.0 3.665454775094986
3451.0 3.6717290729284286
3452.0 3.663000740110874
3453.0 3.67508102953434
3454.0 3.6829766929149628
3455.0 3.671601988375187
3456.0 3.682064987719059
3457.0 3.677053354680538
3458.0 3.6683131977915764
3459.0 3.645434409379959
3460.0 3.65903826802969
3461.0 3.6737428158521652
3462.0 3.6622927114367485
3463.0 3.655523233115673
3464.0 3.6669903099536896
3465.0 3.638747811317444
3466.0 3.6646251678466797
3467.0 3.665375091135502
3468.0 3.621347814798355
3469.0 3.645219698548317
3470.0 3.644012376666069
3471.0 3.641498029232025
3472.0 3.6559320241212845
3473.0 3.640406921505928
3474.0 3.6161682680249214
3475.0 3.632072351872921
3476.0 3.63811444491148
3477.0 3.6436971202492714
3478.0 3.6466055884957314
3479.0 3.6284932494163513
3480.0 3.6194681897759438
3481.0 3.6235707849264145
3482.0 3.6200344040989876
3483.0 3.61538265645504
3484.0 3.620290070772171
3485.0 3.640662297606468
3486.0 3.638921335339546
3487.0 3.6283716782927513
3488.0 3.606601342558861
3489.0 3.617802031338215
3490.0 3.6161230579018593
3491.0 3.605426087975502
3492.0 3.595237709581852
3493.0 3.604011222720146
3494.0 3.612969033420086
3495.0 3.5961995124816895
3496.0 3.601449176669121
3497.0 3.6218793764710426
3498.0 3.6247356981039047
3499.0 3.621051125228405
3500.0 3.6125648841261864
3501.0 3.6210178211331367
3502.0 3.6175190284848213
3503.0 3.6262531504034996
3504.0 3.63260967284441
3505.0 3.636956885457039
3506.0 3.64609158039093
3507.0 3.6331460028886795
3508.0 3.6223091036081314
3509.0 3.6346121951937675
3510.0 3.6350938007235527
3511.0 3.6447413563728333
3512.0 3.63688638061285
3513.0 3.634401559829712
3514.0 3.6397092938423157
3515.0 3.634282059967518
3516.0 3.647129572927952
3517.0 3.6311734095215797
3518.0 3.6278585344552994
3519.0 3.624098263680935
3520.0 3.616236038506031
3521.0 3.6245646700263023
3522.0 3.620708614587784
3523.0 3.634043112397194
3524.0 3.634133994579315
3525.0 3.6312131360173225
3526.0 3.6207533106207848
3527.0 3.6306274831295013
3528.0 3.615090899169445
3529.0 3.6307504549622536
3530.0 3.6324553340673447
3531.0 3.6313887014985085
3532.0 3.6476012095808983
3533.0 3.6443077325820923
3534.0 3.6352363005280495
3535.0 3.6205791160464287
3536.0 3.613825887441635
3537.0 3.6215713918209076
3538.0 3.6101152151823044
3539.0 3.6092875972390175
3540.0 3.6212212964892387
3541.0 3.6332515999674797
3542.0 3.625960610806942
3543.0 3.6120137199759483
3544.0 3.6223825439810753
3545.0 3.6148706525564194
3546.0 3.626792162656784
3547.0 3.630892477929592
3548.0 3.6339096128940582
3549.0 3.6351943016052246
3550.0 3.6288485005497932
3551.0 3.63386257737875
3552.0 3.6244108974933624
3553.0 3.635092943906784
3554.0 3.6380144208669662
3555.0 3.6171639040112495
3556.0 3.6236729994416237
3557.0 3.6326161101460457
3558.0 3.6348315328359604
3559.0 3.6412428095936775
3560.0 3.6264641135931015
3561.0 3.6259190812706947
3562.0 3.6514552533626556
3563.0 3.6414093747735023
3564.0 3.6485735327005386
3565.0 3.655534401535988
3566.0 3.644513040781021
3567.0 3.650414615869522
3568.0 3.665367789566517
3569.0 3.6582759097218513
3570.0 3.664531208574772
3571.0 3.6631406098604202
3572.0 3.659751206636429
3573.0 3.6504274383187294
3574.0 3.6504200249910355
3575.0 3.6434736773371696
3576.0 3.638302259147167
3577.0 3.635613262653351
3578.0 3.6392644718289375
3579.0 3.6523955538868904
3580.0 3.642464369535446
3581.0 3.63420120626688
3582.0 3.6320276483893394
3583.0 3.6250724494457245
3584.0 3.6339427903294563
3585.0 3.622134231030941
3586.0 3.6271592304110527
3587.0 3.616272382438183
3588.0 3.6105378940701485
3589.0 3.6069233492016792
3590.0 3.6163783445954323
3591.0 3.6047477796673775
3592.0 3.5980433598160744
3593.0 3.5894841104745865
3594.0 3.596521347761154
3595.0 3.5977869108319283
3596.0 3.578669622540474
3597.0 3.576892703771591
3598.0 3.582038514316082
3599.0 3.5719796866178513
3600.0 3.5773104205727577
3601.0 3.579185761511326
3602.0 3.58454517275095
3603.0 3.57271096855402
3604.0 3.5644800812005997
3605.0 3.57849557697773
3606.0 3.583952769637108
3607.0 3.5905225053429604
3608.0 3.5624652802944183
3609.0 3.5796897932887077
3610.0 3.5944795981049538
3611.0 3.5973926559090614
3612.0 3.6090959012508392
3613.0 3.5742629393935204
3614.0 3.5880427807569504
3615.0 3.570078670978546
3616.0 3.5656952187418938
3617.0 3.582107275724411
3618.0 3.588395193219185
3619.0 3.5965901389718056
3620.0 3.5850501731038094
3621.0 3.5903316885232925
3622.0 3.60429884493351
3623.0 3.5919187664985657
3624.0 3.5904011204838753
3625.0 3.5839648842811584
3626.0 3.5811321809887886
3627.0 3.577882081270218
3628.0 3.5758053436875343
3629.0 3.597343884408474
3630.0 3.6002739146351814
3631.0 3.5919026657938957
3632.0 3.600226879119873
3633.0 3.6023219600319862
3634.0 3.610614061355591
3635.0 3.5928122997283936
3636.0 3.5790740847587585
3637.0 3.5865298584103584
3638.0 3.589291028678417
3639.0 3.578947566449642
3640.0 3.582755982875824
3641.0 3.6080683395266533
3642.0 3.601154252886772
3643.0 3.606047175824642
3644.0 3.6151454746723175
3645.0 3.6103485599160194
3646.0 3.588854804635048
3647.0 3.607614941895008
3648.0 3.6032660230994225
3649.0 3.6165101304650307
3650.0 3.590476982295513
3651.0 3.5951890349388123
3652.0 3.5811258032917976
3653.0 3.605290524661541
3654.0 3.5942905247211456
3655.0 3.5722481310367584
3656.0 3.5854843854904175
3657.0 3.5836852341890335
3658.0 3.5910841450095177
3659.0 3.5778926983475685
3660.0 3.5795688554644585
3661.0 3.5807971358299255
3662.0 3.579481892287731
3663.0 3.5512014627456665
3664.0 3.5502270311117172
3665.0 3.5394431427121162
3666.0 3.5401330068707466
3667.0 3.5387485697865486
3668.0 3.5363052785396576
3669.0 3.519218288362026
3670.0 3.5034952834248543
3671.0 3.53174988925457
3672.0 3.5130106806755066
3673.0 3.5178020372986794
3674.0 3.5137231424450874
3675.0 3.5032645240426064
3676.0 3.5089921951293945
3677.0 3.4948270097374916
3678.0 3.4869983941316605
3679.0 3.4806506782770157
