1.0 0.37126216207231794
2.0 0.3716006542955126
3.0 0.37693468502589633
4.0 0.384738153219223
5.0 0.3861547546727317
6.0 0.3838197452681405
7.0 0.38407251494271416
8.0 0.38669746688434053
9.0 0.38771570580346243
10.0 0.3870835508619036
11.0 0.38711969767298016
12.0 0.39226154344422476
13.0 0.39424678002085006
14.0 0.3862086798463549
15.0 0.37753798621041434
16.0 0.3810819515160152
17.0 0.389227557182312
18.0 0.38906860947608946
19.0 0.3860116788319179
20.0 0.38746485880443027
21.0 0.39257650205067224
22.0 0.38858339190483093
23.0 0.3799801937171391
24.0 0.38331632784434727
25.0 0.3865922382899693
26.0 0.3860596060752869
27.0 0.3781290480068752
28.0 0.3744622766971588
29.0 0.38097365753991264
30.0 0.38614110010010855
31.0 0.3828794343130929
32.0 0.37654180697032386
33.0 0.38123595033373153
34.0 0.3850616599832262
35.0 0.39106291277068
36.0 0.3918892639023917
37.0 0.3857069492340088
38.0 0.38045562846320014
39.0 0.38154901010649545
40.0 0.3828140105519976
41.0 0.37647406799452643
42.0 0.3738037041255406
43.0 0.3772628077438899
44.0 0.37640383073261807
45.0 0.3710919158799308
46.0 0.3708027924810137
47.0 0.37690343005316596
48.0 0.3814767301082611
49.0 0.3830642947128841
50.0 0.38937588334083556
51.0 0.38565143942832947
52.0 0.3755985370704106
53.0 0.37262937341417585
54.0 0.3737140783241817
55.0 0.3742287652833121
56.0 0.37550464017050605
57.0 0.37482033031327383
58.0 0.371523083959307
59.0 0.3773457041808537
60.0 0.37971666370119367
61.0 0.3865233472415379
62.0 0.3919348095144544
63.0 0.38588389328547884
64.0 0.3814356335571834
65.0 0.37310325418199813
66.0 0.3661043967519488
67.0 0.36475345407213483
68.0 0.36784003632409235
69.0 0.3677331600870405
70.0 0.36498262286186217
71.0 0.36578578267778666
72.0 0.3726143913609641
73.0 0.37145088825907024
74.0 0.3647828791822706
75.0 0.3653251801218305
76.0 0.3679273119994572
77.0 0.3668165862560272
78.0 0.36346923198018755
79.0 0.3628787023680551
80.0 0.36402697478021895
81.0 0.3621946019785745
82.0 0.3667548392500196
83.0 0.37579948220934184
84.0 0.37030384285109386
85.0 0.36590663364955356
86.0 0.36634166325841633
87.0 0.3697460302284786
88.0 0.36897229552268984
89.0 0.3556458703109196
90.0 0.35016334652900694
91.0 0.3572954569544111
92.0 0.3691485243184226
93.0 0.3718041411467961
94.0 0.37033595613070897
95.0 0.36823719825063433
96.0 0.36173155222620285
97.0 0.36281941533088685
98.0 0.36623774341174536
99.0 0.3654096186161041
100.0 0.36926573770386834
101.0 0.37231423684528897
102.0 0.3641579491751535
103.0 0.3616905314581735
104.0 0.3726987489632198
105.0 0.37264221395765035
106.0 0.3716498647417341
107.0 0.37377684882708956
108.0 0.36812594618116107
109.0 0.36692039115088326
110.0 0.374714983361108
111.0 0.37204497967447553
112.0 0.36823438065392633
113.0 0.36744582993643626
114.0 0.36553923572812763
115.0 0.3694661957877023
116.0 0.3725763891424452
117.0 0.3665179227079664
118.0 0.3675423060144697
119.0 0.36883986421993803
120.0 0.36793689472334723
121.0 0.3720561853476933
122.0 0.37294138414519173
123.0 0.3691929042339325
124.0 0.3666224803243365
125.0 0.3631237472806658
126.0 0.3690123677253723
127.0 0.37470668724605016
128.0 0.38033129061971394
129.0 0.3858501860073635
130.0 0.3815980349268232
131.0 0.3716714220387595
132.0 0.36855612226894924
133.0 0.3746745603425162
134.0 0.3686595754964011
135.0 0.36490478515625
136.0 0.3761839670794351
137.0 0.3774427609784263
138.0 0.3688675148146493
139.0 0.36690425106457303
140.0 0.36853992087500437
141.0 0.3796733498573303
142.0 0.38305752192224773
143.0 0.3744216467653002
144.0 0.3711623506886618
145.0 0.37447312218802314
146.0 0.3704071138586317
147.0 0.36161749618394035
148.0 0.37186873980930873
149.0 0.3810142363820757
150.0 0.3756165615149907
151.0 0.37105279990604945
152.0 0.37191840410232546
153.0 0.36603930592536926
154.0 0.36548216342926027
155.0 0.3712463804653713
156.0 0.37512777958597454
157.0 0.372700377873012
158.0 0.3739207761628287
159.0 0.3868010384695871
160.0 0.3888598254748753
161.0 0.38402746319770814
162.0 0.39059846316065105
163.0 0.3910348398344857
164.0 0.3798717796802521
165.0 0.37908248390470234
166.0 0.38458495991570607
167.0 0.3835737381662641
168.0 0.382158442905971
169.0 0.384124208348138
170.0 0.38180802379335677
171.0 0.3792922624519893
172.0 0.3788292816707066
173.0 0.37590718950544083
174.0 0.37371186443737575
175.0 0.37764825906072347
176.0 0.382017286334719
177.0 0.3825770940099444
178.0 0.3783529954297202
179.0 0.37556265422276086
180.0 0.3751241156033107
181.0 0.3748582448278155
182.0 0.3752447281564985
183.0 0.36920707140650066
184.0 0.3778204551764897
185.0 0.38748241577829634
186.0 0.38151463525635854
187.0 0.38472810217312403
188.0 0.38641787341662814
189.0 0.3819240297589983
190.0 0.38062356625284466
191.0 0.3785810955933162
192.0 0.37936101640973774
193.0 0.3755699609007154
194.0 0.3784660305295672
195.0 0.3895117265837533
196.0 0.3860972855772291
197.0 0.3725510358810425
198.0 0.3779538018362863
199.0 0.3833563438483647
200.0 0.3826166425432478
201.0 0.37861705933298384
202.0 0.3674221634864807
203.0 0.3649962868009295
204.0 0.37138973133904596
205.0 0.37214309913771493
206.0 0.36332437566348486
207.0 0.35306244492530825
208.0 0.35737269946507044
209.0 0.36546800817762104
210.0 0.3613203431878771
211.0 0.3642262033053807
212.0 0.3658347793987819
213.0 0.3677821125302996
214.0 0.3636358150414058
215.0 0.3678585205759321
216.0 0.36988514491489954
217.0 0.36765240345682415
218.0 0.3704335825783866
219.0 0.3607556564467294
220.0 0.35566872443471637
221.0 0.35772043977464946
222.0 0.35909106050218853
223.0 0.35394310866083417
224.0 0.35576283420835225
225.0 0.3607601174286434
226.0 0.35963054639952524
227.0 0.35688869186810085
228.0 0.35299502781459263
229.0 0.34905066319874356
230.0 0.34570364611489435
231.0 0.3407026435647692
232.0 0.33984947545187816
233.0 0.34377349785396033
234.0 0.34874320115361895
235.0 0.3497274884155818
236.0 0.34988396082605633
237.0 0.352335775750024
238.0 0.3516464650630951
239.0 0.3472345062664577
240.0 0.3393474996089935
241.0 0.33437490378107343
242.0 0.34645845208849224
243.0 0.34935762456485203
244.0 0.34510025722639903
245.0 0.34106614078794206
246.0 0.34355105757713317
247.0 0.3509429974215371
248.0 0.35571615185056416
249.0 0.35215099028178626
250.0 0.3459353114877428
251.0 0.3421946176460811
252.0 0.3456703765051706
253.0 0.35013474651745385
254.0 0.34391545142446245
255.0 0.33696589299610685
256.0 0.3419331729412079
257.0 0.34409804344177247
258.0 0.337924690757479
259.0 0.33133371812956675
260.0 0.34397301929337637
261.0 0.35082129410334995
262.0 0.339099828686033
263.0 0.32907219784600394
264.0 0.3314951598644257
265.0 0.33655312401907783
266.0 0.33353642310414994
267.0 0.32887172102928164
268.0 0.32567426817757744
269.0 0.3275148587567466
270.0 0.33387279510498047
271.0 0.34119418007986885
272.0 0.3437961731638227
273.0 0.3416497145380293
274.0 0.3401455955845969
275.0 0.3385442861488887
276.0 0.3279177384717124
277.0 0.32288635884012495
278.0 0.32989221130098617
279.0 0.33287245971815926
280.0 0.33750094175338746
281.0 0.33365815111568997
282.0 0.3340798931462424
283.0 0.3431105187961033
284.0 0.3393148524420602
285.0 0.3395984402724675
286.0 0.3396677281175341
287.0 0.3350910782814026
288.0 0.3318354180880955
289.0 0.33411430546215604
290.0 0.33535963892936704
291.0 0.33801702260971067
292.0 0.3361162466662271
293.0 0.33637001429285324
294.0 0.3367001031126295
295.0 0.3278545882020678
296.0 0.3187390983104706
297.0 0.32276755826813835
298.0 0.33276967235973903
299.0 0.3468626422541482
300.0 0.3522864707878658
301.0 0.35329914774213517
302.0 0.34729226316724504
303.0 0.33680536491530283
304.0 0.3357092678546906
305.0 0.3501338813986097
306.0 0.35490162883486065
307.0 0.3531683036259243
308.0 0.35656173569815497
309.0 0.35679788674627033
310.0 0.35496344481195724
311.0 0.3498099454811641
312.0 0.3444894986493247
313.0 0.3527004957199097
314.0 0.36354573709624155
315.0 0.36397639513015745
316.0 0.3546880330358233
317.0 0.35518532821110316
318.0 0.3590376445225307
319.0 0.35709478173937115
320.0 0.36392629061426435
321.0 0.361752553497042
322.0 0.3564929255417415
323.0 0.36305894681385587
324.0 0.35951282211712426
325.0 0.34750357355390277
326.0 0.3501284990991865
327.0 0.3561857197965894
328.0 0.36299869077546254
329.0 0.36520701050758364
330.0 0.3628881905760084
331.0 0.3559310751301902
332.0 0.3507505919252123
333.0 0.3606125499520983
334.0 0.37101792097091674
335.0 0.37279378005436486
336.0 0.3720974521977561
337.0 0.36523610012871877
338.0 0.356657954624721
339.0 0.3551656646387918
340.0 0.3552066045148032
341.0 0.3536273453916822
342.0 0.348321544272559
343.0 0.3458027175494603
344.0 0.34606663244111197
345.0 0.35247569254466465
346.0 0.3539076030254364
347.0 0.3532353188310351
348.0 0.35303619759423394
349.0 0.3442245423793793
350.0 0.3434533749307905
351.0 0.3493361694472177
352.0 0.3489755766732352
353.0 0.3433342090674809
354.0 0.3483122868197305
355.0 0.35195926427841184
356.0 0.3500529740537916
357.0 0.3489596792629787
358.0 0.3523422930921827
359.0 0.354136552129473
360.0 0.34544026596205574
361.0 0.34280122688838416
362.0 0.34327881847109115
363.0 0.33483141575540815
364.0 0.33186870643070765
365.0 0.33329491019248964
366.0 0.3380573374884469
367.0 0.3438853987625667
368.0 0.35009614654949733
369.0 0.3511880661760058
370.0 0.3472114963190896
371.0 0.34670913560049876
372.0 0.34605985028403147
373.0 0.3463525312287467
374.0 0.34425843954086305
375.0 0.3499529949256352
376.0 0.35945642931120736
377.0 0.3659095219203404
378.0 0.3652519575187138
379.0 0.36285629613058906
380.0 0.3618854931422642
381.0 0.3575085469654628
382.0 0.3549457550048828
383.0 0.3622967098440443
384.0 0.3722643026283809
385.0 0.3754319727420807
386.0 0.3786129449095045
387.0 0.3707535454205104
388.0 0.3628917464188167
389.0 0.36509565455572945
390.0 0.36716841118676324
391.0 0.3655976482800075
392.0 0.3705650704247611
393.0 0.3762017956801823
394.0 0.37552439740725924
395.0 0.3747491376740592
396.0 0.3657890336854117
397.0 0.36327235102653505
398.0 0.3714682468346187
399.0 0.36651735135487146
400.0 0.3580370341028486
401.0 0.35822945833206177
402.0 0.3598279356956482
403.0 0.3544190926211221
404.0 0.3495830527373723
405.0 0.3516681347574506
406.0 0.35393059509141106
407.0 0.3588684345994677
408.0 0.36713623659951344
409.0 0.3671767600945064
410.0 0.36141222630228315
411.0 0.362666289295469
412.0 0.35934434362820217
413.0 0.3562878361770085
414.0 0.3553166108472007
415.0 0.3529968432017735
416.0 0.3507381660597665
417.0 0.34891390800476074
418.0 0.35022212948117937
419.0 0.34914468015943256
420.0 0.3423299023083278
421.0 0.3444057566779
422.0 0.3555861175060272
423.0 0.36074052112443106
424.0 0.3598627916404179
425.0 0.356718693460737
426.0 0.3475301418985639
427.0 0.3428214447838919
428.0 0.3442034661769867
429.0 0.3436058027403695
430.0 0.34048915675708225
431.0 0.34105705874306813
432.0 0.34371422444071087
433.0 0.34074555550302776
434.0 0.339473477431706
435.0 0.3349818868296487
436.0 0.33267943518502374
437.0 0.3359006643295288
438.0 0.336102945463998
439.0 0.33302144408226014
440.0 0.33720543810299464
441.0 0.33268253377505713
442.0 0.32551041075161524
443.0 0.3313849117074694
444.0 0.33411337307521277
445.0 0.33125792060579573
446.0 0.327210704769407
447.0 0.325646881546293
448.0 0.3238814285823277
449.0 0.3148183499063764
450.0 0.31073945675577436
451.0 0.31826220495360236
452.0 0.3157725828034537
453.0 0.3064525689397539
454.0 0.30442040307181223
455.0 0.31279688647815157
456.0 0.3203739183289664
457.0 0.3133716080869947
458.0 0.31215685776301794
459.0 0.3221681799207415
460.0 0.32569072672298977
461.0 0.3259207384926932
462.0 0.32700719237327575
463.0 0.3195154539176396
464.0 0.31817684854779926
465.0 0.32759820308004106
466.0 0.3295907003538949
467.0 0.3199726632663182
468.0 0.3192164872373853
469.0 0.323840811422893
470.0 0.32502873710223606
471.0 0.32736505780901226
472.0 0.32745099663734434
473.0 0.32175150173051015
474.0 0.32338205661092484
475.0 0.32729616335460116
476.0 0.32555182576179503
477.0 0.3309717723301479
478.0 0.3331460041659219
479.0 0.32822429026876176
480.0 0.3163907425744193
481.0 0.3101723160062517
482.0 0.31311397893088205
483.0 0.3148985377379826
484.0 0.31534926465579444
485.0 0.31471441217831203
486.0 0.31308740547725133
487.0 0.29860680103302
488.0 0.29624172704560414
489.0 0.3015485601765769
490.0 0.31436772431646076
491.0 0.3246525577136448
492.0 0.32163333126476834
493.0 0.3148944880281176
494.0 0.313742002419063
495.0 0.3193865767547062
496.0 0.3150065004825592
497.0 0.30868605971336366
498.0 0.3086129810128893
499.0 0.30553068433489117
500.0 0.304847765820367
501.0 0.30821449501173837
502.0 0.3144627026149205
503.0 0.314084940297263
504.0 0.30971759983471464
505.0 0.3112710633448192
506.0 0.3125370740890503
507.0 0.311784645489284
508.0 0.31449344498770576
509.0 0.31339928337505885
510.0 0.31139754142080034
511.0 0.3145611686365945
512.0 0.3175460594041007
513.0 0.31916395000049047
514.0 0.31604298438344686
515.0 0.3105609944888524
516.0 0.3127779202801841
517.0 0.31620406338146756
518.0 0.31961145060403007
519.0 0.31778585485049654
520.0 0.3080194524356297
521.0 0.31012516617774966
522.0 0.31752277782985144
523.0 0.3182742689337049
524.0 0.3183499242578234
525.0 0.32506875140326363
526.0 0.327147433587483
527.0 0.3250439499105726
528.0 0.3232095147882189
529.0 0.328880969115666
530.0 0.33704331602369036
531.0 0.3387021839618683
532.0 0.34001969269343785
533.0 0.338153703723635
534.0 0.3329489231109619
535.0 0.3375438903059278
536.0 0.35610736523355757
537.0 0.3519043437072209
538.0 0.3484982405390058
539.0 0.35142646857670373
540.0 0.35203090480395727
541.0 0.35087321656090875
542.0 0.35407214164733886
543.0 0.35924520577703206
544.0 0.35937264731952123
545.0 0.3613529818398612
546.0 0.3663113372666495
547.0 0.367881863457816
548.0 0.36198180488177706
549.0 0.355484448160444
550.0 0.3597428372928074
551.0 0.3675010698182242
552.0 0.36804813061441694
553.0 0.3634168701512473
554.0 0.3557104068143027
555.0 0.3575008162430355
556.0 0.35842269829341344
557.0 0.36446613073349
558.0 0.37085909077099394
559.0 0.36714950970241
560.0 0.3669683516025543
561.0 0.365828150510788
562.0 0.3597354360989162
563.0 0.35647671222686766
564.0 0.3582179648535592
565.0 0.3637643371309553
566.0 0.3644195122378213
567.0 0.3642360670225961
568.0 0.3599182716437748
569.0 0.3554671713284084
570.0 0.3538170065198626
571.0 0.35836828436170304
572.0 0.3689983495644161
573.0 0.3683853694370815
574.0 0.36358235733849664
575.0 0.36283392310142515
576.0 0.36192465679986136
577.0 0.3552950007574899
578.0 0.35317067844527106
579.0 0.3538722310747419
580.0 0.3458395004272461
581.0 0.33831873536109924
582.0 0.3421446527753558
583.0 0.34914979083197456
584.0 0.35387672526495795
585.0 0.35364900827407836
586.0 0.35128824710845946
587.0 0.34434374826295033
588.0 0.3333020074026925
589.0 0.33592911277498516
590.0 0.35456991791725156
591.0 0.34702957187380107
592.0 0.32392612525394987
593.0 0.32403753314699446
594.0 0.3323303486619677
595.0 0.3279852092266083
596.0 0.32990925822939193
597.0 0.3319150005068098
598.0 0.3295281614576067
599.0 0.3243148488657815
600.0 0.32392472880227224
601.0 0.32480047174862453
602.0 0.3202457385403769
603.0 0.32430425712040495
604.0 0.3254546420914786
605.0 0.31950357726642065
606.0 0.31965316108294894
607.0 0.32255500895636424
608.0 0.3216382026672363
609.0 0.3219571845872062
610.0 0.3171548060008458
611.0 0.31157972727503097
612.0 0.31315692152295793
613.0 0.32398572138377596
614.0 0.3301613943917411
615.0 0.32216479693140304
616.0 0.30703280823571344
617.0 0.30509408627237594
618.0 0.31926971673965454
619.0 0.32533523440361023
620.0 0.3246831033911024
621.0 0.3214282512664795
622.0 0.3191001261983599
623.0 0.3242709977286203
624.0 0.3270793523107256
625.0 0.32635235701288495
626.0 0.3286837109497615
627.0 0.3272140690258571
628.0 0.3257695402417864
629.0 0.32164688536099023
630.0 0.31860720600400655
631.0 0.32509143352508546
632.0 0.33259329455239434
633.0 0.3347744754382542
634.0 0.3321665942668915
635.0 0.32695539678846086
636.0 0.32708816954067776
637.0 0.3274246633052826
638.0 0.3274734445980617
639.0 0.32567912851061137
640.0 0.3237801798752376
641.0 0.32605189851352145
642.0 0.33283913390977043
643.0 0.3393737716334207
644.0 0.34177579368863786
645.0 0.3389045706817082
646.0 0.33777063148362296
647.0 0.34097777945654734
648.0 0.34643342750413075
649.0 0.354536007131849
650.0 0.3592509576252529
651.0 0.35538085443632944
652.0 0.353141748053687
653.0 0.35530880859919955
654.0 0.34951364398002627
655.0 0.3430249077933175
656.0 0.3476364748818534
657.0 0.3544245328222002
658.0 0.35268346071243284
659.0 0.34962514213153295
660.0 0.35770567570413864
661.0 0.36044185417039054
662.0 0.35556957721710203
663.0 0.35462130563599725
664.0 0.35875976170812335
665.0 0.36304978813443867
666.0 0.3604854609285082
667.0 0.36097313165664674
668.0 0.36102548241615295
669.0 0.35704021624156407
670.0 0.3627733060291835
671.0 0.3638533081327166
672.0 0.3566229181630271
673.0 0.3496534730706896
674.0 0.34670467632157465
675.0 0.34603123664855956
676.0 0.3447361784321921
677.0 0.34539776955332074
678.0 0.34237459897994993
679.0 0.3431930550507137
680.0 0.34739258119038174
681.0 0.343371764251164
682.0 0.344799542427063
683.0 0.35172686236245293
684.0 0.35905850103923254
685.0 0.3559242240020207
686.0 0.3467963806220463
687.0 0.35112610374178205
688.0 0.35299799357141765
689.0 0.3471467179911477
690.0 0.34966393283435276
691.0 0.3561917654105595
692.0 0.35921998449734277
693.0 0.3561506407601493
694.0 0.3510660231113434
695.0 0.3514400482177734
696.0 0.3486675100667136
697.0 0.35037512268338883
698.0 0.3407253852912358
699.0 0.33424056598118373
700.0 0.34017653891018457
701.0 0.33312922971589226
702.0 0.3257693529129028
703.0 0.3303327594484602
704.0 0.33035672988210407
705.0 0.33299231358936854
706.0 0.3305881006377084
707.0 0.32486179896763395
708.0 0.3273851002965655
709.0 0.3296461692878178
710.0 0.32246036784989496
711.0 0.317323533977781
712.0 0.3206446954182216
713.0 0.3208078077861241
714.0 0.3144981116056442
715.0 0.3134952336549759
716.0 0.3076200855629785
717.0 0.3028624394110271
718.0 0.3051135838031769
719.0 0.31061978595597406
720.0 0.3103320377213614
721.0 0.30326953785760064
722.0 0.3014656722545624
723.0 0.3099532357284001
724.0 0.3098917961120605
725.0 0.29677582255431584
726.0 0.29743201902934485
727.0 0.29776370184762135
728.0 0.2832795321941376
729.0 0.28453280670302256
730.0 0.29588207347052436
731.0 0.28746921377522605
732.0 0.28032398011003223
733.0 0.2876367245401655
734.0 0.2889452951295035
735.0 0.2853920613016401
736.0 0.2825856370585305
737.0 0.2870465410607202
738.0 0.28652778821332114
739.0 0.2764801208462034
740.0 0.27522205412387846
741.0 0.27540706949574606
742.0 0.27172127493790216
743.0 0.2740139041628156
744.0 0.2733377150126866
745.0 0.27261681386402675
746.0 0.27937687422548024
747.0 0.2763469274554934
748.0 0.27429802119731905
749.0 0.2734452392373766
750.0 0.2720038618360247
751.0 0.2695324923310961
752.0 0.26839481677327837
753.0 0.2678432677473341
754.0 0.2628425581114633
755.0 0.2627253464290074
756.0 0.2569515543324607
757.0 0.2595758595636913
758.0 0.27272453819002423
759.0 0.2777021016393389
760.0 0.27173776882035394
761.0 0.2596092858484813
762.0 0.26045183794839044
763.0 0.26363908265318187
764.0 0.26045886874198915
765.0 0.27222752954278673
766.0 0.28488230662686487
767.0 0.28191406301089694
768.0 0.26805069063391
769.0 0.26476914882659913
770.0 0.27249810567923954
771.0 0.2782512021916253
772.0 0.27577238466058457
773.0 0.27517907066004615
774.0 0.2778203138283321
775.0 0.28137747645378114
776.0 0.2832565397024155
777.0 0.2836133203336171
778.0 0.28779867163726264
779.0 0.2864905365875789
780.0 0.2851282847779138
781.0 0.286005716238703
782.0 0.2907855387244906
783.0 0.29956399628094266
784.0 0.30602729150227137
785.0 0.3059856142316546
786.0 0.30057007670402525
787.0 0.2987522797925132
788.0 0.2991013663155692
789.0 0.3027871148926871
790.0 0.3088616260460445
791.0 0.3099765292235783
792.0 0.31257213013512747
793.0 0.31629707302365984
794.0 0.3155958303383419
795.0 0.31400021484919954
796.0 0.30989754370280675
797.0 0.31048239810126166
798.0 0.31123375977788653
799.0 0.3000291049480438
800.0 0.2956471153667995
801.0 0.29966154268809725
802.0 0.30421453969819207
803.0 0.3067978722708566
804.0 0.3115430670125144
805.0 0.3124217663492475
806.0 0.31127761346953253
807.0 0.3069969994681222
808.0 0.30314097149031505
809.0 0.30360929455075947
810.0 0.3022831227098193
811.0 0.3000363971505846
812.0 0.3039088802678244
813.0 0.30779664857046946
814.0 0.30546636411121914
815.0 0.30604534234319414
816.0 0.30948024647576466
817.0 0.308938672712871
818.0 0.3044783025979996
819.0 0.30224017075129916
820.0 0.29822632670402527
821.0 0.2977925828524998
822.0 0.30468701805387227
823.0 0.3069183426243918
824.0 0.30241883737700326
825.0 0.29616038714136395
826.0 0.3030374160834721
827.0 0.3088253889765058
828.0 0.2986961475440434
829.0 0.2896623509270804
830.0 0.28427585533687044
831.0 0.2798927324158805
832.0 0.28107620435101643
833.0 0.2834343884672437
834.0 0.28850881840501513
835.0 0.29305265332971303
836.0 0.29187929247106825
837.0 0.28651746681758333
838.0 0.2870984775679452
839.0 0.2852863733257566
840.0 0.2799082300492695
841.0 0.27055187608514514
842.0 0.26941477400915964
843.0 0.2672051625592368
844.0 0.271835475734302
845.0 0.2718332963330405
846.0 0.27319045322281976
847.0 0.28332829986299785
848.0 0.28666613910879407
849.0 0.2763255434376853
850.0 0.2753706008195877
851.0 0.27693159069333756
852.0 0.27712853721209935
853.0 0.2754193433693477
854.0 0.27559902455125534
855.0 0.2847660848072597
856.0 0.2845350137778691
857.0 0.2738771459886006
858.0 0.2730566505874906
859.0 0.28687230433736527
860.0 0.29223924704960413
861.0 0.29161022560937067
862.0 0.29406549675124033
863.0 0.2870071202516556
864.0 0.2748949136052813
865.0 0.2804220050573349
866.0 0.28387238809040616
867.0 0.2870330027171544
868.0 0.29871133310454234
869.0 0.29969112191881453
870.0 0.2949304257120405
871.0 0.29420249589851927
872.0 0.3018674646105085
873.0 0.3046416257108961
874.0 0.30575689162526815
875.0 0.30938776220594133
876.0 0.3117975967270987
877.0 0.30900848167283196
878.0 0.30679529905319214
879.0 0.30455123867307393
880.0 0.308505665404456
881.0 0.3118082055023738
882.0 0.3078625730105809
883.0 0.30685629418918065
884.0 0.3083289188998086
885.0 0.30546538063458034
886.0 0.30650045105389184
887.0 0.3131839300904955
888.0 0.32144191350255696
889.0 0.33208640813827517
890.0 0.3370431389127459
891.0 0.33135210360799516
892.0 0.32591870256832667
893.0 0.32790373734065464
894.0 0.32960896832602365
895.0 0.32760704330035617
896.0 0.31965485555785045
897.0 0.3201034494808742
898.0 0.33123786704880853
899.0 0.33364462341581075
900.0 0.33542429889951436
901.0 0.33878678679466245
902.0 0.3399263824735369
903.0 0.33432469197681974
904.0 0.32851322548730033
905.0 0.32938657573291236
906.0 0.3348177645887647
907.0 0.33863937854766846
908.0 0.3288094197000776
909.0 0.3325967984540122
910.0 0.34027095181601386
911.0 0.34599006516592845
912.0 0.3420101719243186
913.0 0.3322048706667764
914.0 0.3356266268662044
915.0 0.34185291954449243
916.0 0.34135187779154097
917.0 0.3399088544504983
918.0 0.3374035562787737
919.0 0.33213885256222314
920.0 0.3324283480644226
921.0 0.3279577331883567
922.0 0.3305649357182639
923.0 0.3427490523883275
924.0 0.3384384274482727
925.0 0.33583721944264006
926.0 0.3360749168055398
927.0 0.3346494129725865
928.0 0.33696205871445795
929.0 0.3379105338028499
930.0 0.3391882862363543
931.0 0.3436075968401773
932.0 0.34922111885888235
933.0 0.3553251232419695
934.0 0.3513155221939087
935.0 0.3447624955858503
936.0 0.33891247510910033
937.0 0.33733442681176323
938.0 0.3372987014906747
939.0 0.33774961573737006
940.0 0.3461516167436327
941.0 0.35067733781678334
942.0 0.3535101805414472
943.0 0.34886516588074823
944.0 0.3443276362759726
945.0 0.34763036625725885
946.0 0.3520732249532427
947.0 0.3549736269882747
948.0 0.35684656160218375
949.0 0.36125599997384206
950.0 0.3524936097008841
951.0 0.3492378064564296
952.0 0.3601961842605046
953.0 0.35981053709983823
954.0 0.3511734621865409
955.0 0.35292600904192245
956.0 0.34879663842064995
957.0 0.3523422122001648
958.0 0.3583406669752938
959.0 0.35978860429355075
960.0 0.3581946432590485
961.0 0.35155511924198696
962.0 0.35375229120254514
963.0 0.35177964738437106
964.0 0.34227993743760243
965.0 0.3377802048410688
966.0 0.33856109465871537
967.0 0.3436973852770669
968.0 0.3441563768046243
969.0 0.3470282077789307
970.0 0.3501719151224409
971.0 0.3538382419518062
972.0 0.3584587207862309
973.0 0.3471723692757743
974.0 0.344999657358442
975.0 0.35331616486821854
976.0 0.3518140554428101
977.0 0.3453115676130567
978.0 0.3479206757886069
979.0 0.348073022706168
980.0 0.34466825383050104
981.0 0.3514404705592564
982.0 0.35756335258483884
983.0 0.3603523705686842
984.0 0.36194140825952803
985.0 0.3457589992455074
986.0 0.334534250838416
987.0 0.3362043968268803
988.0 0.34677807433264596
989.0 0.3539475355829511
990.0 0.3506992782865252
991.0 0.34866450088364737
992.0 0.3503326654434204
993.0 0.3526626459189824
994.0 0.3526897668838501
995.0 0.3463962537901742
996.0 0.3469149708747864
997.0 0.35572673337800165
998.0 0.35484746183667865
999.0 0.34762035863740104
1000.0 0.35212939041001456
1001.0 0.35708937900406973
1002.0 0.3528873154095241
1003.0 0.35056709902627126
1004.0 0.3550220114844186
1005.0 0.36196988139833725
1006.0 0.3622935448374067
1007.0 0.3685148903301784
1008.0 0.37205696872302463
1009.0 0.36026938813073295
1010.0 0.3511332333087921
1011.0 0.35559836626052854
1012.0 0.36352256621633255
1013.0 0.3623385804040091
1014.0 0.35511320999690466
1015.0 0.35226015193121774
1016.0 0.3556339996201651
1017.0 0.3549797858510699
1018.0 0.3621659346989223
1019.0 0.36999303357941765
1020.0 0.3621354511805943
1021.0 0.361722605569022
1022.0 0.364864775964192
1023.0 0.36610752940177915
1024.0 0.3657479975904737
1025.0 0.35984267336981635
1026.0 0.3614132012639727
1027.0 0.36919870546885897
1028.0 0.3720920145511627
1029.0 0.3757627580847059
1030.0 0.37167847071375165
1031.0 0.3609251158578055
1032.0 0.36188110198293416
1033.0 0.36896243180547444
1034.0 0.36998376165117536
1035.0 0.36993354899542674
1036.0 0.37350366371018545
1037.0 0.3715858144419534
1038.0 0.36907261099134175
1039.0 0.3749581004892077
1040.0 0.37900533846446444
1041.0 0.37734481181417195
1042.0 0.37941727553095134
1043.0 0.3764934369495937
1044.0 0.36862216421536037
1045.0 0.3652284256049565
1046.0 0.36485820838383265
1047.0 0.36465460317475457
1048.0 0.3713951298168727
1049.0 0.3884838547025408
1050.0 0.3939680516719818
1051.0 0.38449077010154725
1052.0 0.37876610670770916
1053.0 0.37924283742904663
1054.0 0.37445198127201623
1055.0 0.36306664858545573
1056.0 0.3603326857089996
1057.0 0.3632549822330475
1058.0 0.37611083473478046
1059.0 0.3808260951723371
1060.0 0.3758683460099356
1061.0 0.3698474620069776
1062.0 0.3704157939979008
1063.0 0.3706261694431305
1064.0 0.3728465403829302
1065.0 0.37477981873920985
1066.0 0.3740370205470494
1067.0 0.3719321242400578
1068.0 0.36913353545325145
1069.0 0.36303825974464415
1070.0 0.36848242368016926
1071.0 0.3811977182115827
1072.0 0.3848043484347207
1073.0 0.381151362827846
1074.0 0.3802399379866464
1075.0 0.3809628086430686
1076.0 0.3737422032015664
1077.0 0.3771130357469831
1078.0 0.3776057975632804
1079.0 0.37971010378428866
1080.0 0.38608328785215107
1081.0 0.38565391642706737
1082.0 0.38542637654713224
1083.0 0.38763456004006525
1084.0 0.384729551417487
1085.0 0.38570552042552403
1086.0 0.39040012444768635
1087.0 0.39726744549615045
1088.0 0.39846904958997453
1089.0 0.39421953303473334
1090.0 0.3963921998228346
1091.0 0.39127925719533646
1092.0 0.38397248557635716
1093.0 0.3843203399862562
1094.0 0.38176092760903496
1095.0 0.38593435542924065
1096.0 0.39895433783531187
1097.0 0.4028392357485635
1098.0 0.39530901738575525
1099.0 0.39167117306164334
1100.0 0.3899134925433568
1101.0 0.3917904896395547
1102.0 0.40074034673827036
1103.0 0.40451866132872444
1104.0 0.3997321605682373
1105.0 0.39680342333657403
1106.0 0.4019542379038675
1107.0 0.4018917151859828
1108.0 0.4011489527566092
1109.0 0.4078004802976336
1110.0 0.41789417862892153
1111.0 0.4186253215585436
1112.0 0.4042376484189715
1113.0 0.3988527749265943
1114.0 0.4077211311885289
1115.0 0.4116006238119943
1116.0 0.41029537405286515
1117.0 0.40658210345676965
1118.0 0.4010595347200121
1119.0 0.3937674173286983
1120.0 0.3864107029778617
1121.0 0.3852420628070831
1122.0 0.3915150727544512
1123.0 0.40594104954174587
1124.0 0.42032985176358906
1125.0 0.4217861575739724
1126.0 0.4173073777130672
1127.0 0.418949282169342
1128.0 0.4171770444938115
1129.0 0.41081143617630006
1130.0 0.4213538544518607
1131.0 0.4212146350315639
1132.0 0.41125391125679017
1133.0 0.4126539673124041
1134.0 0.42351174865450175
1135.0 0.4187524063246591
1136.0 0.4139105132647923
1137.0 0.41712659767695837
1138.0 0.4139239719935826
1139.0 0.41562625765800476
1140.0 0.41166203703199117
1141.0 0.41405807307788306
1142.0 0.42111492923327853
1143.0 0.4242995841162545
1144.0 0.4240423253604344
1145.0 0.4258904252733503
1146.0 0.42790171589170184
1147.0 0.4281102163451059
1148.0 0.4264385197843824
1149.0 0.42132889883858815
1150.0 0.4167074850627354
1151.0 0.4191505372524261
1152.0 0.42837142177990506
1153.0 0.4250008259500776
1154.0 0.41490382722445895
1155.0 0.4127882165568216
1156.0 0.4218055307865143
1157.0 0.4248966540609087
1158.0 0.41717724459511896
1159.0 0.41618656686374117
1160.0 0.41597736988748824
1161.0 0.41525126440184457
1162.0 0.41887923734528676
1163.0 0.4131856024265289
1164.0 0.4043649435043335
1165.0 0.41165158918925693
1166.0 0.42204155836786544
1167.0 0.4207475551537105
1168.0 0.416783801146916
1169.0 0.41418067131723674
1170.0 0.4079117008617946
1171.0 0.4093647871698652
1172.0 0.4195617369243077
1173.0 0.42422070162636893
1174.0 0.4250024744442531
1175.0 0.42989124826022557
1176.0 0.4298379404204232
1177.0 0.4258901068142482
1178.0 0.43172012652669634
1179.0 0.4287972705704825
1180.0 0.41991618531090874
1181.0 0.4171273503984724
1182.0 0.41813306212425233
1183.0 0.4220527734075274
1184.0 0.4203928351402283
1185.0 0.4148334997040885
1186.0 0.4180453973157065
1187.0 0.4184280344418117
1188.0 0.42284790788378035
1189.0 0.42682092445237296
1190.0 0.4252106887953622
1191.0 0.4151299698012216
1192.0 0.40615344984190804
1193.0 0.41111109937940327
1194.0 0.4182071898664747
1195.0 0.42226547854287283
1196.0 0.4197641508919852
1197.0 0.4159775035721915
1198.0 0.41588607600757055
1199.0 0.41411600027765544
1200.0 0.41706521085330417
1201.0 0.41779120309012274
1202.0 0.4195078228201185
1203.0 0.4215667750154223
1204.0 0.4200640218598502
1205.0 0.4139061416898455
1206.0 0.41231263875961305
1207.0 0.4173103111130851
1208.0 0.4167540030820029
1209.0 0.4182113102504185
1210.0 0.4267566135951451
1211.0 0.4282782869679587
1212.0 0.42050527078764777
1213.0 0.4197147130966187
1214.0 0.4225586797509875
1215.0 0.4189719932419913
1216.0 0.4176034578255245
1217.0 0.4177036370549883
1218.0 0.4188068568706512
1219.0 0.4228000198091779
1220.0 0.42538204107965744
1221.0 0.4379110217094421
1222.0 0.44750605566161017
1223.0 0.436395891223635
1224.0 0.4260516703128815
1225.0 0.4281224489212036
1226.0 0.4325393583093371
1227.0 0.42935297404016765
1228.0 0.4344134160450527
1229.0 0.4366938854966845
1230.0 0.4289885231426784
1231.0 0.42467161076409476
1232.0 0.43215610470090593
1233.0 0.4363202324935368
1234.0 0.43142505288124083
1235.0 0.43356148515428816
1236.0 0.43977326921054294
1237.0 0.4362314147608621
1238.0 0.4268124367509569
1239.0 0.4255040969167437
1240.0 0.4282213466508048
1241.0 0.42600903936794826
1242.0 0.42733318379947116
1243.0 0.4321399646145957
1244.0 0.43047750336783275
1245.0 0.4311650684901646
1246.0 0.44502086809703284
1247.0 0.44173042944499424
1248.0 0.4360458356993539
1249.0 0.44389639496803285
1250.0 0.4501177413122995
1251.0 0.44384873850005013
1252.0 0.43076682686805723
1253.0 0.4301604543413435
1254.0 0.430705201625824
1255.0 0.42343520862715583
1256.0 0.43424437046051023
1257.0 0.4378105103969574
1258.0 0.42965751375470845
1259.0 0.43102964588574
1260.0 0.430398964881897
1261.0 0.43062390514782495
1262.0 0.43340389132499696
1263.0 0.4337228885718754
1264.0 0.4353825867176056
1265.0 0.43156715546335495
1266.0 0.4317545277731759
1267.0 0.4378304055758885
1268.0 0.4421448264803205
1269.0 0.4345655219895499
1270.0 0.42978399225643704
1271.0 0.42843723126820155
1272.0 0.4229367996965136
1273.0 0.4238527255398887
1274.0 0.4261218462671552
1275.0 0.42807412913867404
1276.0 0.42805978400366645
1277.0 0.42849409665380206
1278.0 0.43199713485581537
1279.0 0.434354897907802
1280.0 0.4382282767977033
1281.0 0.42692109176090787
1282.0 0.41671671782221115
1283.0 0.4156704340662275
1284.0 0.41347778694970266
1285.0 0.4200150966644287
1286.0 0.4311273259775979
1287.0 0.4250746480056218
1288.0 0.4216506779193878
1289.0 0.42521377546446665
1290.0 0.4286932698317936
1291.0 0.4248564209256853
1292.0 0.4192373267241887
1293.0 0.4119588596480233
1294.0 0.41387860093797957
1295.0 0.41353786332266673
1296.0 0.4104408553668431
1297.0 0.41627424529620577
1298.0 0.4176963542188917
1299.0 0.4131172529288701
1300.0 0.4170412608555385
1301.0 0.42342939291681564
1302.0 0.42532498240470884
1303.0 0.42325833695275444
1304.0 0.42085373146193367
1305.0 0.4145948716572353
1306.0 0.41660801427704947
1307.0 0.4097865334578923
1308.0 0.4092740629400526
1309.0 0.4149224051407405
1310.0 0.41295579416411266
1311.0 0.40800253323146274
1312.0 0.41366955637931824
1313.0 0.42334239738328117
1314.0 0.4232896992138454
1315.0 0.4223347987447466
1316.0 0.43127708264759607
1317.0 0.43929491468838283
1318.0 0.42411858524594986
1319.0 0.4176048653466361
1320.0 0.42521349021366667
1321.0 0.42195322683879305
1322.0 0.4148741917950766
1323.0 0.41181870869227816
1324.0 0.41428970779691426
1325.0 0.42400796243122646
1326.0 0.42551901851381574
1327.0 0.41056267619132997
1328.0 0.4088611670902797
1329.0 0.41615410191672186
1330.0 0.4182956738131387
1331.0 0.41754204205104284
1332.0 0.4152638443878719
1333.0 0.4196644961833954
1334.0 0.4170446753501892
1335.0 0.41176386986460006
1336.0 0.4075654149055481
1337.0 0.4081095397472382
1338.0 0.4112931208951133
1339.0 0.414049072776522
1340.0 0.41518029059682576
1341.0 0.40871606128556387
1342.0 0.4021665189947401
1343.0 0.4027203951563154
1344.0 0.40098036697932654
1345.0 0.4110868283680507
1346.0 0.41754225833075387
1347.0 0.4113492855003902
1348.0 0.40713473217827933
1349.0 0.3993485127176557
1350.0 0.3899014038699014
1351.0 0.3940654643944332
1352.0 0.3980165924344744
1353.0 0.3938462402139391
1354.0 0.3899039251463754
1355.0 0.3901406237057277
1356.0 0.397157553264073
1357.0 0.3964675375393459
1358.0 0.38947770425251554
1359.0 0.3829741656780243
1360.0 0.3889221327645438
1361.0 0.3947136180741446
1362.0 0.39415479983602253
1363.0 0.3890597360474723
1364.0 0.3891931678567614
1365.0 0.3886466554233006
1366.0 0.38936488543237957
1367.0 0.39054122141429354
1368.0 0.39213667937687463
1369.0 0.39347528644970486
1370.0 0.39105164068085807
1371.0 0.3903835994856698
1372.0 0.38864745838301523
1373.0 0.3819038689136505
1374.0 0.3747581558568137
1375.0 0.3827104415212359
1376.0 0.39126025949205673
1377.0 0.39023710233824593
1378.0 0.38682944774627687
1379.0 0.38121216297149657
1380.0 0.37637355497905184
1381.0 0.3777788162231445
1382.0 0.37257459419114247
1383.0 0.3644673824310303
1384.0 0.3657094657421112
1385.0 0.36730666416031976
1386.0 0.36919565200805665
1387.0 0.37314202785491946
1388.0 0.37669505987848556
1389.0 0.3717998896326338
1390.0 0.37576821957315715
1391.0 0.3778672294957297
1392.0 0.371919253042766
1393.0 0.37557048882756916
1394.0 0.38164056624685017
1395.0 0.3847954409463065
1396.0 0.3916141356740679
1397.0 0.39009347217423573
1398.0 0.37525589125497
1399.0 0.3716066462653024
1400.0 0.37919161915779115
1401.0 0.38178475499153136
1402.0 0.3846363059112004
1403.0 0.3904946574143001
1404.0 0.3873831978866032
1405.0 0.3810344627925328
1406.0 0.38744212899889263
1407.0 0.38974844302449907
1408.0 0.38841813036373685
1409.0 0.38283648490905764
1410.0 0.38215238537107193
1411.0 0.3799842485359737
1412.0 0.37372742891311644
1413.0 0.37390028749193466
1414.0 0.3869370503085
1415.0 0.38979995506150383
1416.0 0.3765992726598467
1417.0 0.3713123287473406
1418.0 0.36920115862573893
1419.0 0.37321150643484935
1420.0 0.37974322608539035
1421.0 0.38002277953284125
1422.0 0.37991073983056206
1423.0 0.3782887143748147
1424.0 0.37675491741725375
1425.0 0.3754276922770909
1426.0 0.3784394408975329
1427.0 0.380879625252315
1428.0 0.3751267731189728
1429.0 0.36976450085639956
1430.0 0.36801230141094754
1431.0 0.3674218841961452
1432.0 0.3712499610015324
1433.0 0.36411250744547163
1434.0 0.35864103181021556
1435.0 0.35746358036994935
1436.0 0.3547437071800232
1437.0 0.3599782747881753
1438.0 0.3675107947417668
1439.0 0.37093437143734526
1440.0 0.3704692006111145
1441.0 0.36182757360594614
1442.0 0.35806244952338084
1443.0 0.3646761613232749
1444.0 0.3681584622178759
1445.0 0.3606768582548414
1446.0 0.35041100127356395
1447.0 0.35220816816602435
1448.0 0.3570921301841736
1449.0 0.3551489429814475
1450.0 0.3488294976098197
1451.0 0.34381972636495317
1452.0 0.3509213072913034
1453.0 0.35437361087117875
1454.0 0.3516220620700291
1455.0 0.3511076901640211
1456.0 0.3507738581725529
1457.0 0.34768457072121756
1458.0 0.35188749858311247
1459.0 0.35146892411368236
1460.0 0.3469950905867985
1461.0 0.35304819175175256
1462.0 0.3501003665583474
1463.0 0.3492638758250645
1464.0 0.35696278299604145
1465.0 0.35682008351598465
1466.0 0.3586377024650574
1467.0 0.36116386226245334
1468.0 0.3594017360891615
1469.0 0.3545885784285409
1470.0 0.352796745300293
1471.0 0.35499565856797355
1472.0 0.3605056175163814
1473.0 0.35253700358527046
1474.0 0.34578068000929696
1475.0 0.35621880548340934
1476.0 0.3683097984109606
1477.0 0.3637072614261082
1478.0 0.35443839260510035
1479.0 0.35994597928864613
1480.0 0.3629367070538657
1481.0 0.3613252895218985
1482.0 0.35167519705636163
1483.0 0.34448642304965427
1484.0 0.3463013291358948
1485.0 0.34467700379235405
1486.0 0.339070782491139
1487.0 0.3383512360709054
1488.0 0.3520980681691851
1489.0 0.34792468632970536
1490.0 0.3490835504872458
1491.0 0.3572597648416247
1492.0 0.35387454799243384
1493.0 0.3496755472251347
1494.0 0.3418298772403172
1495.0 0.33632884962218146
1496.0 0.33168012840407235
1497.0 0.3335154686655317
1498.0 0.3395023201193128
1499.0 0.33732826113700864
1500.0 0.33835806250572203
1501.0 0.34019785693713595
1502.0 0.33655466863087247
1503.0 0.34060663751193454
1504.0 0.34375959975378856
1505.0 0.337958984715598
1506.0 0.33466061353683474
1507.0 0.3312318665640695
1508.0 0.33335871611322676
1509.0 0.3386131124837058
1510.0 0.33813734224864417
1511.0 0.3257563752787454
1512.0 0.3199606146131243
1513.0 0.3251438992364066
1514.0 0.3324010414736612
1515.0 0.3335862738745553
1516.0 0.33481970003673006
1517.0 0.33691047515187944
1518.0 0.33336026072502134
1519.0 0.3325576944010598
1520.0 0.34178037217685153
1521.0 0.3418579808303288
1522.0 0.331556739125933
1523.0 0.3353970442499433
1524.0 0.3369651028088161
1525.0 0.33618274075644355
1526.0 0.33589573757989066
1527.0 0.3310763342039926
1528.0 0.32734348007610864
1529.0 0.3294571374143873
1530.0 0.3315921527998788
1531.0 0.33610999243600026
1532.0 0.3406097539833614
1533.0 0.3427740854876382
1534.0 0.34309100253241404
1535.0 0.3432378326143537
1536.0 0.33470522250447954
1537.0 0.33948501093047007
1538.0 0.3476289996079036
1539.0 0.3520377150603703
1540.0 0.34768151470593045
1541.0 0.33937106728553773
1542.0 0.3378601721354893
1543.0 0.3369287942137037
1544.0 0.3380692592688969
1545.0 0.34054085186549593
1546.0 0.3420678198337555
1547.0 0.3352039396762848
1548.0 0.33025681717055183
1549.0 0.32868541053363254
1550.0 0.3321782580443791
1551.0 0.3319943760122572
1552.0 0.32682580351829527
1553.0 0.32345103195735386
1554.0 0.3241091430187225
1555.0 0.32897677762167793
1556.0 0.32764005235263277
1557.0 0.3213922074862889
1558.0 0.32305109926632475
1559.0 0.3342714394841875
1560.0 0.33576962181500025
1561.0 0.3343315856797355
1562.0 0.33050170115062166
1563.0 0.32719786507742743
1564.0 0.3293067182813372
1565.0 0.327603942155838
1566.0 0.32597719260624475
1567.0 0.32635655232838223
1568.0 0.3281345708029611
1569.0 0.3260412914412362
1570.0 0.31887226019586834
1571.0 0.31988402605056765
1572.0 0.31899105651038034
1573.0 0.315106919833592
1574.0 0.31346100100449154
1575.0 0.31307051607540676
1576.0 0.30842108981949945
1577.0 0.3032821374280112
1578.0 0.30787077162946974
1579.0 0.3108653128147125
1580.0 0.2979246122496469
1581.0 0.2949329887117658
1582.0 0.29837517312594825
1583.0 0.30316285235541207
1584.0 0.30245658159255984
1585.0 0.29513193666934967
1586.0 0.2948951465742929
1587.0 0.2916518313544137
1588.0 0.2924843903098788
1589.0 0.30352247272218974
1590.0 0.3104378342628479
1591.0 0.3066140294075012
1592.0 0.2947889677115849
1593.0 0.2901443332433701
1594.0 0.2939468136855534
1595.0 0.3042263209819794
1596.0 0.30249661888395035
1597.0 0.29736980370112825
1598.0 0.29868357351848057
1599.0 0.29669563003948757
1600.0 0.2894531714064734
1601.0 0.28647034210818156
1602.0 0.2942109674215317
1603.0 0.3020785987377167
1604.0 0.2971446829182761
1605.0 0.28956287503242495
1606.0 0.28449509995324274
1607.0 0.2835891685315541
1608.0 0.28694180292742594
1609.0 0.2840628845351083
1610.0 0.27379411203520637
1611.0 0.27855360976287297
1612.0 0.28372787748064315
1613.0 0.2834322473832539
1614.0 0.2743512966803142
1615.0 0.2647520363330841
1616.0 0.2705338167292731
1617.0 0.27568447036402566
1618.0 0.2730268576315471
1619.0 0.2715559333562851
1620.0 0.27716224661895206
1621.0 0.27830609679222107
1622.0 0.2633522514786039
1623.0 0.2549664665545736
1624.0 0.24905272849968502
1625.0 0.25853936595043964
1626.0 0.27082809592996326
1627.0 0.2671267275299345
1628.0 0.2602715411356517
1629.0 0.26185332536697387
1630.0 0.2698364683559963
1631.0 0.2781515917607716
1632.0 0.27527745621544975
1633.0 0.26856776773929597
1634.0 0.2690313011407852
1635.0 0.2734791602407183
1636.0 0.2782104998826981
1637.0 0.2726908377238682
1638.0 0.27174893234457287
1639.0 0.27628294059208464
1640.0 0.27318124089922224
1641.0 0.2677815922669002
1642.0 0.2686095897640501
1643.0 0.26544994839600156
1644.0 0.26230489824499403
1645.0 0.27144497292382375
1646.0 0.27645109380994526
1647.0 0.2705067655869893
1648.0 0.2680707565375737
1649.0 0.27538336770875116
1650.0 0.2902202180453709
1651.0 0.301276929463659
1652.0 0.2989007805074964
1653.0 0.3043439077479499
1654.0 0.30028978330748424
1655.0 0.28871405039514814
1656.0 0.28315475838524956
1657.0 0.2749498009681702
1658.0 0.26213139636175975
1659.0 0.25879934685570855
1660.0 0.258809033036232
1661.0 0.25635125253881724
1662.0 0.24890081073556627
1663.0 0.2496934367077691
1664.0 0.25457686824457987
1665.0 0.25292001792362756
1666.0 0.24640517575400217
1667.0 0.24081418429102217
1668.0 0.23818402205194747
1669.0 0.2338674932718277
1670.0 0.22902300102370127
1671.0 0.21919511769499098
1672.0 0.22033660326685225
1673.0 0.21765299439430236
1674.0 0.20284913054534368
1675.0 0.19078288120882853
1676.0 0.19042764902114867
1677.0 0.1908773077385766
1678.0 0.1872973769903183
1679.0 0.1766880316393716
1680.0 0.17319737757955278
1681.0 0.17833296954631805
1682.0 0.17773635919604983
1683.0 0.1751239061355591
1684.0 0.1704547758613314
1685.0 0.16514030269214086
1686.0 0.16910852193832399
1687.0 0.17102397424834115
1688.0 0.16870628382478442
1689.0 0.16359668161187854
1690.0 0.16808459290436337
1691.0 0.17275153653962272
1692.0 0.16934960207768848
1693.0 0.16456041506358554
1694.0 0.15936929285526275
1695.0 0.16139077927385057
1696.0 0.16669119255883352
1697.0 0.16870419638497489
1698.0 0.16749611794948577
1699.0 0.15993483364582062
1700.0 0.15321683266333172
1701.0 0.1554295205644199
1702.0 0.16059647372790745
1703.0 0.1632497455392565
1704.0 0.16090145664555686
1705.0 0.1598122517977442
1706.0 0.1611950559275491
1707.0 0.15252355060407094
1708.0 0.14295309207269125
1709.0 0.13991371733801705
1710.0 0.14307921273367746
1711.0 0.1462161883711815
1712.0 0.1574931670512472
1713.0 0.15162105177130017
1714.0 0.1380661691938128
1715.0 0.13754384560244423
1716.0 0.1429748073220253
1717.0 0.14278490607227598
1718.0 0.1418402659041541
1719.0 0.14525661872965948
1720.0 0.15007174078907284
1721.0 0.15333041570016315
1722.0 0.15185219986098153
1723.0 0.14767743859972274
1724.0 0.14987798439604896
1725.0 0.14847438037395477
1726.0 0.14502491908414022
1727.0 0.1430218558226313
1728.0 0.14292194311107909
1729.0 0.13505878682647432
1730.0 0.12595520040818622
1731.0 0.13234922694308418
1732.0 0.1339080810546875
1733.0 0.13059300524847847
1734.0 0.13148416238171715
1735.0 0.1336075444306646
1736.0 0.13212464600801468
1737.0 0.130342107798372
1738.0 0.13410586693457194
1739.0 0.1339627947126116
1740.0 0.12751034136329378
1741.0 0.1261656077844756
1742.0 0.1280439364058631
1743.0 0.130129431613854
1744.0 0.12772515267133713
1745.0 0.11943856328725815
1746.0 0.11623639975275313
1747.0 0.11516364238091878
1748.0 0.11574504439319883
1749.0 0.11509799510240555
1750.0 0.11592036549534117
1751.0 0.11623054040329797
1752.0 0.11154933465378625
1753.0 0.1119112178683281
1754.0 0.11361433544329234
1755.0 0.11297215478760855
1756.0 0.11472830346652439
1757.0 0.11044077681643623
1758.0 0.10842569300106593
1759.0 0.1101266873734338
1760.0 0.10943334932838167
1761.0 0.10692450042281831
1762.0 0.10634845984833581
1763.0 0.1020431563258171
1764.0 0.09569310652358191
1765.0 0.1025264893259321
1766.0 0.10869065523147584
1767.0 0.10298473026071275
1768.0 0.1002846040896007
1769.0 0.10015638193913869
1770.0 0.10420407269682203
1771.0 0.10551980244261878
1772.0 0.100849977348532
1773.0 0.09744830812726701
1774.0 0.09736661900367055
1775.0 0.0980585094009127
1776.0 0.09776957545961652
1777.0 0.09715630529182298
1778.0 0.0964685497539384
1779.0 0.09832780786923
1780.0 0.09780849111931665
1781.0 0.0990291376199041
1782.0 0.0979289533836501
1783.0 0.09994750193187169
1784.0 0.09880332584892
1785.0 0.0938896296279771
1786.0 0.09275019275290626
1787.0 0.09296359206948962
1788.0 0.09454288610390255
1789.0 0.09727141282388142
1790.0 0.09567054552691323
1791.0 0.09536652714014053
1792.0 0.09692156197769301
1793.0 0.09554338976740837
1794.0 0.09753718333584922
1795.0 0.09925110233681543
1796.0 0.09619308135339193
1797.0 0.0962832538144929
1798.0 0.09675177410244942
1799.0 0.09748035711901529
1800.0 0.09540144886289324
1801.0 0.09519648594515664
1802.0 0.09529577621391841
1803.0 0.0921597631914275
1804.0 0.08868752686040741
1805.0 0.08960531822272709
1806.0 0.09306528866291046
1807.0 0.08813043162226677
1808.0 0.09087754040956497
1809.0 0.10129742132765907
1810.0 0.100931173988751
1811.0 0.09691579256738936
1812.0 0.09635511093905993
1813.0 0.09451929298894746
1814.0 0.0964361195053373
1815.0 0.09214548234428678
1816.0 0.08651275166443416
1817.0 0.08950759097933769
1818.0 0.0933163276740483
1819.0 0.09227419697812625
1820.0 0.08459467813372612
1821.0 0.08739070445299149
1822.0 0.08612191325851849
1823.0 0.08183331968528884
1824.0 0.08010464044553893
1825.0 0.08422162224139486
1826.0 0.08775513023138046
1827.0 0.08338064699699836
1828.0 0.07897977782413364
1829.0 0.07867525347641537
1830.0 0.07957633595381464
1831.0 0.0808256241359881
1832.0 0.08592597767710686
1833.0 0.07672058554100139
1834.0 0.05511392291768321
1835.0 0.059272764277245316
1836.0 0.07490135210433177
1837.0 0.08901864189122405
1838.0 0.07568430677056312
1839.0 0.07902430753622736
1840.0 0.09038277635616916
1841.0 0.09737079498757209
1842.0 0.09549588129988738
1843.0 0.06925442311912774
1844.0 0.08230012209553804
1845.0 0.09894977142768246
1846.0 0.10796844983207328
1847.0 0.09277633705309458
1848.0 0.09255040144281727
1849.0 0.08959061200065273
1850.0 0.05312219512249742
1851.0 0.07582661658525466
1852.0 0.07956215308180876
1853.0 0.09297692083886691
1854.0 0.10995241600487914
1855.0 0.09333018506211894
1856.0 0.15254519347633635
1857.0 0.09415734798780509
1858.0 -0.012220953511340277
1859.0 0.0717201428753989
1860.0 0.1295195517263242
1861.0 0.10372856498828956
1862.0 0.1705804028149162
1863.0 0.09071215721113342
1864.0 0.014518157339521817
1865.0 0.04361559386764254
1866.0 0.11680238949401038
1867.0 0.049454105751855035
1868.0 0.03840710946491786
1869.0 0.27946012509720664
1870.0 0.26195373418075696
1871.0 0.054240841950689046
1872.0 -0.1123017427112375
1873.0 -0.11536161665405546
1874.0 0.023827375045844486
1875.0 0.14305261501244138
1876.0 0.1172632017305919
1877.0 0.06415827891656331
1878.0 0.04564624513898577
1879.0 0.09194677429539817
1880.0 0.0558867267199925
1881.0 0.11885221089635577
1882.0 -0.05464762704713004
1883.0 -0.33909986721617835
1884.0 -0.20927850178309848
1885.0 0.11182229582752501
1886.0 0.28832718900271825
1887.0 0.04028613652501788
1888.0 -0.043495981182370864
1889.0 0.34463989340833256
1890.0 0.3310535263802324
1891.0 -0.09104467928409576
1892.0 -0.16902929714747839
1893.0 0.07775336291108813
1894.0 -0.02029807141848973
1895.0 0.1217570036649704
1896.0 0.19143565041678293
1897.0 0.20044197567871638
1898.0 0.32001288192612787
1899.0 0.4214008484567915
1900.0 -0.10350847499711173
1901.0 -0.1019059032201767
1902.0 0.1797537603548595
1903.0 0.07681711230959211
1904.0 0.01736040711402893
1905.0 -0.17627530779157366
1906.0 -0.1521587107862745
1907.0 -0.03132379736219134
1908.0 0.03310890282903399
1909.0 0.04065244708742414
1910.0 0.0
1911.0 0.0
1912.0 0.0
1913.0 0.0
1914.0 0.0
1915.0 0.0
1916.0 0.0
1917.0 0.0
1918.0 0.0
1919.0 0.0
1920.0 0.0
1921.0 0.0
1922.0 0.0
1923.0 0.0
1924.0 0.0
1925.0 0.0
1926.0 0.0
1927.0 0.0
1928.0 0.0
1929.0 0.0
1930.0 0.0
1931.0 0.0
1932.0 0.0
1933.0 0.0
1934.0 0.0
1935.0 0.0
1936.0 0.0
1937.0 0.0
1938.0 0.0
1939.0 0.0
1940.0 0.0
1941.0 0.0
1942.0 0.0
1943.0 0.0
1944.0 0.0
1945.0 0.0
1946.0 0.0
1947.0 0.0
1948.0 0.0
1949.0 0.0
1950.0 0.0
1951.0 0.0
1952.0 0.0
1953.0 0.0
1954.0 0.0
1955.0 0.0
1956.0 0.0
1957.0 0.0
1958.0 0.0
1959.0 0.0
1960.0 0.0
1961.0 0.0
1962.0 0.0
1963.0 0.0
1964.0 0.0
1965.0 0.0
1966.0 0.0
1967.0 0.0
1968.0 0.0
1969.0 0.0
1970.0 0.0
1971.0 0.0
1972.0 0.0
1973.0 0.0
1974.0 0.0
1975.0 0.0
1976.0 0.0
1977.0 0.0
1978.0 0.0
1979.0 0.0
1980.0 0.0
1981.0 0.0
1982.0 0.0
1983.0 0.0
1984.0 0.0
1985.0 0.0
1986.0 0.0
1987.0 0.0
1988.0 0.0
1989.0 0.0
1990.0 0.0
1991.0 0.0
1992.0 0.0
1993.0 0.0
1994.0 0.0
1995.0 0.0
1996.0 0.0
1997.0 0.0
1998.0 0.0
1999.0 0.0
2000.0 0.0
2001.0 0.0
2002.0 0.0
2003.0 0.0
2004.0 0.0
2005.0 0.0
2006.0 0.0
2007.0 0.0
2008.0 0.0
2009.0 0.0
2010.0 0.0
2011.0 0.0
2012.0 0.0
2013.0 0.0
2014.0 0.0
2015.0 0.0
2016.0 0.0
2017.0 0.0
2018.0 0.0
2019.0 0.0
2020.0 0.0
2021.0 0.0
2022.0 0.0
2023.0 0.0
2024.0 0.0
2025.0 0.0
2026.0 0.0
2027.0 0.0
2028.0 0.0
2029.0 0.0
2030.0 0.0
2031.0 0.0
2032.0 0.0
2033.0 0.0
2034.0 0.0
2035.0 0.0
2036.0 0.0
2037.0 0.0
2038.0 0.0
2039.0 0.0
2040.0 0.0
2041.0 0.0
2042.0 0.0
2043.0 0.0
2044.0 0.0
2045.0 0.0
2046.0 0.0
2047.0 0.0
2048.0 0.0
2049.0 0.0
2050.0 0.0
2051.0 0.0
2052.0 0.0
2053.0 0.0
2054.0 0.0
2055.0 0.0
2056.0 0.0
2057.0 0.0
2058.0 0.0
2059.0 0.0
2060.0 0.0
2061.0 0.0
2062.0 0.0
2063.0 0.0
2064.0 0.0
2065.0 0.0
2066.0 0.0
2067.0 0.0
2068.0 0.0
2069.0 0.0
2070.0 0.0
2071.0 0.0
2072.0 0.0
2073.0 0.0
2074.0 0.0
2075.0 0.0
2076.0 0.0
2077.0 0.0
2078.0 0.0
2079.0 0.0
2080.0 0.0
2081.0 0.0
2082.0 0.0
2083.0 0.0
2084.0 0.0
2085.0 0.0
2086.0 0.0
2087.0 0.0
2088.0 0.0
2089.0 0.0
2090.0 0.0
2091.0 0.0
2092.0 0.0
2093.0 0.0
2094.0 0.0
2095.0 0.0
2096.0 0.0
2097.0 0.0
2098.0 0.0
2099.0 0.0
2100.0 0.0
2101.0 0.0
2102.0 0.0
2103.0 0.0
2104.0 0.0
2105.0 0.0
2106.0 0.0
2107.0 0.0
2108.0 0.0
2109.0 0.0
2110.0 0.0
2111.0 0.0
2112.0 0.0
2113.0 0.0
2114.0 0.0
2115.0 0.0
2116.0 0.0
2117.0 0.0
2118.0 0.0
2119.0 0.0
2120.0 0.0
2121.0 0.0
2122.0 0.0
2123.0 0.0
2124.0 0.0
2125.0 0.0
2126.0 0.0
2127.0 0.0
2128.0 0.0
2129.0 0.0
2130.0 0.0
2131.0 0.0
2132.0 0.0
2133.0 0.0
2134.0 0.0
2135.0 0.0
2136.0 0.0
2137.0 0.0
2138.0 0.0
2139.0 0.0
2140.0 0.0
2141.0 0.0
2142.0 0.0
2143.0 0.0
2144.0 0.0
2145.0 0.0
2146.0 0.0
2147.0 0.0
2148.0 0.0
2149.0 0.0
2150.0 0.0
2151.0 0.0
2152.0 0.0
2153.0 0.0
2154.0 0.0
2155.0 0.0
2156.0 0.0
2157.0 0.0
2158.0 0.0
2159.0 0.0
2160.0 0.0
2161.0 0.0
2162.0 0.0
2163.0 0.0
2164.0 0.0
2165.0 0.0
2166.0 0.0
2167.0 0.0
2168.0 0.0
2169.0 0.0
2170.0 0.0
2171.0 0.0
2172.0 0.0
2173.0 0.0
2174.0 0.0
2175.0 0.0
2176.0 0.0
2177.0 0.0
2178.0 0.0
2179.0 0.0
2180.0 0.0
2181.0 0.0
2182.0 0.0
2183.0 0.0
2184.0 0.0
2185.0 0.0
2186.0 0.0
2187.0 0.0
2188.0 0.0
2189.0 0.0
2190.0 0.0
2191.0 0.0
2192.0 0.0
2193.0 0.0
2194.0 0.0
2195.0 0.0
2196.0 0.0
2197.0 0.0
2198.0 0.0
2199.0 0.0
2200.0 0.0
2201.0 0.0
2202.0 0.0
2203.0 0.0
2204.0 0.0
2205.0 0.0
2206.0 0.0
2207.0 0.0
2208.0 0.0
2209.0 0.0
2210.0 0.0
2211.0 0.0
2212.0 0.0
2213.0 0.0
2214.0 0.0
2215.0 0.0
2216.0 0.0
2217.0 0.0
2218.0 0.0
2219.0 0.0
2220.0 0.0
2221.0 0.0
2222.0 0.0
2223.0 0.0
2224.0 0.0
2225.0 0.0
2226.0 0.0
2227.0 0.0
2228.0 0.0
2229.0 0.0
2230.0 0.0
2231.0 0.0
2232.0 0.0
2233.0 0.0
2234.0 0.0
2235.0 0.0
2236.0 0.0
2237.0 0.0
2238.0 0.0
2239.0 0.0
2240.0 0.0
2241.0 0.0
2242.0 0.0
2243.0 0.0
2244.0 0.0
2245.0 0.0
2246.0 0.0
2247.0 0.0
2248.0 0.0
2249.0 0.0
2250.0 0.0
2251.0 0.0
2252.0 0.0
2253.0 0.0
2254.0 0.0
2255.0 0.0
2256.0 0.0
2257.0 0.0
2258.0 0.0
2259.0 0.0
2260.0 0.0
2261.0 0.0
2262.0 0.0
2263.0 0.0
2264.0 0.0
2265.0 0.0
2266.0 0.0
2267.0 0.0
2268.0 0.0
2269.0 0.0
2270.0 0.0
2271.0 0.0
2272.0 0.0
2273.0 0.0
2274.0 0.0
2275.0 0.0
2276.0 0.0
2277.0 0.0
2278.0 0.0
2279.0 0.0
2280.0 0.0
2281.0 0.0
2282.0 0.0
2283.0 0.0
2284.0 0.0
2285.0 0.0
2286.0 0.0
2287.0 0.0
2288.0 0.0
2289.0 0.0
2290.0 0.0
2291.0 0.0
2292.0 0.0
2293.0 0.0
2294.0 0.0
2295.0 0.0
2296.0 0.0
2297.0 0.0
2298.0 0.0
2299.0 0.0
2300.0 0.0
2301.0 0.0
2302.0 0.0
2303.0 0.0
2304.0 0.0
2305.0 0.0
2306.0 0.0
2307.0 0.0
2308.0 0.0
2309.0 0.0
2310.0 0.0
2311.0 0.0
2312.0 0.0
2313.0 0.0
2314.0 0.0
2315.0 0.0
2316.0 0.0
2317.0 0.0
2318.0 0.0
2319.0 0.0
2320.0 0.0
2321.0 0.0
2322.0 0.0
2323.0 0.0
2324.0 0.0
2325.0 0.0
2326.0 0.0
2327.0 0.0
2328.0 0.0
2329.0 0.0
2330.0 0.0
2331.0 0.0
2332.0 0.0
2333.0 0.0
2334.0 0.0
2335.0 0.0
2336.0 0.0
2337.0 0.0
2338.0 0.0
2339.0 0.0
2340.0 0.0
2341.0 0.0
2342.0 0.0
2343.0 0.0
2344.0 0.0
2345.0 0.0
2346.0 0.0
2347.0 0.0
2348.0 0.0
2349.0 0.0
2350.0 0.0
2351.0 0.0
2352.0 0.0
2353.0 0.0
2354.0 0.0
2355.0 0.0
2356.0 0.0
2357.0 0.0
2358.0 0.0
2359.0 0.0
2360.0 0.0
2361.0 0.0
2362.0 0.0
2363.0 0.0
2364.0 0.0
2365.0 0.0
2366.0 0.0
2367.0 0.0
2368.0 0.0
2369.0 0.0
2370.0 0.0
2371.0 0.0
2372.0 0.0
2373.0 0.0
2374.0 0.0
2375.0 0.0
2376.0 0.0
2377.0 0.0
2378.0 0.0
2379.0 0.0
2380.0 0.0
2381.0 0.0
2382.0 0.0
2383.0 0.0
2384.0 0.0
2385.0 0.0
2386.0 0.0
2387.0 0.0
2388.0 0.0
2389.0 0.0
2390.0 0.0
2391.0 0.0
2392.0 0.0
2393.0 0.0
2394.0 0.0
2395.0 0.0
2396.0 0.0
2397.0 0.0
2398.0 0.0
2399.0 0.0
2400.0 0.0
2401.0 0.0
2402.0 0.0
2403.0 0.0
2404.0 0.0
2405.0 0.0
2406.0 0.0
2407.0 0.0
2408.0 0.0
2409.0 0.0
2410.0 0.0
2411.0 0.0
2412.0 0.0
2413.0 0.0
2414.0 0.0
2415.0 0.0
2416.0 0.0
2417.0 0.0
2418.0 0.0
2419.0 0.0
2420.0 0.0
2421.0 0.0
2422.0 0.0
2423.0 0.0
2424.0 0.0
2425.0 0.0
2426.0 0.0
2427.0 0.0
2428.0 0.0
2429.0 0.0
2430.0 0.0
2431.0 0.0
2432.0 0.0
2433.0 0.0
2434.0 0.0
2435.0 0.0
2436.0 0.0
2437.0 0.0
2438.0 0.0
2439.0 0.0
2440.0 0.0
2441.0 0.0
2442.0 0.0
2443.0 0.0
2444.0 0.0
2445.0 0.0
2446.0 0.0
2447.0 0.0
2448.0 0.0
2449.0 0.0
2450.0 0.0
2451.0 0.0
2452.0 0.0
2453.0 0.0
2454.0 0.0
2455.0 0.0
2456.0 0.0
2457.0 0.0
2458.0 0.0
2459.0 0.0
2460.0 0.0
2461.0 0.0
2462.0 0.0
2463.0 0.0
2464.0 0.0
2465.0 0.0
2466.0 0.0
2467.0 0.0
2468.0 0.0
2469.0 0.0
2470.0 0.0
2471.0 0.0
2472.0 0.0
2473.0 0.0
2474.0 0.0
2475.0 0.0
2476.0 0.0
2477.0 0.0
2478.0 0.0
2479.0 0.0
2480.0 0.0
2481.0 0.0
2482.0 0.0
2483.0 0.0
2484.0 0.0
2485.0 0.0
2486.0 0.0
2487.0 0.0
2488.0 0.0
2489.0 0.0
2490.0 0.0
2491.0 0.0
2492.0 0.0
2493.0 0.0
2494.0 0.0
2495.0 0.0
2496.0 0.0
2497.0 0.0
2498.0 0.0
2499.0 0.0
2500.0 0.0
2501.0 0.0
2502.0 0.0
2503.0 0.0
2504.0 0.0
2505.0 0.0
2506.0 0.0
2507.0 0.0
2508.0 0.0
2509.0 0.0
2510.0 0.0
2511.0 0.0
2512.0 0.0
2513.0 0.0
2514.0 0.0
2515.0 0.0
2516.0 0.0
2517.0 0.0
2518.0 0.0
2519.0 0.0
2520.0 0.0
2521.0 0.0
2522.0 0.0
2523.0 0.0
2524.0 0.0
2525.0 0.0
2526.0 0.0
2527.0 0.0
2528.0 0.0
2529.0 0.0
2530.0 0.0
2531.0 0.0
2532.0 0.0
2533.0 0.0
2534.0 0.0
2535.0 0.0
2536.0 0.0
2537.0 0.0
2538.0 0.0
2539.0 0.0
2540.0 0.0
2541.0 0.0
2542.0 0.0
2543.0 0.0
2544.0 0.0
2545.0 0.0
2546.0 0.0
2547.0 0.0
2548.0 0.0
2549.0 0.0
2550.0 0.0
2551.0 0.0
2552.0 0.0
2553.0 0.0
2554.0 0.0
2555.0 0.0
2556.0 0.0
2557.0 0.0
2558.0 0.0
2559.0 0.0
2560.0 0.0
2561.0 0.0
2562.0 0.0
2563.0 0.0
2564.0 0.0
2565.0 0.0
2566.0 0.0
2567.0 0.0
2568.0 0.0
2569.0 0.0
2570.0 0.0
2571.0 0.0
2572.0 0.0
2573.0 0.0
2574.0 0.0
2575.0 0.0
2576.0 0.0
2577.0 0.0
2578.0 0.0
2579.0 0.0
2580.0 0.0
2581.0 0.0
2582.0 0.0
2583.0 0.0
2584.0 0.0
2585.0 0.0
2586.0 0.0
2587.0 0.0
2588.0 0.0
2589.0 0.0
2590.0 0.0
2591.0 0.0
2592.0 0.0
2593.0 0.0
2594.0 0.0
2595.0 0.0
2596.0 0.0
2597.0 0.0
2598.0 0.0
2599.0 0.0
2600.0 0.0
2601.0 0.0
2602.0 0.0
2603.0 0.0
2604.0 0.0
2605.0 0.0
2606.0 0.0
2607.0 0.0
2608.0 0.0
2609.0 0.0
2610.0 0.0
2611.0 0.0
2612.0 0.0
2613.0 0.0
2614.0 0.0
2615.0 0.0
2616.0 0.0
2617.0 0.0
2618.0 0.0
2619.0 0.0
2620.0 0.0
2621.0 0.0
2622.0 0.0
2623.0 0.0
2624.0 0.0
2625.0 0.0
2626.0 0.0
2627.0 0.0
2628.0 0.0
2629.0 0.0
2630.0 0.0
2631.0 0.0
2632.0 0.0
2633.0 0.0
2634.0 0.0
2635.0 0.0
2636.0 0.0
2637.0 0.0
2638.0 0.0
2639.0 0.0
2640.0 0.0
2641.0 0.0
2642.0 0.0
2643.0 0.0
2644.0 0.0
2645.0 0.0
2646.0 0.0
2647.0 0.0
2648.0 0.0
2649.0 0.0
2650.0 0.0
2651.0 0.0
2652.0 0.0
2653.0 0.0
2654.0 0.0
2655.0 0.0
2656.0 0.0
2657.0 0.0
2658.0 0.0
2659.0 0.0
2660.0 0.0
2661.0 0.0
2662.0 0.0
2663.0 0.0
2664.0 0.0
2665.0 0.0
2666.0 0.0
2667.0 0.0
2668.0 0.0
2669.0 0.0
2670.0 0.0
2671.0 0.0
2672.0 0.0
2673.0 0.0
2674.0 0.0
2675.0 0.0
2676.0 0.0
2677.0 0.0
2678.0 0.0
2679.0 0.0
2680.0 0.0
2681.0 0.0
2682.0 0.0
2683.0 0.0
2684.0 0.0
2685.0 0.0
2686.0 0.0
2687.0 0.0
2688.0 0.0
2689.0 0.0
2690.0 0.0
2691.0 0.0
2692.0 0.0
2693.0 0.0
2694.0 0.0
2695.0 0.0
2696.0 0.0
2697.0 0.0
2698.0 0.0
2699.0 0.0
2700.0 0.0
2701.0 0.0
2702.0 0.0
2703.0 0.0
2704.0 0.0
2705.0 0.0
2706.0 0.0
2707.0 0.0
2708.0 0.0
2709.0 0.0
2710.0 0.0
2711.0 0.0
2712.0 0.0
2713.0 0.0
2714.0 0.0
2715.0 0.0
2716.0 0.0
2717.0 0.0
2718.0 0.0
2719.0 0.0
2720.0 0.0
2721.0 0.0
2722.0 0.0
2723.0 0.0
2724.0 0.0
2725.0 0.0
2726.0 0.0
2727.0 0.0
2728.0 0.0
2729.0 0.0
2730.0 0.0
2731.0 0.0
2732.0 0.0
2733.0 0.0
2734.0 0.0
2735.0 0.0
2736.0 0.0
2737.0 0.0
2738.0 0.0
2739.0 0.0
2740.0 0.0
2741.0 0.0
2742.0 0.0
2743.0 0.0
2744.0 0.0
2745.0 0.0
2746.0 0.0
2747.0 0.0
2748.0 0.0
2749.0 0.0
2750.0 0.0
2751.0 0.0
2752.0 0.0
2753.0 0.0
2754.0 0.0
2755.0 0.0
2756.0 0.0
2757.0 0.0
2758.0 0.0
2759.0 0.0
2760.0 0.0
2761.0 0.0
2762.0 0.0
2763.0 0.0
2764.0 0.0
2765.0 0.0
2766.0 0.0
2767.0 0.0
2768.0 0.0
2769.0 0.0
2770.0 0.0
2771.0 0.0
2772.0 0.0
2773.0 0.0
2774.0 0.0
2775.0 0.0
2776.0 0.0
2777.0 0.0
2778.0 0.0
2779.0 0.0
2780.0 0.0
2781.0 0.0
2782.0 0.0
2783.0 0.0
2784.0 0.0
2785.0 0.0
2786.0 0.0
2787.0 0.0
2788.0 0.0
2789.0 0.0
2790.0 0.0
2791.0 0.0
2792.0 0.0
2793.0 0.0
2794.0 0.0
2795.0 0.0
2796.0 0.0
2797.0 0.0
2798.0 0.0
2799.0 0.0
2800.0 0.0
2801.0 0.0
2802.0 0.0
2803.0 0.0
2804.0 0.0
2805.0 0.0
2806.0 0.0
2807.0 0.0
2808.0 0.0
2809.0 0.0
2810.0 0.0
2811.0 0.0
2812.0 0.0
2813.0 0.0
2814.0 0.0
2815.0 0.0
2816.0 0.0
2817.0 0.0
2818.0 0.0
2819.0 0.0
2820.0 0.0
2821.0 0.0
2822.0 0.0
2823.0 0.0
2824.0 0.0
2825.0 0.0
2826.0 0.0
2827.0 0.0
2828.0 0.0
2829.0 0.0
2830.0 0.0
2831.0 0.0
2832.0 0.0
2833.0 0.0
2834.0 0.0
2835.0 0.0
2836.0 0.0
2837.0 0.0
2838.0 0.0
2839.0 0.0
2840.0 0.0
2841.0 0.0
2842.0 0.0
2843.0 0.0
2844.0 0.0
2845.0 0.0
2846.0 0.0
2847.0 0.0
2848.0 0.0
2849.0 0.0
2850.0 0.0
2851.0 0.0
2852.0 0.0
2853.0 0.0
2854.0 0.0
2855.0 0.0
2856.0 0.0
2857.0 0.0
2858.0 0.0
2859.0 0.0
2860.0 0.0
2861.0 0.0
2862.0 0.0
2863.0 0.0
2864.0 0.0
2865.0 0.0
2866.0 0.0
2867.0 0.0
2868.0 0.0
2869.0 0.0
2870.0 0.0
2871.0 0.0
2872.0 0.0
2873.0 0.0
2874.0 0.0
2875.0 0.0
2876.0 0.0
2877.0 0.0
2878.0 0.0
2879.0 0.0
2880.0 0.0
2881.0 0.0
2882.0 0.0
2883.0 0.0
2884.0 0.0
2885.0 0.0
2886.0 0.0
2887.0 0.0
2888.0 0.0
2889.0 0.0
2890.0 0.0
2891.0 0.0
2892.0 0.0
2893.0 0.0
2894.0 0.0
2895.0 0.0
2896.0 0.0
2897.0 0.0
2898.0 0.0
2899.0 0.0
2900.0 0.0
2901.0 0.0
2902.0 0.0
2903.0 0.0
2904.0 0.0
2905.0 0.0
2906.0 0.0
2907.0 0.0
2908.0 0.0
2909.0 0.0
2910.0 0.0
2911.0 0.0
2912.0 0.0
2913.0 0.0
2914.0 0.0
2915.0 0.0
2916.0 0.0
2917.0 0.0
2918.0 0.0
2919.0 0.0
2920.0 0.0
2921.0 0.0
2922.0 0.0
2923.0 0.0
2924.0 0.0
2925.0 0.0
2926.0 0.0
2927.0 0.0
2928.0 0.0
2929.0 0.0
2930.0 0.0
2931.0 0.0
2932.0 0.0
2933.0 0.0
2934.0 0.0
2935.0 0.0
2936.0 0.0
2937.0 0.0
2938.0 0.0
2939.0 0.0
2940.0 0.0
2941.0 0.0
2942.0 0.0
2943.0 0.0
2944.0 0.0
2945.0 0.0
2946.0 0.0
2947.0 0.0
2948.0 0.0
2949.0 0.0
2950.0 0.0
2951.0 0.0
2952.0 0.0
2953.0 0.0
2954.0 0.0
2955.0 0.0
2956.0 0.0
2957.0 0.0
2958.0 0.0
2959.0 0.0
2960.0 0.0
2961.0 0.0
2962.0 0.0
2963.0 0.0
2964.0 0.0
2965.0 0.0
2966.0 0.0
2967.0 0.0
2968.0 0.0
2969.0 0.0
2970.0 0.0
2971.0 0.0
2972.0 0.0
2973.0 0.0
2974.0 0.0
2975.0 0.0
2976.0 0.0
2977.0 0.0
2978.0 0.0
2979.0 0.0
2980.0 0.0
2981.0 0.0
2982.0 0.0
2983.0 0.0
2984.0 0.0
2985.0 0.0
2986.0 0.0
2987.0 0.0
2988.0 0.0
2989.0 0.0
2990.0 0.0
2991.0 0.0
2992.0 0.0
2993.0 0.0
2994.0 0.0
2995.0 0.0
2996.0 0.0
2997.0 0.0
2998.0 0.0
2999.0 0.0
3000.0 0.0
3001.0 0.0
3002.0 0.0
3003.0 0.0
3004.0 0.0
3005.0 0.0
3006.0 0.0
3007.0 0.0
3008.0 0.0
3009.0 0.0
3010.0 0.0
3011.0 0.0
3012.0 0.0
3013.0 0.0
3014.0 0.0
3015.0 0.0
3016.0 0.0
3017.0 0.0
3018.0 0.0
3019.0 0.0
3020.0 0.0
3021.0 0.0
3022.0 0.0
3023.0 0.0
3024.0 0.0
3025.0 0.0
3026.0 0.0
3027.0 0.0
3028.0 0.0
3029.0 0.0
3030.0 0.0
3031.0 0.0
3032.0 0.0
3033.0 0.0
3034.0 0.0
3035.0 0.0
3036.0 0.0
3037.0 0.0
3038.0 0.0
3039.0 0.0
3040.0 0.0
3041.0 0.0
3042.0 0.0
3043.0 0.0
3044.0 0.0
3045.0 0.0
3046.0 0.0
3047.0 0.0
3048.0 0.0
3049.0 0.0
3050.0 0.0
3051.0 0.0
3052.0 0.0
3053.0 0.0
3054.0 0.0
3055.0 0.0
3056.0 0.0
3057.0 0.0
3058.0 0.0
3059.0 0.0
3060.0 0.0
3061.0 0.0
3062.0 0.0
3063.0 0.0
3064.0 0.0
3065.0 0.0
3066.0 0.0
3067.0 0.0
3068.0 0.0
3069.0 0.0
3070.0 0.0
3071.0 0.0
3072.0 0.0
3073.0 0.0
3074.0 0.0
3075.0 0.0
3076.0 0.0
3077.0 0.0
3078.0 0.0
3079.0 0.0
3080.0 0.0
3081.0 0.0
3082.0 0.0
3083.0 0.0
3084.0 0.0
3085.0 0.0
3086.0 0.0
3087.0 0.0
3088.0 0.0
3089.0 0.0
3090.0 0.0
3091.0 0.0
3092.0 0.0
3093.0 0.0
3094.0 0.0
3095.0 0.0
3096.0 0.0
3097.0 0.0
3098.0 0.0
3099.0 0.0
3100.0 0.0
3101.0 0.0
3102.0 0.0
3103.0 0.0
3104.0 0.0
3105.0 0.0
3106.0 0.0
3107.0 0.0
3108.0 0.0
3109.0 0.0
3110.0 0.0
3111.0 0.0
3112.0 0.0
3113.0 0.0
3114.0 0.0
3115.0 0.0
3116.0 0.0
3117.0 0.0
3118.0 0.0
3119.0 0.0
3120.0 0.0
3121.0 0.0
3122.0 0.0
3123.0 0.0
3124.0 0.0
3125.0 0.0
3126.0 0.0
3127.0 0.0
3128.0 0.0
3129.0 0.0
3130.0 0.0
3131.0 0.0
3132.0 0.0
3133.0 0.0
3134.0 0.0
3135.0 0.0
3136.0 0.0
3137.0 0.0
3138.0 0.0
3139.0 0.0
3140.0 0.0
3141.0 0.0
3142.0 0.0
3143.0 0.0
3144.0 0.0
3145.0 0.0
3146.0 0.0
3147.0 0.0
3148.0 0.0
3149.0 0.0
3150.0 0.0
3151.0 0.0
3152.0 0.0
3153.0 0.0
3154.0 0.0
3155.0 0.0
3156.0 0.0
3157.0 0.0
3158.0 0.0
3159.0 0.0
3160.0 0.0
3161.0 0.0
3162.0 0.0
3163.0 0.0
3164.0 0.0
3165.0 0.0
3166.0 0.0
3167.0 0.0
3168.0 0.0
3169.0 0.0
3170.0 0.0
3171.0 0.0
3172.0 0.0
3173.0 0.0
3174.0 0.0
3175.0 0.0
3176.0 0.0
3177.0 0.0
3178.0 0.0
3179.0 0.0
3180.0 0.0
3181.0 0.0
3182.0 0.0
3183.0 0.0
3184.0 0.0
3185.0 0.0
3186.0 0.0
3187.0 0.0
3188.0 0.0
3189.0 0.0
3190.0 0.0
3191.0 0.0
3192.0 0.0
3193.0 0.0
3194.0 0.0
3195.0 0.0
3196.0 0.0
3197.0 0.0
3198.0 0.0
3199.0 0.0
3200.0 0.0
3201.0 0.0
3202.0 0.0
3203.0 0.0
3204.0 0.0
3205.0 0.0
3206.0 0.0
3207.0 0.0
3208.0 0.0
3209.0 0.0
3210.0 0.0
3211.0 0.0
3212.0 0.0
3213.0 0.0
3214.0 0.0
3215.0 0.0
3216.0 0.0
3217.0 0.0
3218.0 0.0
3219.0 0.0
3220.0 0.0
3221.0 0.0
3222.0 0.0
3223.0 0.0
3224.0 0.0
3225.0 0.0
3226.0 0.0
3227.0 0.0
3228.0 0.0
3229.0 0.0
3230.0 0.0
3231.0 0.0
3232.0 0.0
3233.0 0.0
3234.0 0.0
3235.0 0.0
3236.0 0.0
3237.0 0.0
3238.0 0.0
3239.0 0.0
3240.0 0.0
3241.0 0.0
3242.0 0.0
3243.0 0.0
3244.0 0.0
3245.0 0.0
3246.0 0.0
3247.0 0.0
3248.0 0.0
3249.0 0.0
3250.0 0.0
3251.0 0.0
3252.0 0.0
3253.0 0.0
3254.0 0.0
3255.0 0.0
3256.0 0.0
3257.0 0.0
3258.0 0.0
3259.0 0.0
3260.0 0.0
3261.0 0.0
3262.0 0.0
3263.0 0.0
3264.0 0.0
3265.0 0.0
3266.0 0.0
3267.0 0.0
3268.0 0.0
3269.0 0.0
3270.0 0.0
3271.0 0.0
3272.0 0.0
3273.0 0.0
3274.0 0.0
3275.0 0.0
3276.0 0.0
3277.0 0.0
3278.0 0.0
3279.0 0.0
3280.0 0.0
3281.0 0.0
3282.0 0.0
3283.0 0.0
3284.0 0.0
3285.0 0.0
3286.0 0.0
3287.0 0.0
3288.0 0.0
3289.0 0.0
3290.0 0.0
3291.0 0.0
3292.0 0.0
3293.0 0.0
3294.0 0.0
3295.0 0.0
3296.0 0.0
3297.0 0.0
3298.0 0.0
3299.0 0.0
3300.0 0.0
3301.0 0.0
3302.0 0.0
3303.0 0.0
3304.0 0.0
3305.0 0.0
3306.0 0.0
3307.0 0.0
3308.0 0.0
3309.0 0.0
3310.0 0.0
3311.0 0.0
3312.0 0.0
3313.0 0.0
3314.0 0.0
3315.0 0.0
3316.0 0.0
3317.0 0.0
3318.0 0.0
3319.0 0.0
3320.0 0.0
3321.0 0.0
3322.0 0.0
3323.0 0.0
3324.0 0.0
3325.0 0.0
3326.0 0.0
3327.0 0.0
3328.0 0.0
3329.0 0.0
3330.0 0.0
3331.0 0.0
3332.0 0.0
3333.0 0.0
3334.0 0.0
3335.0 0.0
3336.0 0.0
3337.0 0.0
3338.0 0.0
3339.0 0.0
3340.0 0.0
3341.0 0.0
3342.0 0.0
3343.0 0.0
3344.0 0.0
3345.0 0.0
3346.0 0.0
3347.0 0.0
3348.0 0.0
3349.0 0.0
3350.0 0.0
3351.0 0.0
3352.0 0.0
3353.0 0.0
3354.0 0.0
3355.0 0.0
3356.0 0.0
3357.0 0.0
3358.0 0.0
3359.0 0.0
3360.0 0.0
3361.0 0.0
3362.0 0.0
3363.0 0.0
3364.0 0.0
3365.0 0.0
3366.0 0.0
3367.0 0.0
3368.0 0.0
3369.0 0.0
3370.0 0.0
3371.0 0.0
3372.0 0.0
3373.0 0.0
3374.0 0.0
3375.0 0.0
3376.0 0.0
3377.0 0.0
3378.0 0.0
3379.0 0.0
3380.0 0.0
3381.0 0.0
3382.0 0.0
3383.0 0.0
3384.0 0.0
3385.0 0.0
3386.0 0.0
3387.0 0.0
3388.0 0.0
3389.0 0.0
3390.0 0.0
3391.0 0.0
3392.0 0.0
3393.0 0.0
3394.0 0.0
3395.0 0.0
3396.0 0.0
3397.0 0.0
3398.0 0.0
3399.0 0.0
3400.0 0.0
3401.0 0.0
3402.0 0.0
3403.0 0.0
3404.0 0.0
3405.0 0.0
3406.0 0.0
3407.0 0.0
3408.0 0.0
3409.0 0.0
3410.0 0.0
3411.0 0.0
3412.0 0.0
3413.0 0.0
3414.0 0.0
3415.0 0.0
3416.0 0.0
3417.0 0.0
3418.0 0.0
3419.0 0.0
3420.0 0.0
3421.0 0.0
3422.0 0.0
3423.0 0.0
3424.0 0.0
3425.0 0.0
3426.0 0.0
3427.0 0.0
3428.0 0.0
3429.0 0.0
3430.0 0.0
3431.0 0.0
3432.0 0.0
3433.0 0.0
3434.0 0.0
3435.0 0.0
3436.0 0.0
3437.0 0.0
3438.0 0.0
3439.0 0.0
3440.0 0.0
3441.0 0.0
3442.0 0.0
3443.0 0.0
3444.0 0.0
3445.0 0.0
3446.0 0.0
3447.0 0.0
3448.0 0.0
3449.0 0.0
3450.0 0.0
3451.0 0.0
3452.0 0.0
3453.0 0.0
3454.0 0.0
3455.0 0.0
3456.0 0.0
3457.0 0.0
3458.0 0.0
3459.0 0.0
3460.0 0.0
3461.0 0.0
3462.0 0.0
3463.0 0.0
3464.0 0.0
3465.0 0.0
3466.0 0.0
3467.0 0.0
3468.0 0.0
3469.0 0.0
3470.0 0.0
3471.0 0.0
3472.0 0.0
3473.0 0.0
3474.0 0.0
3475.0 0.0
3476.0 0.0
3477.0 0.0
3478.0 0.0
3479.0 0.0
3480.0 0.0
3481.0 0.0
3482.0 0.0
3483.0 0.0
3484.0 0.0
3485.0 0.0
3486.0 0.0
3487.0 0.0
3488.0 0.0
3489.0 0.0
3490.0 0.0
3491.0 0.0
3492.0 0.0
3493.0 0.0
3494.0 0.0
3495.0 0.0
3496.0 0.0
3497.0 0.0
3498.0 0.0
3499.0 0.0
3500.0 0.0
3501.0 0.0
3502.0 0.0
3503.0 0.0
3504.0 0.0
3505.0 0.0
3506.0 0.0
3507.0 0.0
3508.0 0.0
3509.0 0.0
3510.0 0.0
3511.0 0.0
3512.0 0.0
3513.0 0.0
3514.0 0.0
3515.0 0.0
3516.0 0.0
3517.0 0.0
3518.0 0.0
3519.0 0.0
3520.0 0.0
3521.0 0.0
3522.0 0.0
3523.0 0.0
3524.0 0.0
3525.0 0.0
3526.0 0.0
3527.0 0.0
3528.0 0.0
3529.0 0.0
3530.0 0.0
3531.0 0.0
3532.0 0.0
3533.0 0.0
3534.0 0.0
3535.0 0.0
3536.0 0.0
3537.0 0.0
3538.0 0.0
3539.0 0.0
3540.0 0.0
3541.0 0.0
3542.0 0.0
3543.0 0.0
3544.0 0.0
3545.0 0.0
3546.0 0.0
3547.0 0.0
3548.0 0.0
3549.0 0.0
3550.0 0.0
3551.0 0.0
3552.0 0.0
3553.0 0.0
3554.0 0.0
3555.0 0.0
3556.0 0.0
3557.0 0.0
3558.0 0.0
3559.0 0.0
3560.0 0.0
3561.0 0.0
3562.0 0.0
3563.0 0.0
3564.0 0.0
3565.0 0.0
3566.0 0.0
3567.0 0.0
3568.0 0.0
3569.0 0.0
3570.0 0.0
3571.0 0.0
3572.0 0.0
3573.0 0.0
3574.0 0.0
3575.0 0.0
3576.0 0.0
3577.0 0.0
3578.0 0.0
3579.0 0.0
3580.0 0.0
3581.0 0.0
3582.0 0.0
3583.0 0.0
3584.0 0.0
3585.0 0.0
3586.0 0.0
3587.0 0.0
3588.0 0.0
3589.0 0.0
3590.0 0.0
3591.0 0.0
3592.0 0.0
3593.0 0.0
3594.0 0.0
3595.0 0.0
3596.0 0.0
3597.0 0.0
3598.0 0.0
3599.0 0.0
3600.0 0.0
3601.0 0.0
3602.0 0.0
3603.0 0.0
3604.0 0.0
3605.0 0.0
3606.0 0.0
3607.0 0.0
3608.0 0.0
3609.0 0.0
3610.0 0.0
3611.0 0.0
3612.0 0.0
3613.0 0.0
3614.0 0.0
3615.0 0.0
3616.0 0.0
3617.0 0.0
3618.0 0.0
3619.0 0.0
3620.0 0.0
3621.0 0.0
3622.0 0.0
3623.0 0.0
3624.0 0.0
3625.0 0.0
3626.0 0.0
3627.0 0.0
3628.0 0.0
3629.0 0.0
3630.0 0.0
3631.0 0.0
3632.0 0.0
3633.0 0.0
3634.0 0.0
3635.0 0.0
3636.0 0.0
3637.0 0.0
3638.0 0.0
3639.0 0.0
3640.0 0.0
3641.0 0.0
3642.0 0.0
3643.0 0.0
3644.0 0.0
3645.0 0.0
3646.0 0.0
3647.0 0.0
3648.0 0.0
3649.0 0.0
3650.0 0.0
3651.0 0.0
3652.0 0.0
3653.0 0.0
3654.0 0.0
3655.0 0.0
3656.0 0.0
3657.0 0.0
3658.0 0.0
3659.0 0.0
3660.0 0.0
3661.0 0.0
3662.0 0.0
3663.0 0.0
3664.0 0.0
3665.0 0.0
3666.0 0.0
3667.0 0.0
3668.0 0.0
3669.0 0.0
3670.0 0.0
3671.0 0.0
3672.0 0.0
3673.0 0.0
3674.0 0.0
3675.0 0.0
3676.0 0.0
3677.0 0.0
3678.0 0.0
3679.0 0.0
3680.0 0.0
3681.0 0.0
3682.0 0.0
3683.0 0.0
3684.0 0.0
3685.0 0.0
3686.0 0.0
3687.0 0.0
3688.0 0.0
3689.0 0.0
3690.0 0.0
3691.0 0.0
3692.0 0.0
3693.0 0.0
3694.0 0.0
3695.0 0.0
3696.0 0.0
3697.0 0.0
3698.0 0.0
3699.0 0.0
3700.0 0.0
3701.0 0.0
3702.0 0.0
3703.0 0.0
3704.0 0.0
3705.0 0.0
3706.0 0.0
3707.0 0.0
3708.0 0.0
3709.0 0.0
3710.0 0.0
3711.0 0.0
3712.0 0.0
3713.0 0.0
3714.0 0.0
3715.0 0.0
3716.0 0.0
3717.0 0.0
3718.0 0.0
3719.0 0.0
3720.0 0.0
3721.0 0.0
3722.0 0.0
3723.0 0.0
3724.0 0.0
3725.0 0.0
3726.0 0.0
3727.0 0.0
3728.0 0.0
3729.0 0.0
3730.0 0.0
3731.0 0.0
3732.0 0.0
3733.0 0.0
3734.0 0.0
3735.0 0.0
3736.0 0.0
3737.0 0.0
3738.0 0.0
3739.0 0.0
3740.0 0.0
3741.0 0.0
3742.0 0.0
3743.0 0.0
3744.0 0.0
3745.0 0.0
3746.0 0.0
3747.0 0.0
3748.0 0.0
3749.0 0.0
3750.0 0.0
3751.0 0.0
3752.0 0.0
3753.0 0.0
3754.0 0.0
3755.0 0.0
3756.0 0.0
3757.0 0.0
3758.0 0.0
3759.0 0.0
3760.0 0.0
3761.0 0.0
3762.0 0.0
3763.0 0.0
3764.0 0.0
3765.0 0.0
3766.0 0.0
3767.0 0.0
3768.0 0.0
3769.0 0.0
3770.0 0.0
3771.0 0.0
3772.0 0.0
3773.0 0.0
3774.0 0.0
3775.0 0.0
3776.0 0.0
3777.0 0.0
3778.0 0.0
3779.0 0.0
3780.0 0.0
3781.0 0.0
3782.0 0.0
3783.0 0.0
3784.0 0.0
3785.0 0.0
3786.0 0.0
3787.0 0.0
3788.0 0.0
3789.0 0.0
3790.0 0.0
3791.0 0.0
3792.0 0.0
3793.0 0.0
3794.0 0.0
3795.0 0.0
3796.0 0.0
3797.0 0.0
3798.0 0.0
3799.0 0.0
3800.0 0.0
3801.0 0.0
3802.0 0.0
3803.0 0.0
3804.0 0.0
3805.0 0.0
3806.0 0.0
3807.0 0.0
3808.0 0.0
3809.0 0.0
3810.0 0.0
3811.0 0.0
3812.0 0.0
3813.0 0.0
3814.0 0.0
3815.0 0.0
3816.0 0.0
3817.0 0.0
3818.0 0.0
3819.0 0.0
3820.0 0.0
3821.0 0.0
3822.0 0.0
3823.0 0.0
3824.0 0.0
3825.0 0.0
3826.0 0.0
3827.0 0.0
3828.0 0.0
3829.0 0.0
3830.0 0.0
3831.0 0.0
3832.0 0.0
3833.0 0.0
3834.0 0.0
3835.0 0.0
3836.0 0.0
3837.0 0.0
3838.0 0.0
3839.0 0.0
3840.0 0.0
3841.0 0.0
3842.0 0.0
3843.0 0.0
3844.0 0.0
3845.0 0.0
3846.0 0.0
3847.0 0.0
3848.0 0.0
3849.0 0.0
3850.0 0.0
3851.0 0.0
3852.0 0.0
3853.0 0.0
3854.0 0.0
3855.0 0.0
3856.0 0.0
3857.0 0.0
3858.0 0.0
3859.0 0.0
3860.0 0.0
3861.0 0.0
3862.0 0.0
3863.0 0.0
3864.0 0.0
3865.0 0.0
3866.0 0.0
3867.0 0.0
3868.0 0.0
3869.0 0.0
3870.0 0.0
3871.0 0.0
3872.0 0.0
3873.0 0.0
3874.0 0.0
3875.0 0.0
3876.0 0.0
3877.0 0.0
3878.0 0.0
3879.0 0.0
3880.0 0.0
3881.0 0.0
3882.0 0.0
3883.0 0.0
3884.0 0.0
3885.0 0.0
3886.0 0.0
3887.0 0.0
3888.0 0.0
3889.0 0.0
3890.0 0.0
3891.0 0.0
3892.0 0.0
3893.0 0.0
3894.0 0.0
3895.0 0.0
3896.0 0.0
3897.0 0.0
3898.0 0.0
3899.0 0.0
3900.0 0.0
3901.0 0.0
3902.0 0.0
3903.0 0.0
3904.0 0.0
3905.0 0.0
3906.0 0.0
3907.0 0.0
3908.0 0.0
3909.0 0.0
3910.0 0.0
3911.0 0.0
3912.0 0.0
3913.0 0.0
3914.0 0.0
3915.0 0.0
3916.0 0.0
3917.0 0.0
3918.0 0.0
3919.0 0.0
3920.0 0.0
3921.0 0.0
3922.0 0.0
3923.0 0.0
3924.0 0.0
3925.0 0.0
3926.0 0.0
3927.0 0.0
3928.0 0.0
3929.0 0.0
3930.0 0.0
3931.0 0.0
3932.0 0.0
3933.0 0.0
3934.0 0.0
3935.0 0.0
3936.0 0.0
3937.0 0.0
3938.0 0.0
3939.0 0.0
3940.0 0.0
3941.0 0.0
3942.0 0.0
3943.0 0.0
3944.0 0.0
3945.0 0.0
3946.0 0.0
3947.0 0.0
3948.0 0.0
3949.0 0.0
3950.0 0.0
3951.0 0.0
3952.0 0.0
3953.0 0.0
3954.0 0.0
3955.0 0.0
3956.0 0.0
3957.0 0.0
3958.0 0.0
3959.0 0.0
3960.0 0.0
3961.0 0.0
3962.0 0.0
3963.0 0.0
3964.0 0.0
3965.0 0.0
3966.0 0.0
3967.0 0.0
3968.0 0.0
3969.0 0.0
3970.0 0.0
3971.0 0.0
3972.0 0.0
3973.0 0.0
3974.0 0.0
3975.0 0.0
3976.0 0.0
3977.0 0.0
3978.0 0.0
3979.0 0.0
3980.0 0.0
3981.0 0.0
3982.0 0.0
3983.0 0.0
3984.0 0.0
3985.0 0.0
3986.0 0.0
3987.0 0.0
3988.0 0.0
3989.0 0.0
3990.0 0.0
3991.0 0.0
3992.0 0.0
3993.0 0.0
3994.0 0.0
3995.0 0.0
3996.0 0.0
3997.0 0.0
3998.0 0.0
3999.0 0.0
4000.0 0.0
4001.0 0.0
4002.0 0.0
4003.0 0.0
4004.0 0.0
4005.0 0.0
4006.0 0.0
4007.0 0.0
4008.0 0.0
4009.0 0.0
4010.0 0.0
4011.0 0.0
4012.0 0.0
4013.0 0.0
4014.0 0.0
4015.0 0.0
4016.0 0.0
4017.0 0.0
4018.0 0.0
4019.0 0.0
4020.0 0.0
4021.0 0.0
4022.0 0.0
4023.0 0.0
4024.0 0.0
4025.0 0.0
4026.0 0.0
4027.0 0.0
4028.0 0.0
4029.0 0.0
4030.0 0.0
4031.0 0.0
4032.0 0.0
4033.0 0.0
4034.0 0.0
4035.0 0.0
4036.0 0.0
4037.0 0.0
4038.0 0.0
4039.0 0.0
4040.0 0.0
