1.0 163.7893829345703
2.0 163.7478510538737
3.0 162.8029810587565
4.0 162.8408686319987
5.0 163.23827107747397
6.0 163.75244649251303
7.0 164.38542938232422
8.0 165.3184026082357
9.0 165.5949249267578
10.0 165.77959950764975
11.0 166.01739247639975
12.0 165.4687474568685
13.0 165.72084299723306
14.0 166.06254069010416
15.0 166.18819681803384
16.0 165.893918355306
17.0 165.4560979207357
18.0 165.050173441569
19.0 165.34380594889322
20.0 165.103271484375
21.0 164.73652140299478
22.0 164.04688262939453
23.0 163.2013422648112
24.0 162.52690887451172
25.0 162.0647226969401
26.0 161.40284474690756
27.0 160.1158701578776
28.0 159.05486806233725
29.0 158.4560343424479
30.0 157.08709716796875
31.0 157.031125386556
32.0 156.44712829589844
33.0 155.6862030029297
34.0 155.85363006591797
35.0 156.44244893391928
36.0 156.95997619628906
37.0 157.28664906819662
38.0 157.58551788330078
39.0 157.90345764160156
40.0 158.27247873942056
41.0 158.62036641438803
42.0 158.23173014322916
43.0 158.02926381429037
44.0 158.01085662841797
45.0 156.9433848063151
46.0 156.63706715901694
47.0 157.0069808959961
48.0 156.03203328450522
49.0 155.7372309366862
50.0 155.50633494059244
51.0 154.2239252726237
52.0 154.1204605102539
53.0 153.78638966878256
54.0 152.9409917195638
55.0 152.9890365600586
56.0 153.68789418538412
57.0 154.1437962849935
58.0 154.48948923746744
59.0 155.48251088460287
60.0 156.76880645751953
61.0 157.1130828857422
62.0 157.61566925048828
63.0 157.2151641845703
64.0 157.20492553710938
65.0 156.40410868326822
66.0 156.50271860758463
67.0 155.3108876546224
68.0 153.72821044921875
69.0 152.16936747233072
70.0 151.16537475585938
71.0 150.31219736735025
72.0 149.35426584879556
73.0 148.79134623209634
74.0 148.59310150146484
75.0 148.12044270833334
76.0 147.00817362467447
77.0 146.49310811360678
78.0 146.26490275065103
79.0 145.55984751383463
80.0 145.51284790039063
81.0 145.64588165283203
82.0 145.17273457845053
83.0 145.13373819986978
84.0 145.696896870931
85.0 145.4179229736328
86.0 144.50102742513022
87.0 143.3919423421224
88.0 143.3204778035482
89.0 143.3473866780599
90.0 142.30691528320313
91.0 141.83324178059897
92.0 142.6818059285482
93.0 143.93005879720053
94.0 143.73538208007813
95.0 144.34518432617188
96.0 144.4135513305664
97.0 144.9730224609375
98.0 145.59274546305338
99.0 145.6736602783203
100.0 146.72943115234375
101.0 149.27171071370444
102.0 150.88426717122397
103.0 151.80206553141275
104.0 151.90462748209634
105.0 163.427609761556
106.0 125.69484837849934
107.0 171.33413314819336
108.0 1042.245928446452
109.0 2041.6744181315105
110.0 2050.209431966146
111.0 2100.3323567708335
112.0 2135.1785481770835
113.0 1145.8885091145833
114.0 245.08014043172201
115.0 114.758238474528
116.0 159.60490036010742
117.0 132.81057103474936
118.0 134.69264475504556
119.0 134.1029485066732
120.0 135.6163762410482
121.0 136.1181182861328
122.0 135.8507080078125
123.0 136.44617970784506
124.0 137.46295928955078
125.0 137.25319163004556
126.0 136.99967447916666
127.0 137.10125223795572
128.0 136.95836385091147
129.0 136.3122075398763
130.0 135.55084737141928
131.0 134.0538075764974
132.0 132.67192586263022
133.0 130.75377400716147
134.0 129.02284622192383
135.0 127.0518175760905
136.0 125.03487141927083
137.0 122.58554967244466
138.0 119.95001220703125
139.0 118.00819905598958
140.0 115.56432723999023
141.0 113.73621622721355
142.0 111.88968912760417
143.0 110.1731694539388
144.0 108.86588668823242
145.0 107.8013178507487
146.0 106.25700378417969
147.0 106.23067220052083
148.0 106.93251546223958
149.0 108.21617253621419
150.0 109.69473775227864
151.0 111.03047053019206
152.0 112.50743738810222
153.0 114.13904317220052
154.0 115.32981999715169
155.0 115.99367904663086
156.0 116.33311080932617
157.0 117.03575134277344
158.0 117.07507578531902
159.0 116.96943283081055
160.0 117.35973612467448
161.0 117.75779342651367
162.0 117.91557947794597
163.0 118.24769973754883
164.0 119.33681869506836
165.0 120.59424082438152
166.0 122.12188975016277
167.0 124.47029368082683
168.0 126.43537775675456
169.0 128.32116572062174
170.0 130.91195170084634
171.0 133.52978006998697
172.0 135.781125386556
173.0 138.64020792643228
174.0 140.62222290039063
175.0 142.36138407389322
176.0 143.93895467122397
177.0 145.35887145996094
178.0 146.84716288248697
179.0 147.71761830647787
180.0 148.86616007486978
181.0 149.98387145996094
182.0 150.72623697916666
183.0 150.8810272216797
184.0 151.3270721435547
185.0 151.74798838297525
186.0 151.60792795817056
187.0 152.8168487548828
188.0 153.36563110351563
189.0 154.1374994913737
190.0 156.01292165120444
191.0 155.88196309407553
192.0 157.3160654703776
193.0 158.2843271891276
194.0 159.94346364339194
195.0 161.37118530273438
196.0 162.14407857259116
197.0 163.66134134928384
198.0 165.089230855306
199.0 166.47008005777994
200.0 164.39273071289063
201.0 165.04356129964194
202.0 165.35223897298178
203.0 164.97491455078125
204.0 165.45006815592447
205.0 165.31060028076172
206.0 164.896120707194
207.0 165.27724965413412
208.0 166.02266438802084
209.0 164.93167622884116
210.0 165.55448404947916
211.0 166.3794708251953
212.0 167.2049077351888
213.0 168.05827840169272
214.0 169.3569819132487
215.0 170.68343098958334
216.0 172.11474100748697
217.0 173.89246368408203
218.0 173.47911071777344
219.0 175.02943166097006
220.0 176.90448252360025
221.0 179.3224309285482
222.0 180.94459788004556
223.0 181.7713623046875
224.0 182.60108439127603
225.0 183.52054087320963
226.0 184.72461700439453
227.0 182.4549789428711
228.0 183.14791361490884
229.0 184.70462544759116
230.0 185.1271489461263
231.0 185.85894521077475
232.0 186.50308990478516
233.0 187.6948038736979
234.0 189.33621470133463
235.0 190.68865712483725
236.0 189.04755655924478
237.0 190.07988484700522
238.0 190.82840474446616
239.0 191.9074935913086
240.0 193.18319702148438
241.0 193.8429692586263
242.0 193.946901957194
243.0 194.32038370768228
244.0 194.55160522460938
245.0 190.6403554280599
246.0 191.0633087158203
247.0 191.66184997558594
248.0 192.03606414794922
249.0 192.13040415445963
250.0 192.12263997395834
251.0 192.9149373372396
252.0 192.49490102132162
253.0 191.7479731241862
254.0 188.84955088297525
255.0 189.0516586303711
256.0 188.14779408772787
257.0 187.1764907836914
258.0 185.066650390625
259.0 183.6694768269857
260.0 182.28865559895834
261.0 180.68405151367188
262.0 178.80655924479166
263.0 176.55560811360678
264.0 175.46832784016928
265.0 174.48966471354166
266.0 173.1347401936849
267.0 171.90658569335938
268.0 171.91522471110025
269.0 171.83194986979166
270.0 171.37247212727866
271.0 171.47241973876953
272.0 169.32200622558594
273.0 169.34402465820313
274.0 168.728396097819
275.0 167.62613677978516
276.0 167.04966481526694
277.0 166.15898640950522
278.0 164.91986083984375
279.0 164.18174997965494
280.0 163.18401845296225
281.0 160.58879597981772
282.0 159.74860127766928
283.0 158.35826873779297
284.0 157.24455769856772
285.0 156.08297983805338
286.0 154.66449991861978
287.0 153.5791447957357
288.0 153.05262247721353
289.0 152.28529103597006
290.0 151.32996877034506
291.0 150.71542358398438
292.0 150.3412068684896
293.0 149.9731674194336
294.0 149.14676920572916
295.0 148.2011973063151
296.0 147.14101918538412
297.0 145.3342081705729
298.0 143.8535130818685
299.0 140.80286407470703
300.0 138.1634267171224
301.0 135.6962407430013
302.0 132.30989583333334
303.0 129.19585291544595
304.0 126.83516438802083
305.0 124.82762908935547
306.0 122.44912719726563
307.0 119.78345362345378
308.0 115.40419133504231
309.0 112.32575861612956
310.0 109.71001561482747
311.0 108.38541920979817
312.0 106.12062581380208
313.0 104.94489415486653
314.0 104.56946309407552
315.0 104.36493810017903
316.0 104.87326304117839
317.0 112.47536722819011
318.0 110.32684326171875
319.0 103.06837590535481
320.0 93.11207834879558
321.0 83.7128079732259
322.0 75.94886906941731
323.0 69.90004857381184
324.0 65.44839159647624
325.0 62.24812126159668
326.0 59.05128161112467
327.0 57.094765981038414
328.0 55.46223894755045
329.0 54.512895584106445
330.0 52.96951866149902
331.0 51.34834098815918
332.0 50.049407958984375
333.0 48.41926574707031
334.0 47.0998789469401
335.0 45.34312057495117
336.0 43.716042836507164
337.0 42.36857159932455
338.0 41.38570467631022
339.0 40.47765668233236
340.0 39.64649963378906
341.0 38.79400761922201
342.0 38.74504534403483
343.0 38.71930122375488
344.0 37.55372873942057
345.0 37.40021197001139
346.0 37.15502421061198
347.0 36.7543748219808
348.0 36.65162022908529
349.0 36.59991137186686
350.0 36.08780733744303
351.0 36.02057393391927
352.0 36.117051442464195
353.0 35.05481465657552
354.0 34.84165827433268
355.0 34.75442759195963
356.0 34.50923538208008
357.0 33.884974797566734
358.0 33.448387145996094
359.0 33.076958656311035
360.0 32.14203612009684
361.0 31.764009475708008
362.0 31.06051762898763
363.0 30.439318656921387
364.0 30.012831687927246
365.0 29.436490376790363
366.0 29.139838854471844
367.0 28.856107393900555
368.0 28.53243414560954
369.0 28.19014072418213
370.0 27.79582913716634
371.0 27.639869054158527
372.0 27.634853998819988
373.0 27.636812210083008
374.0 27.431164423624676
375.0 27.53112729390462
376.0 27.422911326090496
377.0 27.243753751118977
378.0 27.426787694295246
379.0 27.85897699991862
380.0 28.17200533548991
381.0 28.51511573791504
382.0 28.90938886006673
383.0 29.137808799743652
384.0 29.348945299784344
385.0 29.691670735677082
386.0 29.72806517283122
387.0 29.888676007588703
388.0 30.36758009592692
389.0 30.5688689549764
390.0 30.634195645650227
391.0 30.992137273152668
392.0 30.670286178588867
393.0 30.39014784495036
394.0 30.255755106608074
395.0 30.01005744934082
396.0 29.523083686828613
397.0 29.22724183400472
398.0 29.108041127522785
399.0 29.069668451944988
400.0 28.85916582743327
401.0 28.658618927001953
402.0 28.686894416809082
403.0 28.958897590637207
404.0 28.7937650680542
405.0 29.18746280670166
406.0 29.52177365620931
407.0 29.296471277872723
408.0 29.604466438293457
409.0 29.78951899210612
410.0 29.88653628031413
411.0 30.11375904083252
412.0 30.387625376383465
413.0 30.321489969889324
414.0 30.39970938364665
415.0 30.664125124613445
416.0 30.662087122599285
417.0 31.081184069315594
418.0 31.145531336466473
419.0 31.149636268615723
420.0 31.534276644388836
421.0 31.453746159871418
422.0 31.427934328715008
423.0 31.66086228688558
424.0 32.07706514994303
425.0 32.73995145161947
426.0 32.71141370137533
427.0 32.86161231994629
428.0 32.980812072753906
429.0 32.841409047444664
430.0 32.788818359375
431.0 32.76258850097656
432.0 32.78987693786621
433.0 32.96048164367676
434.0 32.958539962768555
435.0 33.279900232950844
436.0 33.535989125569664
437.0 33.8468214670817
438.0 34.116137186686196
439.0 34.20746294657389
440.0 34.64990679423014
441.0 34.91615676879883
442.0 35.007899602254234
443.0 35.18940226236979
444.0 35.39043680826823
445.0 35.40913454691569
446.0 35.31453895568848
447.0 35.89802042643229
448.0 36.22413444519043
449.0 36.20829200744629
450.0 36.513380686442055
451.0 36.72552363077799
452.0 36.656293869018555
453.0 36.830897649129234
454.0 36.96589469909668
455.0 37.12964312235514
456.0 37.07536951700846
457.0 37.16028849283854
458.0 37.38698387145996
459.0 37.53536415100098
460.0 37.75677490234375
461.0 38.24519729614258
462.0 38.65437444051107
463.0 39.159275690714516
464.0 39.83564885457357
465.0 40.896002451578774
466.0 41.92435836791992
467.0 42.78830528259277
468.0 43.79564412434896
469.0 44.70801035563151
470.0 45.049099604288735
471.0 45.42922337849935
472.0 45.780417124430336
473.0 45.99160703023275
474.0 46.222917556762695
475.0 46.55829048156738
476.0 46.445099512736
477.0 46.497538248697914
478.0 46.81506156921387
479.0 46.80695406595866
480.0 47.23973019917806
481.0 47.597466150919594
482.0 48.119773864746094
483.0 48.41866493225098
484.0 49.04777272542318
485.0 50.10283660888672
486.0 50.79321543375651
487.0 51.616207122802734
488.0 52.53663317362467
489.0 53.12287203470866
490.0 53.883378982543945
491.0 55.03845405578613
492.0 55.92901738484701
493.0 56.64547856648763
494.0 57.65946896870931
495.0 58.523255030314125
496.0 59.532525380452476
497.0 60.2665049235026
498.0 60.62515385945638
499.0 61.37950833638509
500.0 62.01665051778158
501.0 62.494690577189125
502.0 62.629496256510414
503.0 62.48132197062174
504.0 62.75370852152506
505.0 62.909706115722656
506.0 62.36842155456543
507.0 62.217397689819336
508.0 62.12374623616537
509.0 61.66564623514811
510.0 61.24676958719889
511.0 61.222216288248696
512.0 61.33535385131836
513.0 61.24129740397135
514.0 60.34240531921387
515.0 60.307820638020836
516.0 60.8815663655599
517.0 61.08075968424479
518.0 61.40828641255697
519.0 61.73436292012533
520.0 62.47764905293783
521.0 63.300259272257485
522.0 63.695016860961914
523.0 64.20708020528157
524.0 64.60487810770671
525.0 65.09203084309895
526.0 65.31079546610515
527.0 66.0492451985677
528.0 66.3226941426595
529.0 66.35935974121094
530.0 66.80320612589519
531.0 66.67633692423503
532.0 66.65145365397136
533.0 66.4564921061198
534.0 66.62477111816406
535.0 66.36281458536784
536.0 66.32870992024739
537.0 66.3822135925293
538.0 66.20154062906902
539.0 65.85800806681316
540.0 65.42589124043782
541.0 64.75388971964519
542.0 64.345458984375
543.0 64.37096214294434
544.0 63.968088150024414
545.0 63.34802754720052
546.0 63.298428217569985
547.0 62.94637489318848
548.0 62.39336395263672
549.0 62.30982208251953
550.0 61.718065897623696
551.0 61.491494496663414
552.0 61.43180592854818
553.0 61.29926300048828
554.0 61.063435872395836
555.0 61.17438952128092
556.0 61.09936332702637
557.0 60.818224589029946
558.0 60.9883238474528
559.0 60.88180160522461
560.0 60.46583620707194
561.0 60.37327321370443
562.0 60.434017181396484
563.0 59.97216033935547
564.0 59.57611974080404
565.0 59.6195182800293
566.0 59.41922823588053
567.0 59.57914161682129
568.0 58.67725944519043
569.0 58.46483548482259
570.0 57.973145167032875
571.0 57.85552724202474
572.0 57.87302462259928
573.0 57.661450703938804
574.0 57.51370175679525
575.0 57.26245943705241
576.0 57.20434315999349
577.0 56.82726160685221
578.0 56.66084734598795
579.0 56.7774855295817
580.0 56.78436088562012
581.0 56.795441309611
582.0 56.73275502522787
583.0 56.785210291544594
584.0 56.648512522379555
585.0 56.27293332417806
586.0 56.030665715535484
587.0 56.06024678548177
588.0 56.10523223876953
589.0 56.01096280415853
590.0 55.735588709513344
591.0 55.822976430257164
592.0 55.56477292378744
593.0 54.90544509887695
594.0 54.89512062072754
595.0 54.921183268229164
596.0 55.164052963256836
597.0 54.96167119344076
598.0 54.48165766398112
599.0 54.44056828816732
600.0 54.46147600809733
601.0 54.43664805094401
602.0 54.43255043029785
603.0 54.263235092163086
604.0 54.557586669921875
605.0 54.64580408732096
606.0 54.595232009887695
607.0 54.325859705607094
608.0 54.23315111796061
609.0 54.513062159220375
610.0 54.4283390045166
611.0 54.24978446960449
612.0 54.32233238220215
613.0 54.6776377360026
614.0 54.69428634643555
615.0 54.67519505818685
616.0 54.506553649902344
617.0 54.4008363087972
618.0 54.69839223225912
619.0 54.2797597249349
620.0 53.9073060353597
621.0 54.20187632242838
622.0 54.44727897644043
623.0 54.00913429260254
624.0 53.90858141581217
625.0 53.65783564249674
626.0 53.42571449279785
627.0 53.37601534525553
628.0 53.23307673136393
629.0 53.104360580444336
630.0 52.995089848836265
631.0 52.49018541971842
632.0 52.67441495259603
633.0 52.43340619405111
634.0 52.17608388264974
635.0 51.920762379964195
636.0 51.59665489196777
637.0 51.47418975830078
638.0 51.14991887410482
639.0 50.34755516052246
640.0 50.44792238871256
641.0 50.291595458984375
642.0 49.92041269938151
643.0 49.71404711405436
644.0 49.552433013916016
645.0 49.63590939839681
646.0 49.55269241333008
647.0 49.41088422139486
648.0 49.40189425150553
649.0 49.25425338745117
650.0 49.3232479095459
651.0 48.89976247151693
652.0 48.88028081258138
653.0 49.00675392150879
654.0 48.94501558939616
655.0 48.851868311564125
656.0 48.600856145222984
657.0 48.46509297688802
658.0 48.296042124430336
659.0 48.456991831461586
660.0 48.24814033508301
661.0 48.09161504109701
662.0 48.08572578430176
663.0 48.01953379313151
664.0 47.97329521179199
665.0 47.61476135253906
666.0 47.66050148010254
667.0 47.574241638183594
668.0 47.22520955403646
669.0 47.317633310953774
670.0 47.345424016316734
671.0 46.95229530334473
672.0 46.92149861653646
673.0 46.866092681884766
674.0 46.43335405985514
675.0 46.18555704752604
676.0 46.2813409169515
677.0 45.8787727355957
678.0 45.44399197896322
679.0 45.360345204671226
680.0 45.24338340759277
681.0 44.76554044087728
682.0 44.657745997111
683.0 44.47808392842611
684.0 44.0986696879069
685.0 43.80890719095866
686.0 43.56147257486979
687.0 43.12176704406738
688.0 43.08449172973633
689.0 42.94105529785156
690.0 42.626861572265625
691.0 42.363939921061196
692.0 42.217766443888344
693.0 42.07444699605306
694.0 41.586682637532554
695.0 41.625112533569336
696.0 41.47186724344889
697.0 41.08225440979004
698.0 40.93526840209961
699.0 40.58368174235026
700.0 40.315708796183266
701.0 40.46453603108724
702.0 40.270079930623375
703.0 40.26560656229655
704.0 40.254393895467125
705.0 40.03255716959635
706.0 39.82052739461263
707.0 39.47738774617513
708.0 39.62454477945963
709.0 39.809935887654625
710.0 39.63906733194987
711.0 39.68041483561198
712.0 39.33900769551595
713.0 39.3655891418457
714.0 39.23731549580892
715.0 39.01360638936361
716.0 39.06478691101074
717.0 39.00120290120443
718.0 38.815985361735024
719.0 38.835890452067055
720.0 38.53716850280762
721.0 38.578980127970375
722.0 38.67420641581217
723.0 38.530693689982094
724.0 38.33396212259928
725.0 38.40915107727051
726.0 38.4378547668457
727.0 38.25430043538412
728.0 38.144497553507485
729.0 38.31511624654134
730.0 38.17602221171061
731.0 38.183647791544594
732.0 38.35883331298828
733.0 38.269632975260414
734.0 38.24069849650065
735.0 38.45472971598307
736.0 38.436251958211265
737.0 38.574968338012695
738.0 38.58279673258463
739.0 38.566436767578125
740.0 38.924044926961265
741.0 38.60804430643717
742.0 38.648024241129555
743.0 38.884660720825195
744.0 38.953985850016274
745.0 38.984514236450195
746.0 38.97220230102539
747.0 38.96614774068197
748.0 38.83311525980631
749.0 38.7617613474528
750.0 38.65648651123047
751.0 38.73845418294271
752.0 38.783202489217125
753.0 38.511060078938804
754.0 38.09893925984701
755.0 38.181910832722984
756.0 38.49127451578776
757.0 37.95635477701823
758.0 37.76350975036621
759.0 37.685159047444664
760.0 37.668972651163735
761.0 37.657737731933594
762.0 37.60031318664551
763.0 37.39516067504883
764.0 37.32189750671387
765.0 37.39821434020996
766.0 37.105506896972656
767.0 36.86065991719564
768.0 37.067604064941406
769.0 37.05842208862305
770.0 36.55658276875814
771.0 36.54026794433594
772.0 36.54883321126302
773.0 36.23652458190918
