1.0 17.827004373073578
2.0 17.806024849414825
3.0 17.693596601486206
4.0 17.664089560508728
5.0 17.620648860931396
6.0 17.551046669483185
7.0 17.536122381687164
8.0 17.656905114650726
9.0 17.704601168632507
10.0 17.666964828968048
11.0 17.6245459318161
12.0 17.58417648077011
13.0 17.634924471378326
14.0 17.607886016368866
15.0 17.659593045711517
16.0 17.730575561523438
17.0 17.767861008644104
18.0 17.774406373500824
19.0 17.784507274627686
20.0 17.74290370941162
21.0 17.70470494031906
22.0 17.69587779045105
23.0 17.693551778793335
24.0 17.666486620903015
25.0 17.646765053272247
26.0 17.65519368648529
27.0 17.70883685350418
28.0 17.70374846458435
29.0 17.635738849639893
30.0 17.627396523952484
31.0 17.579401671886444
32.0 17.622697949409485
33.0 17.638117969036102
34.0 17.617077708244324
35.0 17.54924362897873
36.0 17.496096074581146
37.0 17.44786924123764
38.0 17.48417431116104
39.0 17.53030836582184
40.0 17.483266055583954
41.0 17.4974707365036
42.0 17.468724250793457
43.0 17.478497326374054
44.0 17.481612741947174
45.0 17.43484342098236
46.0 17.410067558288574
47.0 17.375876426696777
48.0 17.349712193012238
49.0 17.339512825012207
50.0 17.398045420646667
51.0 17.432168066501617
52.0 17.416045486927032
53.0 17.423689603805542
54.0 17.447998344898224
55.0 17.488292038440704
56.0 17.536134243011475
57.0 17.49233615398407
58.0 17.42452323436737
59.0 17.35297030210495
60.0 17.328526437282562
61.0 17.244099378585815
62.0 17.148051500320435
63.0 17.074521481990814
64.0 17.104560554027557
65.0 17.18731313943863
66.0 17.067711293697357
67.0 17.016911447048187
68.0 17.026863992214203
69.0 17.024337470531464
70.0 16.995865404605865
71.0 16.91902780532837
72.0 16.93075430393219
73.0 16.98252010345459
74.0 17.026799350976944
75.0 16.90142470598221
76.0 16.808910489082336
77.0 16.78626236319542
78.0 16.779553592205048
79.0 16.668685734272003
80.0 16.530809730291367
81.0 16.468814432621002
82.0 16.55471560359001
83.0 16.690962702035904
84.0 16.745443135499954
85.0 16.782338976860046
86.0 16.79713636636734
87.0 16.752931356430054
88.0 16.72207200527191
89.0 16.687697738409042
90.0 16.740336567163467
91.0 16.770914018154144
92.0 16.77110943198204
93.0 16.748144179582596
94.0 16.72952476143837
95.0 16.84015917778015
96.0 16.89319932460785
97.0 16.90125435590744
98.0 16.81076529622078
99.0 16.723395586013794
100.0 16.714904874563217
101.0 16.77676823735237
102.0 16.8027164041996
103.0 16.908142745494843
104.0 16.9713152050972
105.0 17.018262684345245
106.0 17.029764592647552
107.0 17.055613338947296
108.0 16.927726209163666
109.0 16.864955067634583
110.0 16.84670841693878
111.0 16.874204337596893
112.0 16.885696351528168
113.0 17.00057488679886
114.0 17.07755297422409
115.0 17.198983371257782
116.0 17.282734036445618
117.0 17.257919251918793
118.0 17.173321068286896
119.0 17.252102255821228
120.0 17.232176661491394
121.0 17.187642633914948
122.0 17.250176429748535
123.0 17.24090874195099
124.0 17.243281841278076
125.0 17.26793599128723
126.0 17.213226437568665
127.0 17.11949533224106
128.0 17.060841023921967
129.0 16.834026038646698
130.0 16.75047278404236
131.0 16.754512012004852
132.0 16.817485332489014
133.0 16.88224095106125
134.0 17.01302468776703
135.0 17.085414797067642
136.0 17.07697781920433
137.0 17.014227718114853
138.0 16.930926084518433
139.0 16.98489809036255
140.0 17.095561265945435
141.0 17.238836348056793
142.0 17.211690485477448
143.0 17.22572934627533
144.0 17.410220444202423
145.0 17.452463746070862
146.0 17.510243475437164
147.0 17.45544809103012
148.0 17.349671363830566
149.0 17.223715901374817
150.0 17.17560788989067
151.0 17.216471761465073
152.0 17.2847540974617
153.0 17.387712001800537
154.0 17.47735184431076
155.0 17.463902235031128
156.0 17.43807601928711
157.0 17.330687701702118
158.0 17.189860224723816
159.0 17.219724655151367
160.0 17.285030484199524
161.0 17.187311828136444
162.0 17.278594732284546
163.0 17.421551644802094
164.0 17.46136486530304
165.0 17.422134041786194
166.0 17.410361528396606
167.0 17.456497192382813
168.0 17.411766409873962
169.0 17.491258561611176
170.0 17.478638291358948
171.0 17.58682280778885
172.0 17.59988385438919
173.0 17.663721799850464
174.0 17.68266326189041
175.0 17.72505748271942
176.0 17.700067102909088
177.0 17.636143624782562
178.0 17.54055678844452
179.0 17.495417416095734
180.0 17.608592569828033
181.0 17.693877339363098
182.0 17.678779184818268
183.0 17.57722109556198
184.0 17.498861134052277
185.0 17.455119967460632
186.0 17.338681995868683
187.0 17.204738914966583
188.0 17.05620527267456
189.0 16.848919183015823
190.0 16.898538172245026
191.0 16.805979073047638
192.0 16.6965394616127
193.0 16.65058982372284
194.0 16.57443642616272
195.0 16.394543558359146
196.0 16.316962987184525
197.0 16.23815467953682
198.0 16.191895097494125
199.0 16.028719544410706
200.0 16.00582465529442
201.0 15.999302357435226
202.0 15.931686878204346
203.0 16.019199460744858
204.0 16.06241062283516
205.0 16.087733685970306
206.0 16.052169114351273
207.0 16.066064774990082
208.0 16.087158739566803
209.0 16.05114185810089
210.0 15.94730919599533
211.0 15.935938268899918
212.0 15.878441959619522
213.0 15.896555095911026
214.0 15.94707179069519
215.0 15.938398033380508
216.0 15.891207098960876
217.0 15.850653052330017
218.0 15.870422452688217
219.0 15.811148911714554
220.0 15.748989135026932
221.0 15.671865850687027
222.0 15.671338498592377
223.0 15.907916843891144
224.0 16.085245102643967
225.0 16.15205791592598
226.0 16.2151058614254
227.0 16.259698927402496
228.0 16.145942956209183
229.0 16.005333483219147
230.0 15.88259270787239
231.0 15.65698754787445
232.0 15.322033047676086
233.0 15.120061993598938
234.0 14.923980206251144
235.0 14.904331088066101
236.0 15.0480455160141
237.0 15.211632430553436
238.0 15.255245357751846
239.0 15.31941556930542
240.0 15.433534234762192
241.0 15.500861316919327
242.0 15.450610965490341
243.0 15.299958229064941
244.0 15.205435544252396
245.0 15.24960720539093
246.0 15.344769418239594
247.0 15.33490240573883
248.0 15.285608947277069
249.0 15.259528905153275
250.0 15.297414034605026
251.0 15.199078470468521
252.0 15.166202932596207
253.0 15.128740042448044
254.0 15.262812703847885
255.0 15.3649982213974
256.0 15.289159625768661
257.0 15.277598440647125
258.0 15.18130949139595
259.0 15.13466128706932
260.0 15.205143511295319
261.0 15.352353870868683
262.0 15.506947785615921
263.0 15.64309149980545
264.0 15.682932585477829
265.0 15.682733744382858
266.0 15.71117314696312
267.0 15.717326998710632
268.0 15.726288586854935
269.0 15.78229221701622
270.0 15.81948384642601
271.0 15.86444565653801
272.0 15.904233008623123
273.0 15.901553332805634
274.0 15.902029395103455
275.0 15.970995455980301
276.0 15.981639951467514
277.0 16.029640465974808
278.0 16.073727786540985
279.0 16.069773703813553
280.0 16.074279367923737
281.0 16.03158324956894
282.0 15.987377524375916
283.0 15.962276250123978
284.0 16.052151083946228
285.0 16.017626494169235
286.0 16.018919467926025
287.0 16.017929047346115
288.0 16.13955295085907
289.0 16.325219810009003
290.0 16.41407272219658
291.0 16.41950249671936
292.0 16.391705632209778
293.0 16.314540535211563
294.0 16.304280757904053
295.0 16.347808986902237
296.0 16.366483479738235
297.0 16.375872761011124
298.0 16.383934497833252
299.0 16.482062190771103
300.0 16.406713277101517
301.0 16.367379397153854
302.0 16.384338438510895
303.0 16.35218232870102
304.0 16.311086356639862
305.0 16.3080837726593
306.0 16.272784531116486
307.0 16.31225973367691
308.0 16.429723173379898
309.0 16.47151404619217
310.0 16.41362577676773
311.0 16.419758915901184
312.0 16.366494834423065
313.0 16.30442202091217
314.0 16.275889188051224
315.0 16.29878517985344
316.0 16.328608006238937
317.0 16.389144897460938
318.0 16.360985696315765
319.0 16.4112448990345
320.0 16.354799330234528
321.0 16.35210821032524
322.0 16.32591536641121
323.0 16.320131480693817
324.0 16.291418462991714
325.0 16.250757157802582
326.0 16.188282787799835
327.0 16.149850457906723
328.0 16.064394235610962
329.0 16.03245583176613
330.0 15.949128717184067
331.0 15.904475688934326
332.0 15.820268630981445
333.0 15.741926074028015
334.0 15.743875443935394
335.0 15.726772546768188
336.0 15.705063194036484
337.0 15.683487832546234
338.0 15.788679152727127
339.0 15.904953688383102
340.0 15.928328156471252
341.0 16.12330186367035
342.0 16.207258105278015
343.0 16.43925315141678
344.0 16.513421207666397
345.0 16.609317630529404
346.0 16.70073515176773
347.0 16.8015096783638
348.0 16.82094705104828
349.0 16.845388412475586
350.0 16.73012551665306
351.0 16.62059995532036
352.0 16.645036667585373
353.0 16.689491003751755
354.0 16.708713978528976
355.0 16.84039404988289
356.0 16.969906359910965
357.0 17.076049208641052
358.0 17.115393340587616
359.0 17.08639633655548
360.0 17.018429309129715
361.0 17.066873759031296
362.0 16.869832634925842
363.0 16.755249947309494
364.0 16.706257104873657
365.0 16.62280771136284
366.0 16.578480064868927
367.0 16.516528964042664
368.0 16.502664804458618
369.0 16.406469255685806
370.0 16.390390545129776
371.0 16.305125385522842
372.0 16.279775261878967
373.0 16.306332051753998
374.0 16.318710654973984
375.0 16.339638113975525
376.0 16.350491732358932
377.0 16.277191013097763
378.0 16.250841826200485
379.0 16.16719150543213
380.0 16.050236225128174
381.0 15.930615812540054
382.0 15.872912794351578
383.0 15.847486734390259
384.0 15.864222675561905
385.0 15.839620471000671
386.0 15.898685276508331
387.0 15.931314826011658
388.0 15.798562467098236
389.0 15.701759427785873
390.0 15.62918820977211
391.0 15.619208544492722
392.0 15.61317390203476
393.0 15.616926431655884
394.0 15.65321233868599
395.0 15.596335679292679
396.0 15.621928989887238
397.0 15.559155374765396
398.0 15.500749111175537
399.0 15.478387087583542
400.0 15.370228171348572
401.0 15.237093955278397
402.0 15.127738922834396
403.0 15.020726442337036
404.0 14.873754739761353
405.0 14.718498080968857
406.0 14.699621707201004
407.0 14.697845607995987
408.0 14.635664492845535
409.0 14.545693844556808
410.0 14.477307856082916
411.0 14.4317626953125
412.0 14.472806692123413
413.0 14.407996952533722
414.0 14.340087950229645
415.0 14.350128382444382
416.0 14.358077645301819
417.0 14.3162582218647
418.0 14.315522015094757
419.0 14.315495938062668
420.0 14.298684149980545
421.0 14.493157267570496
422.0 14.678763896226883
423.0 14.83857274055481
424.0 14.949571162462234
425.0 14.990907222032547
426.0 15.007975816726685
427.0 15.030626267194748
428.0 14.990309983491898
429.0 14.818112462759018
430.0 14.639908194541931
431.0 14.546111583709717
432.0 14.518607914447784
433.0 14.515978127717972
434.0 14.49469068646431
435.0 14.399241656064987
436.0 14.357707649469376
437.0 14.330987811088562
438.0 14.361267328262329
439.0 14.33576974272728
440.0 14.32544919848442
441.0 14.316074132919312
442.0 14.326120018959045
443.0 14.255968868732452
444.0 14.19844600558281
445.0 14.160759717226028
446.0 14.188558965921402
447.0 14.232010811567307
448.0 14.219709306955338
449.0 14.125220388174057
450.0 14.094673991203308
451.0 14.089419513940811
452.0 14.093363761901855
453.0 14.127032190561295
454.0 14.153206914663315
455.0 14.239705502986908
456.0 14.309762477874756
457.0 14.347601264715195
458.0 14.398329854011536
459.0 14.439613938331604
460.0 14.451107740402222
461.0 14.354261457920074
462.0 14.251421123743057
463.0 14.185875833034515
464.0 14.211359530687332
465.0 14.213704466819763
466.0 14.190307289361954
467.0 14.144595742225647
468.0 14.214034765958786
469.0 14.313281655311584
470.0 14.358257412910461
471.0 14.371104657649994
472.0 14.436319917440414
473.0 14.434914290904999
474.0 14.580890148878098
475.0 14.627755850553513
476.0 14.66332733631134
477.0 14.762489229440689
478.0 15.02090871334076
479.0 15.209881693124771
480.0 15.281197190284729
481.0 15.32757768034935
482.0 15.500806510448456
483.0 15.5968337059021
484.0 15.757398843765259
485.0 15.812365710735321
486.0 15.888972073793411
487.0 15.947660148143768
488.0 16.087490767240524
489.0 16.193736344575882
490.0 16.196779638528824
491.0 16.216875702142715
492.0 16.158837884664536
493.0 16.154729574918747
494.0 16.213033735752106
495.0 16.27484890818596
496.0 16.390324771404266
497.0 16.415751308202744
498.0 16.439721435308456
499.0 16.470607310533524
500.0 16.536515653133392
501.0 16.663318008184433
502.0 16.73493206501007
503.0 16.724636882543564
504.0 16.74226051568985
505.0 16.784064054489136
506.0 16.752078354358673
507.0 16.763112276792526
508.0 16.71588423848152
509.0 16.73101031780243
510.0 16.654436230659485
511.0 16.66373398900032
512.0 16.62873724102974
513.0 16.641877830028534
514.0 16.642955422401428
515.0 16.64032232761383
516.0 16.613415360450745
517.0 16.57915771007538
518.0 16.571857661008835
519.0 16.631597697734833
520.0 16.651985704898834
521.0 16.65093770623207
522.0 16.54720973968506
523.0 16.588734716176987
524.0 16.52275162935257
525.0 16.409833878278732
526.0 16.270007520914078
527.0 16.096852123737335
528.0 16.035311490297318
529.0 15.992377012968063
530.0 15.932453989982605
531.0 15.84577852487564
532.0 15.852154552936554
533.0 15.836691051721573
534.0 15.639346927404404
535.0 15.47436136007309
536.0 15.437891244888306
537.0 15.370783686637878
538.0 15.32565352320671
539.0 15.222554802894592
540.0 15.117446601390839
541.0 15.048569053411484
542.0 15.050108969211578
543.0 15.04375547170639
544.0 15.092469155788422
545.0 15.05547434091568
546.0 14.915614068508148
547.0 14.788750618696213
548.0 14.642621606588364
549.0 14.539835959672928
550.0 14.574810534715652
551.0 14.490280479192734
552.0 14.568230748176575
553.0 14.598724633455276
554.0 14.619453728199005
555.0 14.609713762998581
556.0 14.637051850557327
557.0 14.574707448482513
558.0 14.597231090068817
559.0 14.570332497358322
560.0 14.537370920181274
561.0 14.613521963357925
562.0 14.723339080810547
563.0 14.796153247356415
564.0 14.819184422492981
565.0 14.810176342725754
566.0 14.827313542366028
567.0 15.044509530067444
568.0 15.168563544750214
569.0 15.339765846729279
570.0 15.291227251291275
571.0 15.313908845186234
572.0 15.34470084309578
573.0 15.489741951227188
574.0 15.560235410928726
575.0 15.618042528629303
576.0 15.655826717615128
577.0 15.622645169496536
578.0 15.563168615102768
579.0 15.537252247333527
580.0 15.612857341766357
581.0 15.65238818526268
582.0 15.699757158756256
583.0 15.744193702936172
584.0 15.778332829475403
585.0 15.782716542482376
586.0 15.765428960323334
587.0 15.8068308532238
588.0 15.843824744224548
589.0 15.868346244096756
590.0 15.935262680053711
591.0 16.01900565624237
592.0 16.102467954158783
593.0 16.184381127357483
594.0 16.300445646047592
595.0 16.29992499947548
596.0 16.277147561311722
597.0 16.309931099414825
598.0 16.383164316415787
599.0 16.451918184757233
600.0 16.477304607629776
601.0 16.614236056804657
602.0 16.64701396226883
603.0 16.690942704677582
604.0 16.53440248966217
605.0 16.412312120199203
606.0 16.30364152789116
607.0 16.28704011440277
608.0 16.264725625514984
609.0 16.29098066687584
610.0 16.340568214654922
611.0 16.30856403708458
612.0 16.29782673716545
613.0 16.367309421300888
614.0 16.369219958782196
615.0 16.37641751766205
616.0 16.381441682577133
617.0 16.351325422525406
618.0 16.453275442123413
619.0 16.5224190056324
620.0 16.610689401626587
621.0 16.756828635931015
622.0 16.75843971967697
623.0 16.764563500881195
624.0 16.75203275680542
625.0 16.71369707584381
626.0 16.656774520874023
627.0 16.606494218111038
628.0 16.497305184602737
629.0 16.39209994673729
630.0 16.216795802116394
631.0 16.148813605308533
632.0 16.16293030977249
633.0 16.172003895044327
634.0 16.106795221567154
635.0 16.167450517416
636.0 16.07954031229019
637.0 15.980415791273117
638.0 15.934179306030273
639.0 15.940854012966156
640.0 15.986106812953949
641.0 16.03878027200699
642.0 16.01589035987854
643.0 15.97389954328537
644.0 15.825624167919159
645.0 15.700779408216476
646.0 15.652127474546432
647.0 15.592453747987747
648.0 15.49121806025505
649.0 15.376060873270035
650.0 15.309019565582275
651.0 15.221794337034225
652.0 15.195916473865509
653.0 15.087337046861649
654.0 15.013380199670792
655.0 14.925545573234558
656.0 14.839594006538391
657.0 14.72243145108223
658.0 14.519908040761948
659.0 14.423310697078705
660.0 14.33993861079216
661.0 14.222432911396027
662.0 14.203151553869247
663.0 14.11597803235054
664.0 14.020616859197617
665.0 13.848354041576385
666.0 13.7496238052845
667.0 13.622587829828262
668.0 13.532436668872833
669.0 13.451567977666855
670.0 13.391881436109543
671.0 13.31893190741539
672.0 13.240366250276566
673.0 13.201948314905167
674.0 13.162876635789871
675.0 13.062714129686356
676.0 13.001794993877411
677.0 12.987450301647186
678.0 12.969032764434814
679.0 12.900987207889557
680.0 12.827355414628983
681.0 12.8119375705719
682.0 12.857919067144394
683.0 12.835572481155396
684.0 12.78017321228981
685.0 12.790566682815552
686.0 12.749311059713364
687.0 12.806263506412506
688.0 12.778773874044418
689.0 12.703974455595016
690.0 12.625117480754852
691.0 12.543105512857437
692.0 12.514106929302216
693.0 12.39247614145279
694.0 12.338409274816513
695.0 12.372374653816223
696.0 12.416869640350342
697.0 12.506389170885086
698.0 12.53144520521164
699.0 12.558990716934204
700.0 12.553305178880692
701.0 12.622269183397293
702.0 12.688675910234451
703.0 12.73128491640091
704.0 12.786162376403809
705.0 12.855468720197678
706.0 12.942387998104095
707.0 13.071655124425888
708.0 13.207005679607391
709.0 13.358655095100403
710.0 13.506044566631317
711.0 13.616336524486542
712.0 13.72024092078209
713.0 13.800508439540863
714.0 13.945301324129105
715.0 14.096771985292435
716.0 14.113287031650543
717.0 14.184515833854675
718.0 14.265859574079514
719.0 14.343393713235855
720.0 14.376676112413406
721.0 14.405032098293304
722.0 14.411861449480057
723.0 14.42730838060379
724.0 14.405826032161713
725.0 14.375052124261856
726.0 14.409623831510544
727.0 14.367421805858612
728.0 14.293059438467026
729.0 14.22473269701004
730.0 14.13223484158516
731.0 14.107933402061462
732.0 14.082656979560852
733.0 14.040558785200119
734.0 14.016551554203033
735.0 13.995212644338608
736.0 14.02984356880188
737.0 14.041341572999954
738.0 14.019659519195557
739.0 13.970926076173782
740.0 13.96219927072525
741.0 13.982658743858337
742.0 14.048785209655762
743.0 14.02128779888153
744.0 13.986890256404877
745.0 13.924553632736206
746.0 13.911240607500076
747.0 13.911527156829834
748.0 13.903460890054703
749.0 13.80984079837799
750.0 13.76464182138443
751.0 13.6770780980587
752.0 13.63745066523552
753.0 13.514988273382187
754.0 13.498385041952133
755.0 13.485419273376465
756.0 13.436356276273727
757.0 13.340035021305084
758.0 13.294579446315765
759.0 13.258228242397308
760.0 13.12395641207695
761.0 13.166256964206696
762.0 13.126936852931976
763.0 13.061210840940475
764.0 13.048308253288269
765.0 13.008808016777039
766.0 13.005001693964005
767.0 12.978822410106659
768.0 12.977639943361282
769.0 12.993677526712418
770.0 13.056764125823975
771.0 13.1005077958107
772.0 13.104128181934357
773.0 13.074695408344269
774.0 13.094294965267181
775.0 13.13832712173462
776.0 13.159032046794891
777.0 13.124377012252808
778.0 13.18849328160286
779.0 13.191983789205551
780.0 13.237949699163437
781.0 13.257387429475784
782.0 13.291136860847473
783.0 13.287862300872803
784.0 13.341002374887466
785.0 13.400373578071594
786.0 13.42382425069809
787.0 13.464215189218521
788.0 13.560951948165894
789.0 13.681775450706482
790.0 13.700732171535492
791.0 13.816123604774475
792.0 13.863304316997528
793.0 13.99378252029419
794.0 14.08524265885353
795.0 14.154613375663757
796.0 14.276506304740906
797.0 14.336374968290329
798.0 14.432814359664917
799.0 14.492599725723267
800.0 14.590311169624329
801.0 14.634692996740341
802.0 14.63476386666298
803.0 14.657093316316605
804.0 14.68997722864151
805.0 14.705387860536575
806.0 14.717898219823837
807.0 14.765149384737015
808.0 14.800761699676514
809.0 14.881690979003906
810.0 14.948914289474487
811.0 15.034846782684326
812.0 15.168597906827927
813.0 15.283518940210342
814.0 15.296938121318817
815.0 15.423173755407333
816.0 15.441360861063004
817.0 15.437611311674118
818.0 15.45350655913353
819.0 15.452349215745926
820.0 15.398537188768387
821.0 15.427450805902481
822.0 15.455514281988144
823.0 15.476501911878586
824.0 15.592160403728485
825.0 15.602848470211029
826.0 15.701675981283188
827.0 15.787835150957108
828.0 15.82199889421463
829.0 15.877243340015411
830.0 15.90871661901474
831.0 15.967972457408905
832.0 15.999371618032455
833.0 16.03641766309738
834.0 16.103207737207413
835.0 16.11525148153305
836.0 16.06346896290779
837.0 16.051999241113663
838.0 16.08445167541504
839.0 16.026200264692307
840.0 16.057846516370773
841.0 16.074353724718094
842.0 16.0530566573143
843.0 16.055691808462143
844.0 16.094310700893402
845.0 16.110974431037903
846.0 16.091110676527023
847.0 16.17359346151352
848.0 16.20965078473091
849.0 16.26779654622078
850.0 16.327036142349243
851.0 16.30310422182083
852.0 16.348264753818512
853.0 16.384064614772797
854.0 16.46464616060257
855.0 16.50471180677414
856.0 16.537959933280945
857.0 16.529343485832214
858.0 16.567064344882965
859.0 16.565765380859375
860.0 16.512614637613297
861.0 16.50298324227333
862.0 16.43546450138092
863.0 16.415539652109146
864.0 16.300239622592926
865.0 16.308003067970276
866.0 16.263930201530457
867.0 16.290127456188202
868.0 16.3259474337101
869.0 16.350428223609924
870.0 16.31939685344696
871.0 16.309550493955612
872.0 16.299999922513962
873.0 16.28679049015045
874.0 16.287920385599136
875.0 16.2595973610878
876.0 16.193643867969513
877.0 16.15516158938408
878.0 16.123151063919067
879.0 16.11541372537613
880.0 16.200345158576965
881.0 16.281123727560043
882.0 16.210908859968185
883.0 16.222450107336044
884.0 16.2451354265213
885.0 16.207607716321945
886.0 16.25456801056862
887.0 16.213986724615097
888.0 16.20847699046135
889.0 16.144979894161224
890.0 16.124083936214447
891.0 16.06737643480301
892.0 16.099234014749527
893.0 16.096567541360855
894.0 16.110245317220688
895.0 16.090020269155502
896.0 16.154084235429764
897.0 16.15817579627037
898.0 16.200124442577362
899.0 16.215288817882538
900.0 16.228563338518143
901.0 16.272065699100494
902.0 16.31853875517845
903.0 16.30766174197197
904.0 16.360701262950897
905.0 16.441212743520737
906.0 16.526269644498825
907.0 16.59485450387001
908.0 16.632494151592255
909.0 16.61715418100357
910.0 16.6796193420887
911.0 16.658744871616364
912.0 16.6731578707695
913.0 16.728482842445374
914.0 16.75227850675583
915.0 16.767335534095764
916.0 16.746796935796738
917.0 16.735461950302124
918.0 16.7048878967762
919.0 16.681919127702713
920.0 16.61167573928833
921.0 16.688228279352188
922.0 16.754202097654343
923.0 16.81899294257164
924.0 16.77938935160637
925.0 16.750600934028625
926.0 16.746035754680634
927.0 16.70152297616005
928.0 16.711805045604706
929.0 16.734902769327164
930.0 16.77645269036293
931.0 16.818612724542618
932.0 16.905448377132416
933.0 16.972849905490875
934.0 16.986340284347534
935.0 16.98402714729309
936.0 17.023694217205048
937.0 17.053172945976257
938.0 17.09700357913971
939.0 17.159393906593323
940.0 17.189680993556976
941.0 17.166168689727783
942.0 17.17489331960678
943.0 17.246033847332
944.0 17.29210364818573
945.0 17.34148782491684
946.0 17.317780375480652
947.0 17.37193989753723
948.0 17.470466017723083
949.0 17.48795312643051
950.0 17.488278210163116
951.0 17.508111476898193
952.0 17.490002512931824
953.0 17.502316892147064
954.0 17.484066367149353
955.0 17.45622354745865
956.0 17.411345303058624
957.0 17.47629177570343
958.0 17.48889547586441
959.0 17.439193427562714
960.0 17.430148661136627
961.0 17.415240824222565
962.0 17.450664222240448
963.0 17.402966380119324
964.0 17.47704392671585
965.0 17.499243795871735
966.0 17.506763696670532
967.0 17.594810962677002
968.0 17.55629026889801
969.0 17.60325050354004
970.0 17.56944090127945
971.0 17.575014173984528
972.0 17.62616765499115
973.0 17.620213568210602
974.0 17.605277955532074
975.0 17.651142358779907
976.0 17.68788081407547
977.0 17.651450097560883
978.0 17.60092717409134
979.0 17.55848979949951
980.0 17.652560353279114
981.0 17.670772314071655
982.0 17.67356139421463
983.0 17.805118441581726
984.0 17.847069919109344
985.0 17.866995453834534
986.0 17.918757796287537
987.0 17.993517577648163
988.0 18.00975263118744
989.0 18.107691645622253
990.0 18.120044708251953
991.0 18.250045835971832
992.0 18.303965210914612
993.0 18.43322318792343
994.0 18.476230323314667
995.0 18.51090234518051
996.0 18.57069307565689
997.0 18.534790515899658
998.0 18.519309163093567
999.0 18.42659366130829
1000.0 18.432051181793213
1001.0 18.359853088855743
1002.0 18.26907068490982
1003.0 18.26221454143524
1004.0 18.32810366153717
1005.0 18.395199716091156
1006.0 18.464633464813232
1007.0 18.513150215148926
1008.0 18.52794325351715
1009.0 18.53794950246811
1010.0 18.55838131904602
1011.0 18.640044808387756
1012.0 18.81414771080017
1013.0 18.877514958381653
1014.0 18.87075537443161
1015.0 18.89222604036331
1016.0 18.92897516489029
1017.0 18.837832033634186
1018.0 18.776176035404205
1019.0 18.774252116680145
1020.0 18.833094835281372
1021.0 18.84737467765808
1022.0 18.847753643989563
1023.0 18.936558425426483
1024.0 19.034612774848938
1025.0 19.13593739271164
1026.0 19.15558260679245
1027.0 19.23336374759674
1028.0 19.289542734622955
1029.0 19.33620423078537
1030.0 19.454270839691162
1031.0 19.588064312934875
1032.0 19.63114106655121
1033.0 19.650558292865753
1034.0 19.716582238674164
1035.0 19.769319474697113
1036.0 19.818264603614807
1037.0 19.877423644065857
1038.0 19.84107595682144
1039.0 19.85392427444458
1040.0 19.817386388778687
1041.0 19.77169096469879
1042.0 19.710077226161957
1043.0 19.690164268016815
1044.0 19.62347948551178
1045.0 19.63652527332306
1046.0 19.63869994878769
1047.0 19.62212836742401
1048.0 19.577924251556396
1049.0 19.57779860496521
1050.0 19.488470196723938
1051.0 19.443900525569916
1052.0 19.529869616031647
1053.0 19.5727618932724
1054.0 19.583811461925507
1055.0 19.706234991550446
1056.0 19.624208986759186
1057.0 19.59442114830017
1058.0 19.558474481105804
1059.0 19.509840607643127
1060.0 19.536400496959686
1061.0 19.55997544527054
1062.0 19.446905255317688
1063.0 19.51796144247055
1064.0 19.56130862236023
1065.0 19.596515715122223
1066.0 19.584554195404053
1067.0 19.592546105384827
1068.0 19.54568302631378
1069.0 19.519888043403625
1070.0 19.591223776340485
1071.0 19.548093020915985
1072.0 19.57118570804596
1073.0 19.511475384235382
1074.0 19.52551144361496
1075.0 19.55435401201248
1076.0 19.579692661762238
1077.0 19.588444650173187
1078.0 19.56356304883957
1079.0 19.63272476196289
1080.0 19.599748075008392
1081.0 19.627737522125244
1082.0 19.60261708498001
1083.0 19.58849447965622
1084.0 19.57612580060959
1085.0 19.525846004486084
1086.0 19.51122236251831
1087.0 19.495189011096954
1088.0 19.538875460624695
1089.0 19.46172797679901
1090.0 19.4662966132164
1091.0 19.482565820217133
1092.0 19.59501188993454
1093.0 19.491962254047394
1094.0 19.4255588054657
1095.0 19.45710062980652
1096.0 19.52597600221634
1097.0 19.519440948963165
1098.0 19.512590944767
1099.0 19.47852849960327
1100.0 19.483384609222412
1101.0 19.490262150764465
1102.0 19.467375099658966
1103.0 19.418997824192047
1104.0 19.421768307685852
1105.0 19.45284152030945
1106.0 19.386884093284607
1107.0 19.41275030374527
1108.0 19.4684996008873
1109.0 19.4918652176857
1110.0 19.463140785694122
1111.0 19.427098393440247
1112.0 19.48335075378418
1113.0 19.493650376796722
1114.0 19.48696607351303
1115.0 19.476908683776855
1116.0 19.459711372852325
1117.0 19.534891188144684
1118.0 19.512754142284393
1119.0 19.563395857810974
1120.0 19.571187019348145
1121.0 19.626267850399017
1122.0 19.60056495666504
1123.0 19.642337322235107
1124.0 19.519870400428772
1125.0 19.54577273130417
1126.0 19.607075572013855
1127.0 19.645083606243134
1128.0 19.632878601551056
1129.0 19.677420914173126
1130.0 19.681028604507446
1131.0 19.612947285175323
1132.0 19.691730797290802
1133.0 19.649194717407227
1134.0 19.7110515832901
1135.0 19.7248392701149
1136.0 19.816169381141663
1137.0 19.80422794818878
1138.0 19.812705099582672
1139.0 19.84026962518692
1140.0 19.8008154630661
1141.0 19.789521396160126
1142.0 19.78212881088257
1143.0 19.700046598911285
1144.0 19.711925506591797
1145.0 19.70086807012558
1146.0 19.658493101596832
1147.0 19.569593846797943
1148.0 19.581676304340363
1149.0 19.56265825033188
1150.0 19.489374220371246
1151.0 19.53720134496689
1152.0 19.573887169361115
1153.0 19.602945804595947
1154.0 19.64320570230484
1155.0 19.616187930107117
1156.0 19.616156339645386
1157.0 19.640929758548737
1158.0 19.687723338603973
1159.0 19.642338454723358
1160.0 19.588914334774017
1161.0 19.459541022777557
1162.0 19.335621118545532
1163.0 19.260498225688934
1164.0 19.175405502319336
1165.0 19.244156002998352
1166.0 19.37103033065796
1167.0 19.511320292949677
1168.0 19.607225954532623
1169.0 19.50827145576477
1170.0 19.533756375312805
1171.0 19.471527814865112
1172.0 19.438446402549744
1173.0 19.386691451072693
1174.0 19.30090481042862
1175.0 19.253116607666016
1176.0 19.144864976406097
1177.0 19.063210248947144
1178.0 18.95168924331665
1179.0 18.940028429031372
1180.0 18.874940812587738
1181.0 18.81629478931427
1182.0 18.760855317115784
1183.0 18.73719835281372
1184.0 18.716667592525482
1185.0 18.718727827072144
1186.0 18.74745947122574
1187.0 18.736794352531433
1188.0 18.768589198589325
1189.0 18.818759322166443
1190.0 18.847234904766083
1191.0 18.85173261165619
1192.0 18.866724133491516
1193.0 18.874360263347626
1194.0 18.85151958465576
1195.0 18.899692177772522
1196.0 18.89858317375183
1197.0 18.997986912727356
1198.0 19.085054457187653
1199.0 19.08692216873169
1200.0 19.0988786816597
1201.0 19.050234138965607
1202.0 19.06720530986786
1203.0 19.100743651390076
1204.0 19.15917044878006
1205.0 19.162930727005005
1206.0 19.14600247144699
1207.0 19.09521645307541
1208.0 19.125767767429352
1209.0 19.157132506370544
1210.0 19.093129754066467
1211.0 18.97720617055893
1212.0 18.91483211517334
1213.0 18.94728547334671
1214.0 18.863354742527008
1215.0 18.84652191400528
1216.0 18.867258429527283
1217.0 18.838242053985596
1218.0 18.811407268047333
1219.0 18.803978860378265
1220.0 18.66353213787079
1221.0 18.578249275684357
1222.0 18.52277910709381
1223.0 18.395928859710693
1224.0 18.300746738910675
1225.0 18.245784521102905
1226.0 18.2677281498909
1227.0 18.218480825424194
1228.0 18.087228536605835
1229.0 18.0829815864563
1230.0 18.047682225704193
1231.0 18.027267456054688
1232.0 17.95795303583145
1233.0 17.978987097740173
1234.0 17.995132088661194
1235.0 18.011712670326233
1236.0 18.03736025094986
1237.0 18.080591201782227
1238.0 18.08265048265457
1239.0 18.106417059898376
1240.0 18.05770516395569
1241.0 18.063491761684418
1242.0 18.024049818515778
1243.0 17.952647626399994
1244.0 17.850762486457825
1245.0 17.79645597934723
1246.0 17.74946302175522
1247.0 17.711433827877045
1248.0 17.717251360416412
1249.0 17.635241210460663
1250.0 17.669297754764557
1251.0 17.60083556175232
1252.0 17.59843921661377
1253.0 17.563938438892365
1254.0 17.523225009441376
1255.0 17.52175760269165
1256.0 17.518802762031555
1257.0 17.440060257911682
1258.0 17.418761074543
1259.0 17.404455065727234
1260.0 17.331221222877502
1261.0 17.21273708343506
1262.0 17.14217048883438
1263.0 17.088717758655548
1264.0 17.112056016921997
1265.0 17.141347348690033
1266.0 17.157470881938934
1267.0 17.21398138999939
1268.0 17.152187645435333
1269.0 17.22460436820984
1270.0 17.2269247174263
1271.0 17.303563177585602
1272.0 17.325795710086823
1273.0 17.331592738628387
1274.0 17.387564480304718
1275.0 17.481439352035522
1276.0 17.48600310087204
1277.0 17.48669296503067
1278.0 17.488397479057312
1279.0 17.478035390377045
1280.0 17.492935299873352
1281.0 17.347310721874237
1282.0 17.279237627983093
1283.0 17.256490111351013
1284.0 17.193351924419403
1285.0 17.169845402240753
1286.0 17.25334632396698
1287.0 17.36843603849411
1288.0 17.47977352142334
1289.0 17.570488810539246
1290.0 17.623352468013763
1291.0 17.54674404859543
1292.0 17.462547659873962
1293.0 17.39054834842682
1294.0 17.298162043094635
1295.0 17.279087007045746
1296.0 17.228046715259552
1297.0 17.165294349193573
1298.0 17.12315934896469
1299.0 17.04722148180008
1300.0 16.99540823698044
1301.0 16.862438082695007
1302.0 16.743031859397888
1303.0 16.621088057756424
1304.0 16.630962640047073
1305.0 16.60753870010376
1306.0 16.572436034679413
1307.0 16.597827821969986
1308.0 16.635005682706833
1309.0 16.683021813631058
1310.0 16.66614294052124
1311.0 16.6608744263649
1312.0 16.569286793470383
1313.0 16.51102524995804
1314.0 16.441625714302063
1315.0 16.352021098136902
1316.0 16.21632820367813
1317.0 16.071567177772522
1318.0 15.992746740579605
1319.0 15.971043199300766
1320.0 16.011896282434464
1321.0 16.080408304929733
1322.0 16.054185181856155
1323.0 16.060200959444046
1324.0 16.094192683696747
1325.0 16.177006155252457
1326.0 16.18256887793541
1327.0 16.13382050395012
1328.0 16.1234669983387
1329.0 16.040100187063217
1330.0 16.111023634672165
1331.0 16.057278633117676
1332.0 16.11303687095642
1333.0 16.16968262195587
1334.0 16.20004513859749
1335.0 16.239979416131973
1336.0 16.2805537879467
1337.0 16.35043901205063
1338.0 16.36586543917656
1339.0 16.447612017393112
1340.0 16.42308470606804
1341.0 16.369782209396362
1342.0 16.40169656276703
1343.0 16.43226808309555
1344.0 16.391738533973694
1345.0 16.2966345846653
1346.0 16.255548655986786
1347.0 16.141055703163147
1348.0 16.174400717020035
1349.0 16.042568683624268
1350.0 15.987035006284714
1351.0 15.981566101312637
1352.0 15.947793543338776
1353.0 15.913681894540787
1354.0 15.884204626083374
1355.0 15.877630412578583
1356.0 15.882773458957672
1357.0 15.892039120197296
1358.0 15.87371227145195
1359.0 15.822303295135498
1360.0 15.771320343017578
1361.0 15.706053465604782
1362.0 15.634899944067001
1363.0 15.456070810556412
1364.0 15.386356323957443
1365.0 15.349400341510773
1366.0 15.34783136844635
1367.0 15.36035242676735
1368.0 15.366741210222244
1369.0 15.404338836669922
1370.0 15.39672002196312
1371.0 15.345222294330597
1372.0 15.384351402521133
1373.0 15.350688874721527
1374.0 15.348249435424805
1375.0 15.346687108278275
1376.0 15.339128911495209
1377.0 15.282024592161179
1378.0 15.294058382511139
1379.0 15.334391921758652
1380.0 15.333218485116959
1381.0 15.389658361673355
1382.0 15.426593363285065
1383.0 15.444834589958191
1384.0 15.541622132062912
1385.0 15.559881836175919
1386.0 15.56409952044487
1387.0 15.567198723554611
1388.0 15.562260806560516
1389.0 15.559174329042435
1390.0 15.624997466802597
1391.0 15.63960611820221
1392.0 15.637645304203033
1393.0 15.665384203195572
1394.0 15.717333853244781
1395.0 15.696863323450089
1396.0 15.690293192863464
1397.0 15.683744341135025
1398.0 15.71444383263588
1399.0 15.71694877743721
1400.0 15.708920329809189
1401.0 15.736010819673538
1402.0 15.745375484228134
1403.0 15.677316099405289
1404.0 15.604428172111511
1405.0 15.527650624513626
1406.0 15.48483493924141
1407.0 15.421155631542206
1408.0 15.379099547863007
1409.0 15.386271864175797
1410.0 15.376049846410751
1411.0 15.279956191778183
1412.0 15.239209949970245
1413.0 15.177092015743256
1414.0 15.111407458782196
1415.0 15.069218426942825
1416.0 15.074147433042526
1417.0 15.087449431419373
1418.0 15.149767816066742
1419.0 15.168723225593567
1420.0 15.184151709079742
1421.0 15.12343230843544
1422.0 15.043210744857788
1423.0 14.966021955013275
1424.0 14.989485681056976
1425.0 14.981422036886215
1426.0 15.035056799650192
1427.0 14.967078655958176
1428.0 14.888450711965561
1429.0 14.845583081245422
1430.0 14.728970110416412
1431.0 14.643190890550613
1432.0 14.557475596666336
1433.0 14.432696908712387
1434.0 14.386920273303986
1435.0 14.32226449251175
1436.0 14.27770060300827
1437.0 14.239850014448166
1438.0 14.187028765678406
1439.0 14.186585873365402
1440.0 14.119939923286438
1441.0 14.178741604089737
1442.0 14.121090114116669
1443.0 14.05679076910019
1444.0 14.014238446950912
1445.0 13.918566137552261
1446.0 13.828803211450577
1447.0 13.725278913974762
1448.0 13.764990419149399
1449.0 13.827802896499634
1450.0 13.921289712190628
1451.0 13.861085683107376
1452.0 13.879157334566116
1453.0 13.837264984846115
1454.0 13.805021077394485
1455.0 13.808050125837326
1456.0 13.804261863231659
1457.0 13.774914413690567
1458.0 13.728508561849594
1459.0 13.652498245239258
1460.0 13.590346097946167
1461.0 13.459138542413712
1462.0 13.396254122257233
1463.0 13.324985444545746
1464.0 13.248454958200455
1465.0 13.165478974580765
1466.0 13.072955429553986
1467.0 13.093913435935974
1468.0 13.105295568704605
1469.0 13.046057522296906
1470.0 13.008005410432816
1471.0 13.027927547693253
1472.0 12.9915452003479
1473.0 12.977525800466537
1474.0 13.008829712867737
1475.0 12.981164962053299
1476.0 12.893259793519974
1477.0 12.81539922952652
1478.0 12.754633992910385
1479.0 12.694263368844986
1480.0 12.694872230291367
1481.0 12.69030386209488
1482.0 12.616412073373795
1483.0 12.617019593715668
1484.0 12.604779750108719
1485.0 12.659853637218475
1486.0 12.665319234132767
1487.0 12.722702324390411
1488.0 12.747816681861877
1489.0 12.816510558128357
1490.0 12.82909169793129
1491.0 12.870059579610825
1492.0 12.922872096300125
1493.0 12.992112666368484
1494.0 13.030918717384338
1495.0 13.110771656036377
1496.0 13.289523422718048
1497.0 13.344577491283417
1498.0 13.370077937841415
1499.0 13.425766944885254
1500.0 13.430315375328064
1501.0 14.106541842222214
1502.0 14.345128804445267
1503.0 13.979059338569641
1504.0 14.090272039175034
1505.0 14.186647444963455
1506.0 14.034798443317413
1507.0 13.270364731550217
1508.0 12.65041208267212
1509.0 12.287702530622482
1510.0 12.451590240001678
1511.0 12.315571695566177
1512.0 12.206933915615082
1513.0 11.903859913349152
1514.0 11.57318925857544
1515.0 11.334452718496323
1516.0 11.20058685541153
1517.0 11.050111681222916
1518.0 10.725478887557983
1519.0 10.639374196529388
1520.0 10.416535377502441
1521.0 10.23625898361206
1522.0 10.037412494421005
1523.0 9.849231034517288
1524.0 9.70755586028099
1525.0 9.622637003660202
1526.0 9.50383597612381
1527.0 9.285954385995865
1528.0 9.152468204498291
1529.0 9.01838830113411
1530.0 8.87320226430893
1531.0 8.71192666888237
1532.0 8.552556455135345
1533.0 8.38819745182991
1534.0 8.26903922855854
1535.0 8.175064459443092
1536.0 8.072908997535706
1537.0 8.93832391500473
1538.0 9.09614972770214
1539.0 9.268349155783653
1540.0 9.453178346157074
1541.0 9.604846432805061
1542.0 9.827262476086617
1543.0 10.118716955184937
1544.0 9.991764724254608
1545.0 8.771325528621674
1546.0 9.525106593966484
1547.0 9.5791025608778
1548.0 9.797827824950218
1549.0 12.577165752649307
1550.0 15.100108295679092
1551.0 15.164639577269554
1552.0 9.815452486276627
1553.0 9.363646104931831
1554.0 9.112057849764824
1555.0 9.493040144443512
1556.0 9.665793299674988
1557.0 11.10386972129345
1558.0 15.083457693457603
1559.0 14.18348129093647
1560.0 9.980981335043907
1561.0 8.945831686258316
1562.0 7.37162858247757
1563.0 7.368685498833656
1564.0 7.323348730802536
1565.0 7.293961316347122
1566.0 7.307537630200386
1567.0 7.302244946360588
1568.0 7.288275256752968
1569.0 7.244867026805878
1570.0 7.1996049880981445
1571.0 7.153985843062401
1572.0 7.089105606079102
1573.0 7.011951491236687
1574.0 6.983816370368004
1575.0 6.97011037170887
1576.0 6.928735092282295
1577.0 6.907286673784256
1578.0 6.841209575533867
1579.0 6.80375462770462
1580.0 6.762191295623779
1581.0 6.74463526904583
1582.0 6.692993059754372
1583.0 6.625641778111458
1584.0 6.568877175450325
1585.0 6.481052547693253
1586.0 6.437687918543816
1587.0 6.364765077829361
1588.0 6.29140231013298
1589.0 6.249177843332291
1590.0 6.178560301661491
1591.0 6.1103335916996
1592.0 6.095177978277206
1593.0 6.024616822600365
1594.0 5.942329794168472
1595.0 5.877862960100174
1596.0 5.857243150472641
1597.0 5.831656873226166
1598.0 5.889101043343544
1599.0 5.849854692816734
1600.0 5.696938470005989
1601.0 5.5774709433317184
1602.0 5.528137966990471
1603.0 5.47403259575367
1604.0 5.4637037962675095
1605.0 5.418064430356026
1606.0 5.3512272387743
1607.0 5.322216168045998
1608.0 5.282890439033508
1609.0 5.220376074314117
1610.0 5.188009366393089
1611.0 5.15176485478878
1612.0 5.157894283533096
1613.0 5.139161840081215
1614.0 5.134871542453766
1615.0 5.168374121189117
1616.0 5.135351657867432
1617.0 5.072111561894417
1618.0 5.067465379834175
1619.0 5.056145429611206
1620.0 5.041957974433899
1621.0 5.047187805175781
1622.0 5.084323048591614
1623.0 5.086321488022804
1624.0 5.086763918399811
1625.0 5.100093767046928
1626.0 5.059156075119972
1627.0 5.041017964482307
1628.0 5.046128287911415
1629.0 5.033699005842209
1630.0 5.020661428570747
1631.0 4.957364663481712
1632.0 4.971759632229805
1633.0 4.931576833128929
1634.0 4.928217947483063
1635.0 4.857384666800499
1636.0 4.8842413276433945
1637.0 4.919561550021172
1638.0 4.9432718604803085
1639.0 4.947501331567764
1640.0 4.954964384436607
1641.0 4.973458617925644
1642.0 4.963223174214363
1643.0 4.981137588620186
1644.0 4.998726814985275
1645.0 4.991389498114586
1646.0 4.985960394144058
1647.0 4.9682634472846985
1648.0 4.958753779530525
1649.0 4.925579607486725
1650.0 4.914432883262634
1651.0 4.900019779801369
1652.0 4.904267951846123
1653.0 4.886335015296936
1654.0 4.850418120622635
1655.0 4.8364477306604385
1656.0 4.828015670180321
1657.0 4.850836277008057
1658.0 4.840576022863388
1659.0 4.854666188359261
1660.0 4.84682260453701
1661.0 4.845545709133148
1662.0 4.8047298938035965
1663.0 4.788232922554016
1664.0 4.815076157450676
1665.0 4.820051982998848
1666.0 4.8371909111738205
1667.0 4.827888324856758
1668.0 4.860174715518951
1669.0 4.856723755598068
1670.0 4.86503104865551
1671.0 4.8588613867759705
1672.0 4.843501016497612
1673.0 4.83415949344635
1674.0 4.81719309091568
1675.0 4.78906387090683
1676.0 4.790287867188454
1677.0 4.7932674288749695
1678.0 4.796810403466225
1679.0 4.79484136402607
1680.0 4.7775664031505585
1681.0 4.788510173559189
1682.0 4.803358405828476
1683.0 4.801181808114052
1684.0 4.807856485247612
1685.0 4.8105755895376205
1686.0 4.812070325016975
1687.0 4.79528371989727
1688.0 4.7709059715271
1689.0 4.722285494208336
1690.0 4.682673215866089
1691.0 4.642515420913696
1692.0 4.6457933485507965
1693.0 4.63630174100399
1694.0 4.615700602531433
1695.0 4.5894405990839005
1696.0 4.537258669734001
1697.0 4.488292381167412
1698.0 4.440154030919075
1699.0 4.418432004749775
1700.0 4.418579891324043
1701.0 4.406151995062828
1702.0 4.411939442157745
1703.0 4.399204865098
1704.0 4.379722401499748
1705.0 4.3459295481443405
1706.0 4.321535721421242
1707.0 4.264962911605835
1708.0 4.240192584693432
1709.0 4.221405282616615
1710.0 4.212914653122425
1711.0 4.205505929887295
1712.0 4.218159094452858
1713.0 4.225161753594875
1714.0 4.194177627563477
1715.0 4.2148440554738045
1716.0 4.167230933904648
1717.0 4.120042309165001
1718.0 4.101241916418076
1719.0 4.0767413303256035
1720.0 4.033477239310741
1721.0 3.9832845851778984
1722.0 3.969242125749588
1723.0 3.946505568921566
1724.0 3.9360781386494637
1725.0 3.891942508518696
1726.0 3.882925197482109
1727.0 3.8606571406126022
1728.0 3.850779138505459
1729.0 3.8019185662269592
1730.0 3.769505374133587
1731.0 3.7210327684879303
1732.0 3.704008974134922
1733.0 3.6806690022349358
1734.0 3.6333384439349174
1735.0 3.6372967958450317
1736.0 3.656594827771187
1737.0 3.6346224024891853
1738.0 3.6273838728666306
1739.0 3.617452599108219
1740.0 3.626071944832802
1741.0 3.6230896711349487
1742.0 3.6355791613459587
1743.0 3.6299694404006004
1744.0 3.630201108753681
1745.0 3.6360030621290207
1746.0 3.5993912294507027
1747.0 3.5815341100096703
1748.0 3.5557735934853554
1749.0 3.5480168014764786
1750.0 3.538189761340618
1751.0 3.511525571346283
1752.0 3.4837403148412704
1753.0 3.4371220469474792
1754.0 3.416593059897423
1755.0 3.386947877705097
1756.0 3.3743805587291718
1757.0 3.3495564460754395
1758.0 3.3146714568138123
1759.0 3.283073350787163
1760.0 3.263947494328022
1761.0 3.26445946842432
1762.0 3.257336549460888
1763.0 3.280104197561741
1764.0 3.2854031175374985
1765.0 3.3174868002533913
1766.0 3.3526343181729317
1767.0 3.350021719932556
1768.0 3.392327517271042
1769.0 3.453266277909279
1770.0 3.4811224192380905
1771.0 3.492609180510044
1772.0 3.512886956334114
1773.0 3.4851985722780228
1774.0 3.4888092055916786
1775.0 3.4960973411798477
1776.0 3.484353832900524
1777.0 3.4719449430704117
1778.0 3.4502776712179184
1779.0 3.443684332072735
1780.0 3.425055555999279
1781.0 3.419786773622036
1782.0 3.4025254994630814
1783.0 3.3814765214920044
1784.0 3.3553793653845787
1785.0 3.31724351644516
1786.0 3.2839443162083626
1787.0 3.250013552606106
1788.0 3.233361341059208
1789.0 3.229695327579975
1790.0 3.253771223127842
1791.0 3.2528981268405914
1792.0 3.2646955251693726
1793.0 3.2779322490096092
1794.0 3.2796698212623596
1795.0 3.2629140987992287
1796.0 3.2792849466204643
1797.0 3.3002753481268883
1798.0 3.300202377140522
1799.0 3.3018447309732437
1800.0 3.3210423588752747
1801.0 3.3356634080410004
1802.0 3.3593930900096893
1803.0 3.4050058349967003
1804.0 3.4485233575105667
1805.0 3.476996622979641
1806.0 3.5012741163372993
1807.0 3.5320420935750008
1808.0 3.660772867500782
1809.0 3.66646209359169
1810.0 3.5427919179201126
1811.0 3.467365577816963
1812.0 3.46846554428339
1813.0 3.4972202703356743
1814.0 3.5404038578271866
1815.0 3.5642083808779716
1816.0 3.576517552137375
1817.0 3.574288159608841
1818.0 3.5669194236397743
1819.0 3.5766112953424454
1820.0 3.57402803003788
1821.0 3.587966561317444
1822.0 3.6060258597135544
1823.0 3.6010275706648827
1824.0 3.6421332582831383
1825.0 3.6499602869153023
1826.0 3.645528420805931
1827.0 3.6710096076130867
1828.0 3.665034994482994
1829.0 3.6613447815179825
1830.0 3.646331176161766
1831.0 3.6772041842341423
1832.0 3.667064629495144
1833.0 3.689221329987049
1834.0 3.685305565595627
1835.0 3.6989967450499535
1836.0 3.710319548845291
1837.0 3.750442549586296
1838.0 3.7693965286016464
1839.0 3.7757085636258125
1840.0 3.8038318902254105
1841.0 3.7603376507759094
1842.0 3.7674549520015717
1843.0 3.75552037358284
1844.0 3.7831979021430016
1845.0 3.802298352122307
1846.0 3.819379709661007
1847.0 3.802446335554123
1848.0 3.809537746012211
1849.0 3.813935086131096
1850.0 3.776732847094536
1851.0 3.776940494775772
1852.0 3.7759473472833633
1853.0 3.7916144877672195
1854.0 3.817634955048561
1855.0 3.854528397321701
1856.0 3.8604952916502953
1857.0 3.8749536499381065
1858.0 3.877442203462124
1859.0 3.8861958533525467
1860.0 3.9116782173514366
1861.0 3.896675579249859
1862.0 3.908618949353695
1863.0 3.9399246349930763
1864.0 3.9263429418206215
1865.0 3.8929119780659676
1866.0 3.862810641527176
1867.0 3.875550515949726
1868.0 3.834511399269104
1869.0 3.832822911441326
1870.0 3.823402479290962
1871.0 3.8056996315717697
1872.0 3.7939603701233864
1873.0 3.738288998603821
1874.0 3.737186759710312
1875.0 3.709048770368099
1876.0 3.713062107563019
1877.0 3.7085973396897316
1878.0 3.7026694267988205
1879.0 3.682219475507736
1880.0 3.6513638347387314
1881.0 3.663841173052788
1882.0 3.6342251375317574
1883.0 3.5787405595183372
1884.0 3.550778239965439
1885.0 3.569636180996895
1886.0 3.5704028382897377
1887.0 3.5615896359086037
1888.0 3.5681784227490425
1889.0 3.533167839050293
1890.0 3.5284008011221886
1891.0 3.5426655784249306
1892.0 3.527756989002228
1893.0 3.5246604532003403
1894.0 3.522836312651634
1895.0 3.5118434950709343
1896.0 3.5179671868681908
1897.0 3.502159006893635
1898.0 3.524467222392559
1899.0 3.5247871205210686
1900.0 3.5322804674506187
1901.0 3.5256132185459137
1902.0 3.5555055513978004
1903.0 3.5451056212186813
1904.0 3.5209401920437813
1905.0 3.5461921468377113
1906.0 3.52141185849905
1907.0 3.517878159880638
1908.0 3.511673539876938
1909.0 3.5166905745863914
1910.0 3.535078838467598
1911.0 3.5156498923897743
1912.0 3.5104961171746254
1913.0 3.538270726799965
1914.0 3.528032772243023
1915.0 3.575755476951599
1916.0 3.596345268189907
1917.0 3.596004866063595
1918.0 3.6134129241108894
1919.0 3.635266862809658
1920.0 3.6394012570381165
1921.0 3.6557890623807907
1922.0 3.6494262143969536
1923.0 3.676335647702217
1924.0 3.677944451570511
1925.0 3.6654704809188843
1926.0 3.6729945316910744
1927.0 3.7134905084967613
1928.0 3.709001064300537
1929.0 3.710579939186573
1930.0 3.706219933927059
1931.0 3.6944291293621063
1932.0 3.716366820037365
1933.0 3.7188411355018616
1934.0 3.717369318008423
1935.0 3.708673156797886
1936.0 3.719120539724827
1937.0 3.7375915721058846
1938.0 3.734182059764862
1939.0 3.7255638763308525
1940.0 3.714584618806839
1941.0 3.69135370105505
1942.0 3.715553805232048
1943.0 3.727875865995884
1944.0 3.7191178053617477
1945.0 3.726302094757557
1946.0 3.7665646076202393
1947.0 3.7541705667972565
1948.0 3.7551305145025253
1949.0 3.752539575099945
1950.0 3.743573486804962
1951.0 3.749889776110649
1952.0 3.7643380761146545
1953.0 3.765786439180374
1954.0 3.764729343354702
1955.0 3.7715626657009125
1956.0 3.7662720009684563
1957.0 3.7720245867967606
1958.0 3.774595558643341
1959.0 3.7528223171830177
1960.0 3.7569631412625313
1961.0 3.758511856198311
1962.0 3.7721186205744743
1963.0 3.7765605449676514
1964.0 3.7939583882689476
1965.0 3.791208930313587
1966.0 3.8020480051636696
1967.0 3.8020420223474503
1968.0 3.775256782770157
1969.0 3.7721872851252556
1970.0 3.766961358487606
1971.0 3.755834348499775
1972.0 3.7568059787154198
1973.0 3.7269647419452667
1974.0 3.7286437898874283
1975.0 3.7508000507950783
1976.0 3.7589269652962685
1977.0 3.7763670831918716
1978.0 3.805880442261696
1979.0 3.830801524221897
1980.0 3.852540098130703
1981.0 3.8613874912261963
1982.0 3.8866188749670982
1983.0 3.897354632616043
1984.0 3.8963163271546364
1985.0 3.88702479749918
1986.0 3.9001786187291145
1987.0 3.9120337441563606
1988.0 3.917023204267025
1989.0 3.912806861102581
1990.0 3.9208230823278427
1991.0 3.918439231812954
1992.0 3.9014355838298798
1993.0 3.875067353248596
1994.0 3.8761097863316536
1995.0 3.8870941177010536
1996.0 3.902597188949585
1997.0 3.866991624236107
1998.0 3.8549250215291977
1999.0 3.828757219016552
2000.0 3.8316416516900063
2001.0 3.8224742859601974
2002.0 3.8223372772336006
2003.0 3.8230034708976746
2004.0 3.847334899008274
2005.0 3.8156812116503716
2006.0 3.80170451849699
2007.0 3.79641080647707
2008.0 3.7672456428408623
2009.0 3.761513188481331
2010.0 3.7748855501413345
2011.0 3.7947024777531624
2012.0 3.8443945422768593
2013.0 3.861561417579651
2014.0 3.8991526886820793
2015.0 3.922148808836937
2016.0 3.9246194884181023
2017.0 3.9303079023957253
2018.0 3.9567064195871353
2019.0 3.9672557786107063
2020.0 3.946952410042286
2021.0 3.9622867852449417
2022.0 3.9894943460822105
2023.0 4.010838203132153
2024.0 4.053250461816788
2025.0 4.0682094022631645
2026.0 4.0827794298529625
2027.0 4.07367841899395
2028.0 4.074775665998459
2029.0 4.038158468902111
2030.0 4.04389575868845
2031.0 4.062359720468521
2032.0 4.070853173732758
2033.0 4.06234060972929
2034.0 4.061699539422989
2035.0 4.045029379427433
2036.0 4.051896445453167
2037.0 4.054500013589859
2038.0 4.048452250659466
2039.0 4.03448973596096
2040.0 4.047674357891083
2041.0 4.05066404491663
2042.0 4.040683098137379
2043.0 4.049148164689541
2044.0 4.040061675012112
2045.0 4.042705446481705
2046.0 4.042710714042187
2047.0 4.04438129067421
2048.0 4.026626490056515
2049.0 4.030335254967213
2050.0 4.015846289694309
2051.0 3.9781430140137672
2052.0 3.9858801513910294
2053.0 3.9561598002910614
2054.0 3.9555937498807907
2055.0 3.9442245438694954
2056.0 3.931064046919346
2057.0 3.906766064465046
2058.0 3.9229704663157463
2059.0 3.9413585737347603
2060.0 3.9648209661245346
2061.0 3.9614157378673553
2062.0 3.954519972205162
2063.0 3.9702682569622993
2064.0 3.980751968920231
2065.0 3.9718034267425537
2066.0 3.9441621154546738
2067.0 3.9639590680599213
2068.0 3.987082712352276
2069.0 4.022482588887215
2070.0 4.04110948741436
2071.0 4.0332901403307915
2072.0 4.04776506125927
2073.0 4.040900215506554
2074.0 4.05032330006361
2075.0 4.055492237210274
2076.0 4.063034757971764
2077.0 4.076495759189129
2078.0 4.057761736214161
2079.0 4.034165941178799
2080.0 4.0364304929971695
2081.0 4.035879008471966
2082.0 4.0559156611561775
2083.0 4.078131891787052
2084.0 4.102140247821808
2085.0 4.135173007845879
2086.0 4.169874846935272
2087.0 4.1802691370248795
2088.0 4.1914657056331635
2089.0 4.180661365389824
2090.0 4.183723621070385
2091.0 4.1889356672763824
2092.0 4.191357970237732
2093.0 4.200239107012749
2094.0 4.189814165234566
2095.0 4.181135073304176
2096.0 4.149764180183411
2097.0 4.13909076154232
2098.0 4.124343313276768
2099.0 4.132443346083164
2100.0 4.1196620762348175
2101.0 4.099511429667473
2102.0 4.108544901013374
2103.0 4.109453707933426
2104.0 4.1350685358047485
2105.0 4.138731874525547
2106.0 4.159093379974365
2107.0 4.143237881362438
2108.0 4.152945056557655
2109.0 4.143684431910515
2110.0 4.145020820200443
2111.0 4.113113671541214
2112.0 4.099899515509605
2113.0 4.107953235507011
2114.0 4.10217122733593
2115.0 4.0910696014761925
2116.0 4.103743977844715
2117.0 4.1028971672058105
2118.0 4.1151877120137215
2119.0 4.130688726902008
2120.0 4.12241604924202
2121.0 4.122610293328762
2122.0 4.131064809858799
2123.0 4.137878566980362
2124.0 4.1236559599637985
2125.0 4.106549911201
2126.0 4.104170322418213
2127.0 4.09143378585577
2128.0 4.063755713403225
2129.0 4.052680306136608
2130.0 4.057951346039772
2131.0 4.035221621394157
2132.0 4.0274738073349
2133.0 4.032077036798
2134.0 4.069572597742081
2135.0 4.103055723011494
2136.0 4.085332602262497
2137.0 4.10591783374548
2138.0 4.121617943048477
2139.0 4.1401442065835
2140.0 4.191861763596535
2141.0 4.20744489133358
2142.0 4.272194609045982
2143.0 4.293180853128433
2144.0 4.30036997795105
2145.0 4.3316967487335205
2146.0 4.336053371429443
2147.0 4.319686606526375
2148.0 4.337491273880005
2149.0 4.3333679139614105
2150.0 4.331246122717857
2151.0 4.3443330228328705
2152.0 4.336789682507515
2153.0 4.35100094974041
2154.0 4.366006001830101
2155.0 4.407013043761253
2156.0 4.4222370237112045
2157.0 4.429818823933601
2158.0 4.423811227083206
2159.0 4.410815551877022
2160.0 4.431487321853638
2161.0 4.425629988312721
2162.0 4.429009333252907
2163.0 4.463721722364426
2164.0 4.477985695004463
2165.0 4.453366324305534
2166.0 4.461451888084412
2167.0 4.45844492316246
2168.0 4.454977706074715
2169.0 4.43587726354599
2170.0 4.448597341775894
2171.0 4.448942080140114
2172.0 4.432355031371117
2173.0 4.415879040956497
2174.0 4.4170531034469604
2175.0 4.412868291139603
2176.0 4.436931133270264
2177.0 4.443111628293991
2178.0 4.46923141181469
2179.0 4.42304702103138
2180.0 4.42297101020813
2181.0 4.385528564453125
2182.0 4.357645153999329
2183.0 4.351210132241249
2184.0 4.382258400321007
2185.0 4.372958779335022
2186.0 4.377514898777008
2187.0 4.388923525810242
2188.0 4.394335448741913
2189.0 4.403803735971451
2190.0 4.400071173906326
2191.0 4.403861418366432
2192.0 4.40461853146553
2193.0 4.392753571271896
2194.0 4.411767527461052
2195.0 4.41854801774025
2196.0 4.436819225549698
2197.0 4.431879833340645
2198.0 4.432292252779007
2199.0 4.44908145070076
2200.0 4.452205419540405
2201.0 4.472712621092796
2202.0 4.493538782000542
2203.0 4.506657108664513
2204.0 4.5106974095106125
2205.0 4.523925140500069
2206.0 4.561532080173492
2207.0 4.572101682424545
2208.0 4.554535165429115
2209.0 4.5476973205804825
2210.0 4.583632856607437
2211.0 4.5885366052389145
2212.0 4.605826511979103
2213.0 4.635945379734039
2214.0 4.675717443227768
2215.0 4.67823588848114
2216.0 4.678888872265816
2217.0 4.714341640472412
2218.0 4.716335490345955
2219.0 4.772256523370743
2220.0 4.815830752253532
2221.0 4.8105060160160065
2222.0 4.843932896852493
2223.0 4.8676667958498
2224.0 4.876262158155441
2225.0 4.884765848517418
2226.0 4.925091996788979
2227.0 4.955867722630501
2228.0 4.990415066480637
2229.0 5.021838113665581
2230.0 5.025973677635193
2231.0 5.035987392067909
2232.0 5.047746658325195
2233.0 5.047029003500938
2234.0 5.049284800887108
2235.0 5.036049962043762
2236.0 5.0658008903265
2237.0 5.062172323465347
2238.0 5.061868295073509
2239.0 5.067313686013222
2240.0 5.030136525630951
2241.0 5.0400665402412415
2242.0 5.047033533453941
2243.0 5.051489859819412
2244.0 5.0354363322258
2245.0 5.004385784268379
2246.0 4.997367352247238
2247.0 5.022943735122681
2248.0 5.009346395730972
2249.0 5.028017103672028
2250.0 5.027235925197601
2251.0 5.034375578165054
2252.0 5.025263920426369
2253.0 4.980046555399895
2254.0 4.922888368368149
2255.0 4.904258817434311
2256.0 4.911610037088394
2257.0 4.89770445227623
2258.0 4.8630713522434235
2259.0 4.862769290804863
2260.0 4.856167212128639
2261.0 4.839409187436104
2262.0 4.865553572773933
2263.0 4.857641339302063
2264.0 4.885616317391396
2265.0 4.887320876121521
2266.0 4.920551270246506
2267.0 4.927562192082405
2268.0 4.904683291912079
2269.0 4.915813818573952
2270.0 4.9418181627988815
2271.0 4.960568010807037
2272.0 4.961403980851173
2273.0 4.966182500123978
2274.0 4.950874611735344
2275.0 4.900884360074997
2276.0 4.864650219678879
2277.0 4.88228215277195
2278.0 4.926077216863632
2279.0 4.908012211322784
2280.0 4.875794515013695
2281.0 4.887732908129692
2282.0 4.887129917740822
2283.0 4.897482022643089
2284.0 4.896838337182999
2285.0 4.903658509254456
2286.0 4.890785351395607
2287.0 4.887360617518425
2288.0 4.922672763466835
2289.0 4.944130331277847
2290.0 4.926787406206131
2291.0 4.9299890995025635
2292.0 4.905458211898804
2293.0 4.93145415186882
2294.0 4.946811765432358
2295.0 4.903168827295303
2296.0 4.932359263300896
2297.0 4.931141942739487
2298.0 4.9416472762823105
2299.0 4.9419490694999695
2300.0 4.910250157117844
2301.0 4.947025865316391
2302.0 4.94811674952507
2303.0 4.998588815331459
2304.0 5.009449303150177
2305.0 5.027754709124565
2306.0 5.024314597249031
2307.0 5.0484788864851
2308.0 5.0702574998140335
2309.0 5.086759179830551
2310.0 5.09389391541481
2311.0 5.112864077091217
2312.0 5.18292498588562
2313.0 5.190364792943001
2314.0 5.198973044753075
2315.0 5.184668764472008
2316.0 5.198224574327469
2317.0 5.247064828872681
2318.0 5.222511321306229
2319.0 5.221039146184921
2320.0 5.233889222145081
2321.0 5.209261581301689
2322.0 5.232457563281059
2323.0 5.228551879525185
2324.0 5.233882158994675
2325.0 5.256447598338127
2326.0 5.262050032615662
2327.0 5.3050477206707
2328.0 5.300744995474815
2329.0 5.3454420119524
2330.0 5.361290901899338
2331.0 5.381135076284409
2332.0 5.391400903463364
2333.0 5.36602258682251
2334.0 5.3726025223731995
2335.0 5.3838368356227875
2336.0 5.352099001407623
2337.0 5.359740987420082
2338.0 5.374835312366486
2339.0 5.396954521536827
2340.0 5.4371319860219955
2341.0 5.460436582565308
2342.0 5.468813717365265
2343.0 5.442287132143974
2344.0 5.4199415147304535
2345.0 5.4005560129880905
2346.0 5.370597213506699
2347.0 5.3651633858680725
2348.0 5.38767609000206
2349.0 5.410131752490997
2350.0 5.433263435959816
2351.0 5.463430762290955
2352.0 5.421899661421776
2353.0 5.410213530063629
2354.0 5.420981079339981
2355.0 5.441682085394859
2356.0 5.501758798956871
2357.0 5.552512675523758
2358.0 5.610833927989006
2359.0 5.625870928168297
2360.0 5.639890506863594
2361.0 5.653078407049179
2362.0 5.629398614168167
2363.0 5.634964823722839
2364.0 5.677135705947876
2365.0 5.683759048581123
2366.0 5.682068169116974
2367.0 5.70653535425663
2368.0 5.71817584335804
2369.0 5.6711119413375854
2370.0 5.677187293767929
2371.0 5.69184410572052
2372.0 5.663800582289696
2373.0 5.655337005853653
2374.0 5.683685839176178
2375.0 5.677165135741234
2376.0 5.669766277074814
2377.0 5.69425755739212
2378.0 5.706064388155937
2379.0 5.686392828822136
2380.0 5.690662741661072
2381.0 5.682240188121796
2382.0 5.671551495790482
2383.0 5.693048283457756
2384.0 5.719020277261734
2385.0 5.701325088739395
2386.0 5.692519053816795
2387.0 5.677804499864578
2388.0 5.677581489086151
2389.0 5.657377332448959
2390.0 5.6338968724012375
2391.0 5.621933102607727
2392.0 5.648917317390442
2393.0 5.623950257897377
2394.0 5.6692560613155365
2395.0 5.624151200056076
2396.0 5.619404807686806
2397.0 5.6333505511283875
2398.0 5.622370719909668
2399.0 5.591790601611137
2400.0 5.588395819067955
2401.0 5.587456151843071
2402.0 5.600529178977013
2403.0 5.621027439832687
2404.0 5.615811735391617
2405.0 5.621295094490051
2406.0 5.628033310174942
2407.0 5.657090708613396
2408.0 5.65635547041893
2409.0 5.684657484292984
2410.0 5.668986991047859
2411.0 5.676373139023781
2412.0 5.680549710988998
2413.0 5.664466038346291
2414.0 5.669819802045822
2415.0 5.668621942400932
2416.0 5.67070671916008
2417.0 5.6754878759384155
2418.0 5.651729941368103
2419.0 5.64839106798172
2420.0 5.632028132677078
2421.0 5.601476639509201
2422.0 5.610741317272186
2423.0 5.615364924073219
2424.0 5.568711549043655
2425.0 5.547660157084465
2426.0 5.5379446148872375
2427.0 5.5259033888578415
2428.0 5.50602662563324
2429.0 5.487044990062714
2430.0 5.514420345425606
2431.0 5.505572184920311
2432.0 5.492025941610336
2433.0 5.464128240942955
2434.0 5.435920640826225
2435.0 5.430801540613174
2436.0 5.4426117688417435
2437.0 5.433386608958244
2438.0 5.427522823214531
2439.0 5.43686805665493
2440.0 5.454773366451263
2441.0 5.451400056481361
2442.0 5.452698990702629
2443.0 5.411653682589531
2444.0 5.378431469202042
2445.0 5.39618419110775
2446.0 5.376610741019249
2447.0 5.363732248544693
2448.0 5.360085383057594
2449.0 5.384629875421524
2450.0 5.369504615664482
2451.0 5.392385795712471
2452.0 5.408930629491806
2453.0 5.425676092505455
2454.0 5.420037880539894
2455.0 5.421611860394478
2456.0 5.414680927991867
2457.0 5.408604592084885
2458.0 5.4245724976062775
2459.0 5.426556006073952
2460.0 5.371116816997528
2461.0 5.355214014649391
2462.0 5.348091349005699
2463.0 5.330989331007004
2464.0 5.338146686553955
2465.0 5.361134648323059
2466.0 5.359134867787361
2467.0 5.359881103038788
2468.0 5.3917573392391205
2469.0 5.412561446428299
2470.0 5.4290275275707245
2471.0 5.4543847143650055
2472.0 5.460197627544403
2473.0 5.465967550873756
2474.0 5.47781340777874
2475.0 5.491170063614845
2476.0 5.4812075942754745
2477.0 5.474825128912926
2478.0 5.449890851974487
2479.0 5.462689846754074
2480.0 5.482119679450989
2481.0 5.483860731124878
2482.0 5.472578331828117
2483.0 5.488246947526932
2484.0 5.503367647528648
2485.0 5.521376296877861
2486.0 5.52763606607914
2487.0 5.536436825990677
2488.0 5.52168944478035
2489.0 5.52194932103157
2490.0 5.515670016407967
2491.0 5.498285308480263
2492.0 5.511997193098068
2493.0 5.5042100846767426
2494.0 5.506150707602501
2495.0 5.501615524291992
2496.0 5.496534988284111
2497.0 5.515441790223122
2498.0 5.5274451822042465
2499.0 5.540519595146179
2500.0 5.533341154456139
2501.0 5.528403356671333
2502.0 5.515499144792557
2503.0 5.540644973516464
2504.0 5.570682555437088
2505.0 5.5649300664663315
2506.0 5.547926291823387
2507.0 5.545024946331978
2508.0 5.549756273627281
2509.0 5.5696480721235275
2510.0 5.557741731405258
2511.0 5.560688242316246
2512.0 5.543996691703796
2513.0 5.535455450415611
2514.0 5.511630907654762
2515.0 5.53065998852253
2516.0 5.520159870386124
2517.0 5.524314507842064
2518.0 5.514213353395462
2519.0 5.512744814157486
2520.0 5.504447892308235
2521.0 5.534619212150574
2522.0 5.508910194039345
2523.0 5.530336081981659
2524.0 5.499226674437523
2525.0 5.488930135965347
2526.0 5.499764665961266
2527.0 5.501505270600319
2528.0 5.481298342347145
2529.0 5.4701318591833115
2530.0 5.475974157452583
2531.0 5.495594412088394
2532.0 5.506743684411049
2533.0 5.485389977693558
2534.0 5.474523052573204
2535.0 5.4920638501644135
2536.0 5.494716838002205
2537.0 5.468483403325081
2538.0 5.466244757175446
2539.0 5.468735262751579
2540.0 5.45983399450779
2541.0 5.457727372646332
2542.0 5.464244857430458
2543.0 5.4476530104875565
2544.0 5.427029624581337
2545.0 5.432511627674103
2546.0 5.407345205545425
2547.0 5.409656450152397
2548.0 5.418496444821358
2549.0 5.411396503448486
2550.0 5.429470077157021
2551.0 5.399441748857498
2552.0 5.415995702147484
2553.0 5.423166513442993
2554.0 5.43551678955555
2555.0 5.425203904509544
2556.0 5.416510000824928
2557.0 5.401173308491707
2558.0 5.425921365618706
2559.0 5.411971554160118
2560.0 5.4000373929739
2561.0 5.374134495854378
2562.0 5.407110020518303
2563.0 5.379647642374039
2564.0 5.357346668839455
2565.0 5.340475231409073
2566.0 5.328548818826675
2567.0 5.32720385491848
2568.0 5.286286234855652
2569.0 5.272283121943474
2570.0 5.258707582950592
2571.0 5.267078667879105
2572.0 5.279497012495995
2573.0 5.300996407866478
2574.0 5.33448700606823
2575.0 5.334325686097145
2576.0 5.319766953587532
2577.0 5.3071898221969604
2578.0 5.287250369787216
2579.0 5.299850970506668
2580.0 5.27322319149971
2581.0 5.26863269507885
2582.0 5.25300532579422
2583.0 5.242603585124016
2584.0 5.233940452337265
2585.0 5.216146528720856
2586.0 5.228552430868149
2587.0 5.219471827149391
2588.0 5.19643035531044
2589.0 5.195021092891693
2590.0 5.208567425608635
2591.0 5.1928819715976715
2592.0 5.1874023377895355
2593.0 5.199395105242729
2594.0 5.211921438574791
2595.0 5.2110931277275085
2596.0 5.196492791175842
2597.0 5.200156897306442
2598.0 5.216895058751106
2599.0 5.205540984869003
2600.0 5.189351201057434
2601.0 5.132397621870041
2602.0 5.103587836027145
2603.0 5.122892513871193
2604.0 5.1270647048950195
2605.0 5.1217916160821915
2606.0 5.121741861104965
2607.0 5.121741026639938
2608.0 5.106906920671463
2609.0 5.110371530056
2610.0 5.1027873903512955
2611.0 5.092324525117874
2612.0 5.075705423951149
2613.0 5.069968670606613
2614.0 5.095337092876434
2615.0 5.093997523188591
2616.0 5.0876153111457825
2617.0 5.078731149435043
2618.0 5.083434239029884
2619.0 5.090610444545746
2620.0 5.108428031206131
2621.0 5.096400186419487
2622.0 5.084385395050049
2623.0 5.083599627017975
2624.0 5.082158863544464
2625.0 5.042845278978348
2626.0 5.053133025765419
2627.0 5.055451214313507
2628.0 5.081929370760918
2629.0 5.052840515971184
2630.0 5.042868092656136
2631.0 5.071498259902
2632.0 5.088609158992767
2633.0 5.086633011698723
2634.0 5.054561465978622
2635.0 5.051014736294746
2636.0 5.047207772731781
2637.0 5.051939353346825
2638.0 5.08066888153553
2639.0 5.0797718316316605
2640.0 5.025852560997009
2641.0 5.024082213640213
2642.0 5.006745383143425
2643.0 4.994246318936348
2644.0 4.989435702562332
2645.0 4.997832253575325
2646.0 4.995912685990334
2647.0 4.992551743984222
2648.0 4.978946179151535
2649.0 5.0061957985162735
2650.0 5.037891432642937
2651.0 5.032553464174271
2652.0 5.027976781129837
2653.0 5.007952004671097
2654.0 4.987402051687241
2655.0 5.021524593234062
2656.0 5.061211869120598
2657.0 5.074056699872017
2658.0 5.063643425703049
2659.0 5.0600015968084335
2660.0 5.043869391083717
2661.0 5.034382313489914
2662.0 5.04309356212616
2663.0 5.064229637384415
2664.0 5.054973125457764
2665.0 5.060047999024391
2666.0 5.094925329089165
2667.0 5.092756524682045
2668.0 5.072017729282379
2669.0 5.078360363841057
2670.0 5.073961645364761
2671.0 5.076009497046471
2672.0 5.03177236020565
2673.0 5.041004076600075
2674.0 5.057488232851028
2675.0 5.026097357273102
2676.0 4.990363135933876
2677.0 4.962270572781563
2678.0 4.964793473482132
2679.0 4.939391866326332
2680.0 4.951802030205727
2681.0 4.955613046884537
2682.0 4.926077455282211
2683.0 4.917913839221001
2684.0 4.9169228076934814
2685.0 4.9123160392045975
2686.0 4.930049926042557
2687.0 4.939144477248192
2688.0 4.965796858072281
2689.0 4.948141530156136
2690.0 4.967725321650505
2691.0 4.959602996706963
2692.0 4.948225915431976
2693.0 4.9410998076200485
2694.0 4.947995156049728
2695.0 4.954169690608978
2696.0 4.9489011615514755
2697.0 4.960059404373169
2698.0 4.9673576802015305
2699.0 4.965335160493851
2700.0 4.945834591984749
2701.0 4.9405310451984406
2702.0 4.918505102396011
2703.0 4.8986111134290695
2704.0 4.902468025684357
2705.0 4.903998419642448
2706.0 4.922484755516052
2707.0 4.9201865047216415
2708.0 4.920468851923943
2709.0 4.905288115143776
2710.0 4.873177036643028
2711.0 4.894700989127159
2712.0 4.888628497719765
2713.0 4.889974549412727
2714.0 4.886462390422821
2715.0 4.890002980828285
2716.0 4.905373886227608
2717.0 4.869855165481567
2718.0 4.8557658940553665
2719.0 4.8453541696071625
2720.0 4.835280790925026
2721.0 4.83148980140686
2722.0 4.828187882900238
2723.0 4.835480973124504
2724.0 4.8186109364032745
2725.0 4.821339130401611
2726.0 4.825763076543808
2727.0 4.833705648779869
2728.0 4.808250620961189
2729.0 4.779584690928459
2730.0 4.783352762460709
2731.0 4.768182188272476
2732.0 4.751447558403015
2733.0 4.759590163826942
2734.0 4.745692163705826
2735.0 4.718090832233429
2736.0 4.701198562979698
2737.0 4.7178419679403305
2738.0 4.698300749063492
2739.0 4.678542122244835
2740.0 4.675242200493813
2741.0 4.673766240477562
2742.0 4.658755451440811
2743.0 4.665926247835159
2744.0 4.693126425147057
2745.0 4.668150007724762
2746.0 4.6817769557237625
2747.0 4.667388319969177
2748.0 4.668257027864456
2749.0 4.663666024804115
2750.0 4.685126811265945
2751.0 4.669863969087601
2752.0 4.67094498872757
2753.0 4.6823728531599045
2754.0 4.691050320863724
2755.0 4.68081171810627
2756.0 4.678441524505615
2757.0 4.669533520936966
2758.0 4.677434206008911
2759.0 4.6567046493291855
2760.0 4.6624371111392975
2761.0 4.6503971964120865
2762.0 4.656361967325211
2763.0 4.649027973413467
2764.0 4.631578505039215
2765.0 4.602719932794571
2766.0 4.6084054261446
2767.0 4.5769153237342834
2768.0 4.573602735996246
2769.0 4.573288947343826
2770.0 4.566631689667702
2771.0 4.543111860752106
2772.0 4.572599798440933
2773.0 4.5639446675777435
2774.0 4.542375221848488
2775.0 4.53437152504921
2776.0 4.53233540058136
2777.0 4.549930229783058
2778.0 4.549303010106087
2779.0 4.555865526199341
2780.0 4.575163245201111
2781.0 4.559863552451134
2782.0 4.563733324408531
2783.0 4.548174411058426
2784.0 4.571856290102005
2785.0 4.573379248380661
2786.0 4.557980507612228
2787.0 4.572901085019112
2788.0 4.586367338895798
2789.0 4.588961869478226
2790.0 4.54707071185112
2791.0 4.536643698811531
2792.0 4.577082306146622
2793.0 4.5655347853899
2794.0 4.570440232753754
2795.0 4.536612451076508
2796.0 4.5134633630514145
2797.0 4.509937837719917
2798.0 4.490988343954086
2799.0 4.495498448610306
2800.0 4.477543860673904
2801.0 4.4449707716703415
2802.0 4.463234722614288
2803.0 4.430094316601753
2804.0 4.400428265333176
2805.0 4.374298870563507
2806.0 4.396295472979546
2807.0 4.371500462293625
2808.0 4.350854903459549
2809.0 4.3544348031282425
2810.0 4.376045107841492
2811.0 4.33430352807045
2812.0 4.327056840062141
2813.0 4.389188915491104
2814.0 4.363662302494049
2815.0 4.355133295059204
2816.0 4.328187420964241
2817.0 4.344055846333504
2818.0 4.335052669048309
2819.0 4.311465486884117
2820.0 4.341826111078262
2821.0 4.329636514186859
2822.0 4.333743751049042
2823.0 4.332149416208267
2824.0 4.326010495424271
2825.0 4.340552508831024
2826.0 4.383018970489502
2827.0 4.348433643579483
2828.0 4.364995658397675
2829.0 4.338498145341873
2830.0 4.383493900299072
2831.0 4.405533000826836
2832.0 4.3409634828567505
2833.0 4.333823457360268
2834.0 4.351228654384613
2835.0 4.346709564328194
2836.0 4.339768439531326
2837.0 4.347496196627617
2838.0 4.354889824986458
2839.0 4.37648905813694
2840.0 4.3550253212451935
2841.0 4.358885318040848
2842.0 4.369196310639381
2843.0 4.396983563899994
2844.0 4.376406192779541
2845.0 4.377181559801102
2846.0 4.389285862445831
2847.0 4.396566346287727
2848.0 4.376210123300552
2849.0 4.396270394325256
2850.0 4.39189387857914
2851.0 4.418082118034363
2852.0 4.395057484507561
2853.0 4.377714186906815
2854.0 4.397698059678078
2855.0 4.3790527284145355
2856.0 4.381318837404251
2857.0 4.3636182099580765
2858.0 4.3800744861364365
2859.0 4.375799059867859
2860.0 4.332737445831299
2861.0 4.323602303862572
2862.0 4.320209801197052
2863.0 4.309663817286491
2864.0 4.314942449331284
2865.0 4.294561490416527
2866.0 4.300506994128227
2867.0 4.270006403326988
2868.0 4.273245587944984
2869.0 4.291443109512329
2870.0 4.279054895043373
2871.0 4.2754949778318405
2872.0 4.270115211606026
2873.0 4.295962899923325
2874.0 4.29582867026329
2875.0 4.302827537059784
2876.0 4.3152119517326355
2877.0 4.310519203543663
2878.0 4.302782341837883
2879.0 4.287379413843155
2880.0 4.289754182100296
2881.0 4.291589587926865
2882.0 4.279979571700096
2883.0 4.283156052231789
2884.0 4.2856616377830505
2885.0 4.2826559245586395
2886.0 4.272909387946129
2887.0 4.279183015227318
2888.0 4.278871476650238
2889.0 4.276651069521904
2890.0 4.262241065502167
2891.0 4.274858847260475
2892.0 4.26095075905323
2893.0 4.261477053165436
2894.0 4.259228482842445
2895.0 4.269527941942215
2896.0 4.262735724449158
2897.0 4.258507281541824
2898.0 4.268657669425011
2899.0 4.266967758536339
2900.0 4.253723353147507
2901.0 4.264519855380058
2902.0 4.265480279922485
2903.0 4.270162612199783
2904.0 4.281964719295502
2905.0 4.266798496246338
2906.0 4.272631302475929
2907.0 4.268947884440422
2908.0 4.255855932831764
2909.0 4.264501914381981
2910.0 4.275069683790207
2911.0 4.285172268748283
2912.0 4.275012761354446
2913.0 4.30013270676136
2914.0 4.297630727291107
2915.0 4.279380187392235
2916.0 4.2820136696100235
2917.0 4.278532177209854
2918.0 4.281089276075363
2919.0 4.213453084230423
2920.0 4.214511200785637
2921.0 4.193484500050545
2922.0 4.1885606199502945
2923.0 4.171549096703529
2924.0 4.164695210754871
2925.0 4.175508424639702
2926.0 4.194843702018261
2927.0 4.191925406455994
2928.0 4.214942052960396
2929.0 4.200060963630676
2930.0 4.233673676848412
2931.0 4.239033609628677
2932.0 4.2204850018024445
2933.0 4.251907125115395
2934.0 4.293610095977783
2935.0 4.304320842027664
2936.0 4.309599652886391
2937.0 4.320831522345543
2938.0 4.306966990232468
2939.0 4.309780269861221
2940.0 4.283826604485512
2941.0 4.278907373547554
2942.0 4.263257682323456
2943.0 4.264238104224205
2944.0 4.258274868130684
2945.0 4.2417430728673935
2946.0 4.220567852258682
2947.0 4.238792046904564
2948.0 4.2534429505467415
2949.0 4.253054648637772
2950.0 4.269082397222519
2951.0 4.247476696968079
2952.0 4.222937002778053
2953.0 4.252697661519051
2954.0 4.255202427506447
2955.0 4.263730436563492
2956.0 4.2470565885305405
2957.0 4.270121470093727
2958.0 4.285724461078644
2959.0 4.277641460299492
2960.0 4.276777118444443
2961.0 4.269109532237053
2962.0 4.2714987844228745
2963.0 4.2663223668932915
2964.0 4.2600642293691635
2965.0 4.240059942007065
2966.0 4.230475351214409
2967.0 4.221787691116333
2968.0 4.205548644065857
2969.0 4.230224013328552
2970.0 4.187331467866898
2971.0 4.154240608215332
2972.0 4.1846450716257095
2973.0 4.190668910741806
2974.0 4.192131534218788
2975.0 4.189095005393028
2976.0 4.180913306772709
2977.0 4.202273577451706
2978.0 4.226503476500511
2979.0 4.2185565531253815
2980.0 4.220549792051315
2981.0 4.230514779686928
2982.0 4.2139972895383835
2983.0 4.1829454600811005
2984.0 4.199244633316994
2985.0 4.195416122674942
2986.0 4.198445171117783
2987.0 4.220576450228691
2988.0 4.202998757362366
2989.0 4.210539907217026
2990.0 4.203554168343544
2991.0 4.2336821258068085
2992.0 4.215047046542168
2993.0 4.199732348322868
2994.0 4.198149144649506
2995.0 4.196859911084175
2996.0 4.17051412910223
2997.0 4.155283972620964
2998.0 4.159829884767532
2999.0 4.153192535042763
3000.0 4.139666624367237
3001.0 4.138449899852276
3002.0 4.182165801525116
3003.0 4.175510346889496
3004.0 4.189215913414955
3005.0 4.182928442955017
3006.0 4.198010176420212
3007.0 4.222977474331856
3008.0 4.203110933303833
3009.0 4.2273575365543365
3010.0 4.20291306078434
3011.0 4.203488141298294
3012.0 4.2109915018081665
3013.0 4.204157471656799
3014.0 4.185726568102837
3015.0 4.174815312027931
3016.0 4.158924087882042
3017.0 4.134656846523285
3018.0 4.145117253065109
3019.0 4.120196245610714
3020.0 4.126695081591606
3021.0 4.162705525755882
3022.0 4.147509008646011
3023.0 4.135420888662338
3024.0 4.077878519892693
3025.0 4.094637095928192
3026.0 4.094685450196266
3027.0 4.108204998075962
3028.0 4.0913644433021545
3029.0 4.082351386547089
3030.0 4.047781743109226
3031.0 4.059154786169529
3032.0 4.036634035408497
3033.0 4.051424935460091
3034.0 4.057250842452049
3035.0 4.036332450807095
3036.0 4.021198235452175
3037.0 4.011934608221054
3038.0 3.9993333369493484
3039.0 3.9937950298190117
3040.0 3.971530981361866
3041.0 3.963409498333931
3042.0 3.966874875128269
3043.0 3.9932527393102646
3044.0 3.9835230261087418
3045.0 3.984371416270733
3046.0 3.990525297820568
3047.0 3.9856174290180206
3048.0 3.960633598268032
3049.0 3.9510378688573837
3050.0 3.975523315370083
3051.0 3.9834902212023735
3052.0 3.9788936376571655
3053.0 4.000809453427792
3054.0 3.9952463507652283
3055.0 3.997945174574852
3056.0 3.971747875213623
3057.0 3.9934377297759056
3058.0 3.9863811433315277
3059.0 3.96863654255867
3060.0 3.9622217640280724
3061.0 3.9485602602362633
3062.0 3.9441674798727036
3063.0 3.9452939853072166
3064.0 3.9346934780478477
3065.0 3.92165295034647
3066.0 3.91742180287838
3067.0 3.916135162115097
3068.0 3.9435956925153732
3069.0 3.9168445467948914
3070.0 3.912186585366726
3071.0 3.9238364845514297
3072.0 3.9078404381871223
3073.0 3.901108220219612
3074.0 3.8977506905794144
3075.0 3.91244063526392
3076.0 3.913752742111683
3077.0 3.9105976223945618
3078.0 3.8946749195456505
3079.0 3.9094927459955215
3080.0 3.907262422144413
3081.0 3.875622011721134
3082.0 3.8532193452119827
3083.0 3.8497741147875786
3084.0 3.8243070766329765
3085.0 3.807963080704212
3086.0 3.8047866374254227
3087.0 3.84070847928524
3088.0 3.8324073255062103
3089.0 3.815032407641411
3090.0 3.810146324336529
3091.0 3.816017933189869
3092.0 3.7900141701102257
3093.0 3.779096134006977
3094.0 3.7829147279262543
3095.0 3.7698596343398094
3096.0 3.7774983793497086
3097.0 3.780340276658535
3098.0 3.8119651451706886
3099.0 3.813872553408146
3100.0 3.818325527012348
3101.0 3.837208107113838
3102.0 3.8379178792238235
3103.0 3.8487339541316032
3104.0 3.8554733246564865
3105.0 3.8648707792162895
3106.0 3.8555692359805107
3107.0 3.8546236976981163
3108.0 3.837917923927307
3109.0 3.8420665562152863
3110.0 3.877643048763275
3111.0 3.859162710607052
3112.0 3.8196577355265617
3113.0 3.817197546362877
3114.0 3.8158676475286484
3115.0 3.8140959590673447
3116.0 3.7947907522320747
3117.0 3.7820096611976624
3118.0 3.790125109255314
3119.0 3.795807920396328
3120.0 3.803532436490059
3121.0 3.8180201277136803
3122.0 3.7931733578443527
3123.0 3.786656230688095
3124.0 3.7695271745324135
3125.0 3.7644907757639885
3126.0 3.7536438778042793
3127.0 3.7762311547994614
3128.0 3.800978198647499
3129.0 3.8538341149687767
3130.0 3.881213940680027
3131.0 3.862783595919609
3132.0 3.8142186105251312
3133.0 3.783061020076275
3134.0 3.7599107176065445
3135.0 3.7337975278496742
3136.0 3.74509234726429
3137.0 3.75850822776556
3138.0 3.7755420804023743
3139.0 3.8006951957941055
3140.0 3.8178932815790176
3141.0 3.8000960871577263
3142.0 3.8099398985505104
3143.0 3.8115244358778
3144.0 3.793470151722431
3145.0 3.7970814406871796
3146.0 3.797789603471756
3147.0 3.789721019566059
3148.0 3.7622241154313087
3149.0 3.804550364613533
3150.0 3.7994611263275146
3151.0 3.7787505239248276
3152.0 3.7614491805434227
3153.0 3.760039545595646
3154.0 3.7533832639455795
3155.0 3.7666074112057686
3156.0 3.7715538069605827
3157.0 3.7717302665114403
3158.0 3.7770469188690186
3159.0 3.758970968425274
3160.0 3.719125010073185
3161.0 3.727346032857895
3162.0 3.7285077050328255
3163.0 3.7354924380779266
3164.0 3.738687887787819
3165.0 3.7594870403409004
3166.0 3.7363231256604195
3167.0 3.7199217155575752
3168.0 3.722637467086315
3169.0 3.7193960174918175
3170.0 3.6962950974702835
3171.0 3.680241607129574
3172.0 3.684133693575859
3173.0 3.6925135627388954
3174.0 3.6953531205654144
3175.0 3.705492027103901
3176.0 3.6937407106161118
3177.0 3.6967138946056366
3178.0 3.7038049325346947
3179.0 3.680176243185997
3180.0 3.682874009013176
3181.0 3.680151917040348
3182.0 3.6655493453145027
3183.0 3.6741125658154488
3184.0 3.6662816032767296
3185.0 3.6549298390746117
3186.0 3.6447279676795006
3187.0 3.6707899644970894
3188.0 3.677303619682789
3189.0 3.6586336866021156
3190.0 3.661266639828682
3191.0 3.649163879454136
3192.0 3.6449499428272247
3193.0 3.637207768857479
3194.0 3.636083461344242
3195.0 3.6338630616664886
3196.0 3.6421847492456436
3197.0 3.6385092735290527
3198.0 3.6374434754252434
3199.0 3.6359030678868294
3200.0 3.6483075246214867
3201.0 3.640215538442135
3202.0 3.620136171579361
3203.0 3.6153284460306168
3204.0 3.6023483648896217
3205.0 3.599358893930912
3206.0 3.575064353644848
3207.0 3.569573812186718
3208.0 3.5742966756224632
3209.0 3.5890054255723953
3210.0 3.5953555554151535
3211.0 3.597275525331497
3212.0 3.5954796001315117
3213.0 3.574789598584175
3214.0 3.5856147930026054
3215.0 3.5575501695275307
3216.0 3.5447559282183647
3217.0 3.5343933776021004
3218.0 3.5418218448758125
3219.0 3.5019763857126236
3220.0 3.500912196934223
3221.0 3.4714560508728027
3222.0 3.48175723105669
3223.0 3.4942794516682625
3224.0 3.4984690099954605
3225.0 3.49923949688673
3226.0 3.533954955637455
3227.0 3.5393996834754944
3228.0 3.529894322156906
3229.0 3.5280212610960007
3230.0 3.524914503097534
3231.0 3.5230904892086983
3232.0 3.5075424388051033
3233.0 3.500813342630863
3234.0 3.4898024424910545
3235.0 3.478638716042042
3236.0 3.4930944591760635
3237.0 3.4752394258975983
3238.0 3.502063937485218
3239.0 3.4896717220544815
3240.0 3.475913569331169
3241.0 3.4750272929668427
3242.0 3.471820652484894
3243.0 3.445189408957958
3244.0 3.439920112490654
3245.0 3.4441380500793457
3246.0 3.422920748591423
3247.0 3.4277114421129227
3248.0 3.4243892654776573
3249.0 3.4146547615528107
3250.0 3.3966174945235252
3251.0 3.398062214255333
3252.0 3.4105084836483
3253.0 3.400502346456051
3254.0 3.3932109028100967
3255.0 3.3759234324097633
3256.0 3.3844153881073
3257.0 3.378673277795315
3258.0 3.368358626961708
3259.0 3.3709339275956154
3260.0 3.3655668646097183
3261.0 3.3815644681453705
3262.0 3.351712718605995
3263.0 3.3528654277324677
3264.0 3.355623833835125
3265.0 3.333559140563011
3266.0 3.3469573110342026
3267.0 3.3296902030706406
3268.0 3.326081097126007
3269.0 3.344232439994812
3270.0 3.3283492997288704
3271.0 3.3105702325701714
3272.0 3.2972639054059982
3273.0 3.3116791620850563
3274.0 3.304027236998081
3275.0 3.292965941131115
3276.0 3.279657371342182
3277.0 3.304343730211258
3278.0 3.3154909312725067
3279.0 3.2913812771439552
3280.0 3.2802181392908096
3281.0 3.273101806640625
3282.0 3.2530196085572243
3283.0 3.2674696519970894
3284.0 3.276865676045418
3285.0 3.277087777853012
3286.0 3.2675434201955795
3287.0 3.276362434029579
3288.0 3.251391462981701
3289.0 3.237123854458332
3290.0 3.241499587893486
3291.0 3.251483239233494
3292.0 3.241558149456978
3293.0 3.23113065212965
3294.0 3.2349963560700417
3295.0 3.2127098217606544
3296.0 3.207813121378422
3297.0 3.2074193730950356
3298.0 3.212121903896332
3299.0 3.216339558362961
3300.0 3.2117906287312508
3301.0 3.202626369893551
3302.0 3.1968494430184364
3303.0 3.194121651351452
3304.0 3.2005588114261627
3305.0 3.2004567235708237
3306.0 3.1987293511629105
3307.0 3.1660157814621925
3308.0 3.160144053399563
3309.0 3.165511406958103
3310.0 3.1670671552419662
3311.0 3.179608851671219
3312.0 3.164189964532852
3313.0 3.1529154181480408
3314.0 3.133424513041973
3315.0 3.1415865421295166
3316.0 3.123216949403286
3317.0 3.137506313621998
3318.0 3.140767991542816
3319.0 3.17163322865963
3320.0 3.2030279114842415
3321.0 3.1569963097572327
3322.0 3.1229171082377434
3323.0 3.1045353785157204
3324.0 3.1101518347859383
3325.0 3.109775386750698
3326.0 3.113878645002842
3327.0 3.122681975364685
3328.0 3.1032387986779213
3329.0 3.1221489533782005
3330.0 3.1089764684438705
3331.0 3.094609022140503
3332.0 3.0891749784350395
3333.0 3.07254309207201
3334.0 3.0647701397538185
3335.0 3.0604343488812447
3336.0 3.0758000761270523
3337.0 3.0885570347309113
3338.0 3.0943586230278015
3339.0 3.0823599696159363
3340.0 3.0531998947262764
3341.0 3.060802645981312
3342.0 3.065649136900902
3343.0 3.0597010254859924
3344.0 3.0628996416926384
3345.0 3.0421340093016624
3346.0 3.037878915667534
3347.0 3.0462699979543686
3348.0 3.0620744302868843
3349.0 3.0543825775384903
3350.0 3.0358569622039795
3351.0 3.041984051465988
3352.0 3.062258765101433
3353.0 3.0405469685792923
3354.0 3.0710031241178513
3355.0 3.0828567445278168
3356.0 3.079757682979107
3357.0 3.075134687125683
3358.0 3.0699086114764214
3359.0 3.0638447701931
3360.0 3.0769746154546738
3361.0 3.050829418003559
3362.0 3.0380971282720566
3363.0 3.009959988296032
3364.0 3.042178250849247
3365.0 3.0551067665219307
3366.0 3.044817239046097
3367.0 3.0187243819236755
3368.0 3.0517443791031837
3369.0 3.0643104910850525
3370.0 3.0653307139873505
3371.0 3.07797472178936
3372.0 3.078766852617264
3373.0 3.0772078931331635
3374.0 3.0621193796396255
3375.0 3.049443855881691
3376.0 3.035417877137661
3377.0 3.0392159298062325
3378.0 3.026171289384365
3379.0 2.9951119273900986
3380.0 3.00515279173851
3381.0 3.004801355302334
3382.0 3.0125390589237213
3383.0 3.011052869260311
3384.0 3.0229367539286613
3385.0 2.9968741983175278
3386.0 2.997726783156395
3387.0 2.9982983842492104
3388.0 2.988150343298912
3389.0 2.9962650686502457
3390.0 2.991294890642166
3391.0 2.9984008446335793
3392.0 2.9883781000971794
3393.0 2.9862591922283173
3394.0 2.97665011882782
3395.0 2.977437600493431
3396.0 3.0010265931487083
3397.0 2.997615046799183
3398.0 2.980692319571972
3399.0 2.9935124665498734
3400.0 3.009932152926922
3401.0 3.029480867087841
3402.0 3.0308482497930527
3403.0 3.0252305641770363
3404.0 3.0417404621839523
3405.0 3.043279230594635
3406.0 3.043496035039425
3407.0 3.0529846623539925
3408.0 3.0448435470461845
3409.0 3.0679149851202965
3410.0 3.060111813247204
3411.0 3.0402750372886658
3412.0 3.034017324447632
3413.0 3.036518521606922
3414.0 3.0353501960635185
3415.0 3.024569444358349
3416.0 3.0170004218816757
3417.0 3.013249419629574
3418.0 3.007434330880642
3419.0 3.0284990295767784
3420.0 3.017714597284794
3421.0 3.011638894677162
3422.0 2.9950512275099754
3423.0 2.9870810359716415
3424.0 2.9848882630467415
3425.0 2.977835662662983
3426.0 2.9877817779779434
3427.0 2.9958425238728523
3428.0 2.986780196428299
3429.0 2.9939681738615036
3430.0 2.979700490832329
3431.0 2.9705495461821556
3432.0 2.966872349381447
3433.0 2.9667186439037323
3434.0 2.9795782193541527
3435.0 2.9880492985248566
3436.0 2.9810718819499016
3437.0 2.975155606865883
3438.0 2.9710248485207558
3439.0 2.970676064491272
3440.0 2.9711334332823753
3441.0 2.971807897090912
3442.0 2.9892046600580215
3443.0 2.9771048724651337
3444.0 2.9765293672680855
3445.0 2.99000583589077
3446.0 3.0109284073114395
3447.0 2.9785412177443504
3448.0 2.980925388634205
3449.0 2.9765831008553505
3450.0 2.9734727144241333
3451.0 2.9520904272794724
3452.0 2.951387219130993
3453.0 2.9749190285801888
3454.0 2.9821538999676704
3455.0 2.9573537036776543
3456.0 2.9674364626407623
3457.0 2.9732303991913795
3458.0 2.97149571031332
3459.0 2.9696918204426765
3460.0 2.963007800281048
3461.0 2.966236099600792
3462.0 2.9481920674443245
3463.0 2.9485605135560036
3464.0 2.951995350420475
3465.0 2.9557943642139435
3466.0 2.9479268565773964
3467.0 2.941986672580242
3468.0 2.9516011774539948
3469.0 2.9188366159796715
3470.0 2.9221254885196686
3471.0 2.933785617351532
3472.0 2.939949944615364
3473.0 2.915766164660454
3474.0 2.907698191702366
3475.0 2.9261743128299713
3476.0 2.9271953478455544
3477.0 2.927867241203785
3478.0 2.924879841506481
3479.0 2.927918165922165
3480.0 2.917099341750145
3481.0 2.9159546718001366
3482.0 2.9223862886428833
3483.0 2.9153002128005028
3484.0 2.920552611351013
3485.0 2.9149171710014343
3486.0 2.9065070375800133
3487.0 2.9185575991868973
3488.0 2.9055835381150246
3489.0 2.8979661092162132
3490.0 2.895363613963127
3491.0 2.9030345007777214
3492.0 2.928415022790432
3493.0 2.932207338511944
3494.0 2.923234283924103
3495.0 2.918643243610859
3496.0 2.9214170426130295
3497.0 2.947161242365837
3498.0 2.9529088512063026
3499.0 2.955880396068096
3500.0 2.9522533640265465
3501.0 2.941217750310898
3502.0 2.942542463541031
3503.0 2.968086250126362
3504.0 2.9683675169944763
3505.0 2.955816052854061
3506.0 2.948751635849476
3507.0 2.950761877000332
3508.0 2.9775141924619675
3509.0 2.9567484855651855
3510.0 2.962938442826271
3511.0 2.9865771755576134
3512.0 2.996418371796608
3513.0 2.9728081971406937
3514.0 2.992220126092434
3515.0 3.0067745968699455
3516.0 3.015527881681919
3517.0 3.0254572927951813
3518.0 3.026294454932213
3519.0 3.0083436742424965
3520.0 2.997562050819397
3521.0 3.0103280171751976
3522.0 3.006685972213745
3523.0 3.0167271494865417
3524.0 3.024746224284172
3525.0 3.022557385265827
3526.0 3.004518635571003
3527.0 2.9888641461730003
3528.0 2.9698563292622566
3529.0 3.0003627985715866
3530.0 2.9969407618045807
3531.0 2.985321618616581
3532.0 2.9768365249037743
3533.0 2.9958209544420242
3534.0 3.0166583582758904
3535.0 3.0234768241643906
3536.0 3.0119901821017265
3537.0 3.012445129454136
3538.0 3.0257414057850838
3539.0 3.045836962759495
3540.0 3.045827694237232
3541.0 3.05024866014719
3542.0 3.061629131436348
3543.0 3.052462972700596
3544.0 3.0590087547898293
3545.0 3.0618071407079697
3546.0 3.069605454802513
3547.0 3.075967513024807
3548.0 3.0826150476932526
3549.0 3.08407112210989
3550.0 3.087967664003372
3551.0 3.0843589156866074
3552.0 3.0759146958589554
3553.0 3.083341524004936
3554.0 3.085247814655304
3555.0 3.057162307202816
3556.0 3.0479783415794373
3557.0 3.050338201224804
3558.0 3.0457912757992744
3559.0 3.036614954471588
3560.0 3.0467321798205376
3561.0 3.0642343536019325
3562.0 3.0542874559760094
3563.0 3.059372954070568
3564.0 3.068809412419796
3565.0 3.0761124566197395
3566.0 3.0845096930861473
3567.0 3.0656077191233635
3568.0 3.078617036342621
3569.0 3.0860727801918983
3570.0 3.0858078971505165
3571.0 3.083612821996212
3572.0 3.082104913890362
3573.0 3.0679644271731377
3574.0 3.084726072847843
3575.0 3.067755624651909
3576.0 3.056118056178093
3577.0 3.063737951219082
3578.0 3.067162297666073
3579.0 3.065708599984646
3580.0 3.0665870383381844
3581.0 3.0687457397580147
3582.0 3.0666865706443787
3583.0 3.0648818984627724
3584.0 3.059762455523014
3585.0 3.0498430877923965
3586.0 3.0744754672050476
3587.0 3.0732793733477592
3588.0 3.0870992466807365
3589.0 3.0602253898978233
3590.0 3.0460258796811104
3591.0 3.0445002764463425
3592.0 3.051069162786007
3593.0 3.03886516392231
3594.0 3.028031572699547
3595.0 3.034579075872898
3596.0 3.0508873462677
3597.0 3.051338240504265
3598.0 3.052130438387394
3599.0 3.0365270003676414
3600.0 3.05435748398304
3601.0 3.035063475370407
3602.0 3.0443376302719116
3603.0 3.0425534918904305
3604.0 3.0159823819994926
3605.0 3.0210866406559944
3606.0 3.0077685713768005
3607.0 3.0377748757600784
3608.0 3.0250683948397636
3609.0 3.028468079864979
3610.0 3.0003072544932365
3611.0 2.9755894765257835
3612.0 2.9870986714959145
3613.0 2.9758275598287582
3614.0 2.9786614179611206
3615.0 2.9700945243239403
3616.0 2.9751609936356544
3617.0 2.9744696095585823
3618.0 2.9743900448083878
3619.0 2.9734895899891853
3620.0 2.977694995701313
3621.0 2.973102815449238
3622.0 2.9666274338960648
3623.0 2.9784910455346107
3624.0 2.978303909301758
3625.0 2.983226090669632
3626.0 2.9786707311868668
3627.0 2.954833060503006
3628.0 2.9622366800904274
3629.0 2.974575750529766
3630.0 2.9664238020777702
3631.0 2.9470860064029694
3632.0 2.932264059782028
3633.0 2.9319351837038994
3634.0 2.9433698430657387
3635.0 2.931118108332157
3636.0 2.929031081497669
3637.0 2.902336224913597
3638.0 2.907503753900528
3639.0 2.911757506430149
3640.0 2.911584287881851
3641.0 2.928849942982197
3642.0 2.9017402082681656
3643.0 2.909399665892124
3644.0 2.913958176970482
3645.0 2.922001540660858
3646.0 2.9229015558958054
3647.0 2.934900648891926
3648.0 2.9319352582097054
3649.0 2.9197911992669106
3650.0 2.927396573126316
3651.0 2.9220639765262604
3652.0 2.919149562716484
3653.0 2.9274620413780212
3654.0 2.907623216509819
3655.0 2.9244006127119064
3656.0 2.912796474993229
3657.0 2.925577685236931
3658.0 2.9316243082284927
3659.0 2.9415767043828964
3660.0 2.936912626028061
3661.0 2.9325363859534264
3662.0 2.906817890703678
3663.0 2.90580765157938
3664.0 2.912814073264599
3665.0 2.915395773947239
3666.0 2.9062956050038338
3667.0 2.903701975941658
3668.0 2.89904522895813
3669.0 2.8889339566230774
3670.0 2.885225459933281
3671.0 2.875184826552868
3672.0 2.869741566479206
3673.0 2.875770777463913
3674.0 2.8727344423532486
3675.0 2.864303804934025
3676.0 2.8584678396582603
3677.0 2.8602475225925446
3678.0 2.8871326372027397
3679.0 2.877891071140766
