1.0 278.196283976237
2.0 277.8094431559245
3.0 278.64459737141925
4.0 280.22021484375
5.0 281.4322153727214
6.0 281.897954305013
7.0 280.0343475341797
8.0 281.6109364827474
9.0 281.29351298014325
10.0 283.218017578125
11.0 283.11338297526044
12.0 283.0464579264323
13.0 283.11814371744794
14.0 282.44224548339844
15.0 282.5159657796224
16.0 282.25514221191406
17.0 281.4519348144531
18.0 281.6308898925781
19.0 281.16685994466144
20.0 280.31011454264325
21.0 280.3706766764323
22.0 280.0047963460286
23.0 279.31689453125
24.0 278.8404235839844
25.0 276.49281311035156
26.0 275.2075907389323
27.0 273.4629720052083
28.0 272.13209025065106
29.0 272.04412841796875
30.0 271.4776102701823
31.0 269.99192301432294
32.0 269.073486328125
33.0 269.5595347086589
34.0 268.3258921305339
35.0 268.7451680501302
36.0 269.569829305013
37.0 270.8143259684245
38.0 271.922119140625
39.0 271.579594930013
40.0 271.63372294108075
41.0 271.6029001871745
42.0 271.5750732421875
43.0 271.55128479003906
44.0 270.50653076171875
45.0 268.8803253173828
46.0 268.41138712565106
47.0 268.99623616536456
48.0 268.16770935058594
49.0 267.1254018147786
50.0 267.24436442057294
51.0 265.52122497558594
52.0 263.69171651204425
53.0 263.96837361653644
54.0 262.567387898763
55.0 263.12993876139325
56.0 263.19825236002606
57.0 263.9518636067708
58.0 265.9754892985026
59.0 267.6118876139323
60.0 267.85557047526044
61.0 270.21128845214844
62.0 270.97703552246094
63.0 271.00360107421875
64.0 271.43390401204425
65.0 270.5350748697917
66.0 269.43744405110675
67.0 267.11695353190106
68.0 264.69080607096356
69.0 262.3505147298177
70.0 260.83603922526044
71.0 259.90965525309247
72.0 258.57666015625
73.0 257.46490478515625
74.0 256.8319956461589
75.0 254.91596221923828
76.0 254.0289560953776
77.0 253.57178243001303
78.0 252.4371592203776
79.0 252.565066019694
80.0 252.42203267415366
81.0 250.92547353108725
82.0 249.83988444010416
83.0 250.25015258789063
84.0 248.57712046305338
85.0 246.9709955851237
86.0 245.3162053426107
87.0 243.4547576904297
88.0 244.71783701578775
89.0 244.57769775390625
90.0 243.39176432291666
91.0 242.10126241048178
92.0 242.23043314615884
93.0 242.20589955647787
94.0 241.7099838256836
95.0 242.60080210367838
96.0 242.63141123453775
97.0 247.0521723429362
98.0 247.8853327433268
99.0 248.71566009521484
100.0 250.271484375
101.0 251.76777140299478
102.0 252.68621317545572
103.0 253.54627990722656
104.0 262.24573771158856
105.0 267.05759684244794
106.0 345.6320622762044
107.0 1343.2672729492188
108.0 2092.766560872396
109.0 2037.8792724609375
110.0 2016.9747111002605
111.0 2025.1826985677083
112.0 2032.1625569661458
113.0 1978.7820434570313
114.0 2142.582478841146
115.0 1223.6058959960938
116.0 296.2667236328125
117.0 196.7942123413086
118.0 232.84527079264322
119.0 228.4788335164388
120.0 227.30557759602866
121.0 228.162841796875
122.0 228.61034138997397
123.0 228.9404729207357
124.0 230.64818572998047
125.0 231.64501953125
126.0 232.24213409423828
127.0 231.87032572428384
128.0 231.65967559814453
129.0 229.73993174235025
130.0 227.5142389933268
131.0 226.0066121419271
132.0 223.52503458658853
133.0 218.98594411214194
134.0 215.360232035319
135.0 211.87774149576822
136.0 207.9138437906901
137.0 204.74945831298828
138.0 201.5885009765625
139.0 198.05696614583334
140.0 194.56370798746744
141.0 191.4259033203125
142.0 186.0193659464518
143.0 182.45914204915366
144.0 180.32365926106772
145.0 179.16776275634766
146.0 177.68348185221353
147.0 178.31096394856772
148.0 179.75570170084634
149.0 181.89948527018228
150.0 184.675048828125
151.0 186.38443756103516
152.0 189.5676040649414
153.0 191.98968505859375
154.0 193.8164850870768
155.0 194.64014689127603
156.0 194.97005208333334
157.0 196.39410654703775
158.0 196.51671854654947
159.0 196.74087778727213
160.0 196.28756205240884
161.0 196.71190643310547
162.0 197.24476369222006
163.0 198.3541717529297
164.0 200.17942555745444
165.0 202.03689320882162
166.0 204.55499521891275
167.0 208.58236694335938
168.0 212.71156311035156
169.0 218.23268381754556
170.0 221.60950724283853
171.0 226.967898050944
172.0 229.93565622965494
173.0 233.5574213663737
174.0 236.76812744140625
175.0 239.6988296508789
176.0 242.06582387288412
177.0 244.64365895589194
178.0 247.76971181233725
179.0 249.73130544026694
180.0 250.90770212809244
181.0 252.6031290690104
182.0 253.89877319335938
183.0 255.3694051106771
184.0 255.14761098225912
185.0 255.73296864827475
186.0 256.74279022216797
187.0 256.0272623697917
188.0 258.0326105753581
189.0 260.08744557698566
190.0 262.23201751708984
191.0 264.8055903116862
192.0 267.13955942789715
193.0 269.3307189941406
194.0 271.80080159505206
195.0 274.4379577636719
196.0 272.6375986735026
197.0 274.74554443359375
198.0 276.1766357421875
199.0 279.0126444498698
200.0 281.5505116780599
201.0 280.4810841878255
202.0 280.4658966064453
203.0 281.3662974039714
204.0 280.85997517903644
205.0 277.2168426513672
206.0 277.2981465657552
207.0 278.0087381998698
208.0 278.9115244547526
209.0 281.161127726237
210.0 282.7210286458333
211.0 284.0535176595052
212.0 285.58253479003906
213.0 286.96551005045575
214.0 285.4463297526042
215.0 287.4134928385417
216.0 289.6531982421875
217.0 293.3245493570964
218.0 295.7546691894531
219.0 299.95660400390625
220.0 303.65601603190106
221.0 304.9705352783203
222.0 307.314946492513
223.0 305.67942810058594
224.0 306.8764292399089
225.0 308.4405110677083
226.0 309.35894775390625
227.0 310.6247253417969
228.0 312.453364054362
229.0 312.19614664713544
230.0 313.6473439534505
231.0 314.4993591308594
232.0 311.6229248046875
233.0 313.6231231689453
234.0 315.02028401692706
235.0 318.1771494547526
236.0 320.7408447265625
237.0 322.91761779785156
238.0 325.8162587483724
239.0 326.2239125569661
240.0 328.0376739501953
241.0 322.5510609944661
242.0 324.4471842447917
243.0 323.97826131184894
244.0 324.3978627522786
245.0 324.83311971028644
246.0 326.4801483154297
247.0 326.6788635253906
248.0 327.70977274576825
249.0 327.13625081380206
250.0 322.9266001383464
251.0 323.9611307779948
252.0 323.7743835449219
253.0 323.8078918457031
254.0 323.7223866780599
255.0 322.2823994954427
256.0 320.52459208170575
257.0 318.4004821777344
258.0 316.29490152994794
259.0 309.95469665527344
260.0 308.40423583984375
261.0 305.4444173177083
262.0 303.42149353027344
263.0 300.87501525878906
264.0 298.7622375488281
265.0 296.0812276204427
266.0 293.53850809733075
267.0 292.52808634440106
268.0 289.7836507161458
269.0 289.67206319173175
270.0 289.5304311116536
271.0 289.4654897054036
272.0 288.5294596354167
273.0 288.13727315266925
274.0 287.706293741862
275.0 286.42726643880206
276.0 283.3440195719401
277.0 279.4895731608073
278.0 277.7237548828125
279.0 276.11525472005206
280.0 275.12925720214844
281.0 274.89634195963544
282.0 273.67241923014325
283.0 270.98748270670575
284.0 268.3165283203125
285.0 265.3278045654297
286.0 262.21941630045575
287.0 261.13976033528644
288.0 259.0177459716797
289.0 257.69313557942706
290.0 257.2759958902995
291.0 255.88204193115234
292.0 254.7662150065104
293.0 254.18914540608725
294.0 253.38905588785806
295.0 250.71365865071616
296.0 247.63286590576172
297.0 245.37041219075522
298.0 242.24832661946616
299.0 238.22391255696616
300.0 233.49046834309897
301.0 228.80211639404297
302.0 224.0830841064453
303.0 218.53668975830078
304.0 212.4496332804362
305.0 208.64089711507162
306.0 204.27269490559897
307.0 199.41443634033203
308.0 194.8020248413086
309.0 189.53726959228516
310.0 184.37708282470703
311.0 179.4525146484375
312.0 172.21878560384116
313.0 167.03160858154297
314.0 163.78740437825522
315.0 160.86595916748047
316.0 157.4138158162435
317.0 153.0788828531901
318.0 146.94473775227866
319.0 138.8733164469401
320.0 130.99273173014322
321.0 121.81134923299153
322.0 115.06377410888672
323.0 109.4390131632487
324.0 104.58017222086589
325.0 101.13786697387695
326.0 97.8857421875
327.0 94.7737808227539
328.0 92.83849207560222
329.0 91.06073760986328
330.0 87.89043553670247
331.0 85.11855951944987
332.0 82.93358993530273
333.0 80.75480397542317
334.0 78.54039001464844
335.0 76.15452067057292
336.0 74.09538904825847
337.0 71.54121398925781
338.0 69.94326146443684
339.0 67.64563878377278
340.0 66.70954513549805
341.0 65.97321764628093
342.0 65.14776865641277
343.0 65.1266581217448
344.0 64.29387092590332
345.0 64.14584287007649
346.0 63.86403719584147
347.0 63.27137056986491
348.0 61.65877723693848
349.0 61.132493336995445
350.0 60.63043657938639
351.0 60.04459571838379
352.0 60.25168418884277
353.0 59.8970750172933
354.0 59.35792223612467
355.0 58.90663210550944
356.0 58.30082575480143
357.0 56.983869552612305
358.0 56.22118123372396
359.0 55.494038899739586
360.0 54.33193715413412
361.0 53.36375045776367
362.0 52.662902196248375
363.0 51.61255327860514
364.0 50.68968963623047
365.0 50.012861251831055
366.0 48.944217681884766
367.0 48.767944971720375
368.0 48.13179079691569
369.0 47.64515686035156
370.0 47.561408360799156
371.0 47.202213287353516
372.0 47.04348945617676
373.0 47.21768061319987
374.0 47.05784797668457
375.0 47.21699905395508
376.0 47.00050417582194
377.0 47.003031412760414
378.0 46.912710189819336
379.0 47.41537221272787
380.0 48.31929143269857
381.0 48.34457143147787
382.0 49.00215593973795
383.0 49.2113151550293
384.0 50.2059211730957
385.0 50.545897801717125
386.0 51.021490732828774
387.0 51.45860290527344
388.0 51.75611877441406
389.0 51.90179634094238
390.0 52.35664812723795
391.0 52.068434397379555
392.0 51.9286683400472
393.0 51.709906895955406
394.0 51.353638331095375
395.0 50.91068331400553
396.0 50.39200401306152
397.0 49.84225654602051
398.0 49.49420293172201
399.0 48.78712844848633
400.0 48.63064511617025
401.0 48.96978251139323
402.0 48.68952496846517
403.0 48.775899251302086
404.0 48.758484522501625
405.0 49.23128000895182
406.0 49.438083012898765
407.0 49.65017827351888
408.0 49.773166020711265
409.0 50.055898666381836
410.0 50.37096341451009
411.0 50.79280217488607
412.0 50.93013254801432
413.0 51.175380071004234
414.0 51.61813545227051
415.0 51.68781089782715
416.0 51.95213063557943
417.0 51.83644104003906
418.0 52.41788864135742
419.0 52.6417121887207
420.0 52.98287709554037
421.0 53.24628702799479
422.0 53.55582046508789
423.0 53.473259607950844
424.0 54.160675048828125
425.0 54.20399157206217
426.0 54.72330856323242
427.0 54.84076817830404
428.0 55.26214027404785
429.0 54.89142163594564
430.0 55.15117581685384
431.0 55.2499574025472
432.0 55.076564153035484
433.0 55.202479680379234
434.0 55.46981239318848
435.0 55.723384857177734
436.0 56.16341590881348
437.0 56.65734672546387
438.0 57.2049446105957
439.0 57.6759090423584
440.0 58.151434580485024
441.0 58.70527458190918
442.0 58.856438954671226
443.0 59.13292121887207
444.0 59.442883809407554
445.0 59.363314946492515
446.0 59.7970282236735
447.0 60.004530588785805
448.0 60.14855194091797
449.0 61.028560638427734
450.0 61.22343508402506
451.0 61.63091786702474
452.0 62.03240521748861
453.0 62.15422058105469
454.0 62.321990966796875
455.0 62.70842615763346
456.0 62.51151339213053
457.0 62.769110361735024
458.0 62.77573013305664
459.0 62.821641286214195
460.0 63.31177075703939
461.0 64.10755348205566
462.0 65.21827570597331
463.0 66.50980122884114
464.0 67.59988021850586
465.0 68.58923975626628
466.0 70.73766326904297
467.0 72.63180669148763
468.0 73.8999532063802
469.0 75.47394307454427
470.0 77.12871551513672
471.0 77.83549372355144
472.0 78.5442886352539
473.0 78.75510279337566
474.0 78.23051834106445
475.0 79.06943130493164
476.0 78.89979807535808
477.0 79.21566263834636
478.0 79.78959655761719
479.0 80.26770909627278
480.0 80.78585052490234
481.0 81.14635467529297
482.0 82.12047068277995
483.0 82.68431218465169
484.0 83.73406728108723
485.0 85.0691744486491
486.0 86.72780863444011
487.0 88.38820266723633
488.0 89.8111801147461
489.0 91.77676264444987
490.0 92.9684689839681
491.0 94.35837809244792
492.0 96.03383763631184
493.0 97.0908686319987
494.0 98.59718831380208
495.0 100.65940984090169
496.0 102.0246073404948
497.0 103.56591415405273
498.0 104.90861892700195
499.0 105.89177576700847
500.0 106.19448343912761
501.0 106.23618825276692
502.0 105.92249806722005
503.0 106.40962092081706
504.0 106.51991780598958
505.0 106.51170857747395
506.0 106.19026565551758
507.0 106.2147331237793
508.0 106.01919682820638
509.0 105.66177113850911
510.0 104.16578928629558
511.0 104.40011215209961
512.0 103.76893870035808
513.0 103.25741958618164
514.0 103.90171686808269
515.0 103.95237223307292
516.0 104.52405548095703
517.0 105.47361246744792
518.0 105.88939666748047
519.0 105.14651616414388
520.0 106.62526067097981
521.0 107.87036514282227
522.0 108.75790023803711
523.0 109.82455444335938
524.0 111.03952153523763
525.0 112.12548573811848
526.0 112.80800755818684
527.0 113.2918332417806
528.0 113.34955342610677
529.0 113.65738169352214
530.0 114.21949259440105
531.0 114.71969350179036
532.0 114.49780527750652
533.0 115.1023661295573
534.0 115.14294815063477
535.0 114.66774876912434
536.0 114.32291412353516
537.0 113.3767827351888
538.0 112.93769454956055
539.0 112.8328348795573
540.0 112.03370539347331
541.0 111.81431198120117
542.0 111.13873799641927
543.0 110.32808685302734
544.0 109.79505030314128
545.0 109.3519655863444
546.0 108.10755157470703
547.0 107.8057746887207
548.0 106.87395858764648
549.0 106.12360127766927
550.0 106.31384913126628
551.0 106.23396428426106
552.0 105.42293930053711
553.0 105.3879000345866
554.0 105.18844223022461
555.0 105.42140070597331
556.0 105.06425603230794
557.0 104.99109141031902
558.0 104.66559092203777
559.0 104.46576563517253
560.0 104.42996597290039
561.0 104.19882710774739
562.0 103.75990804036458
563.0 103.36070124308269
564.0 102.4955940246582
565.0 102.46608479817708
566.0 101.98409016927083
567.0 101.92253112792969
568.0 101.53340403238933
569.0 101.1799799601237
570.0 101.086976369222
571.0 101.08218765258789
572.0 100.31110763549805
573.0 99.15678787231445
574.0 99.00960032145183
575.0 98.94775899251302
576.0 98.53791809082031
577.0 98.8017807006836
578.0 98.6274299621582
579.0 98.6864407857259
580.0 98.29949442545573
581.0 97.93753051757813
582.0 98.30053202311198
583.0 98.49854914347331
584.0 98.34615071614583
585.0 98.12577438354492
586.0 98.03628667195638
587.0 97.8711649576823
588.0 97.06781387329102
589.0 97.28700892130534
590.0 97.21030553181966
591.0 97.11366780598958
592.0 96.60387547810872
593.0 96.43041102091472
594.0 95.82406870524089
595.0 95.71264394124348
596.0 95.68130747477214
597.0 95.28874333699544
598.0 95.26841481526692
599.0 95.44739659627278
600.0 95.1726468404134
601.0 95.03197479248047
602.0 94.68031056722005
603.0 94.87138239542644
604.0 94.92178344726563
605.0 94.75183995564778
606.0 95.73697916666667
607.0 94.9433224995931
608.0 94.96217600504558
609.0 95.38425572713216
610.0 95.61003239949544
611.0 95.56897735595703
612.0 95.64238993326823
613.0 95.03319549560547
614.0 95.19871393839519
615.0 95.02074305216472
616.0 95.28140258789063
617.0 94.9565315246582
618.0 95.6282590230306
619.0 95.2552261352539
620.0 95.007386525472
621.0 94.86468760172527
622.0 94.97511418660481
623.0 94.8021634419759
624.0 94.5856081644694
625.0 94.11808776855469
626.0 93.7816390991211
627.0 93.50342178344727
628.0 93.17100652058919
629.0 93.23559697469075
630.0 92.98235321044922
631.0 92.73911539713542
632.0 92.57904434204102
633.0 92.0369873046875
634.0 91.70558675130208
635.0 90.91642506917317
636.0 90.82491556803386
637.0 89.95504633585612
638.0 89.54003524780273
639.0 89.4394925435384
640.0 88.62449645996094
641.0 88.56067657470703
642.0 88.05660883585612
643.0 87.8582051595052
644.0 87.83424631754558
645.0 87.37471135457356
646.0 87.21133422851563
647.0 86.84857813517253
648.0 86.78901799519856
649.0 87.14148712158203
650.0 86.51668294270833
651.0 86.33149719238281
652.0 86.82289505004883
653.0 86.30677541097005
654.0 85.8859354654948
655.0 85.95963541666667
656.0 85.69607416788737
657.0 85.65960439046223
658.0 85.66257985432942
659.0 85.38398996988933
660.0 85.3027458190918
661.0 85.32017771402995
662.0 84.85638173421223
663.0 84.86897659301758
664.0 84.54012807210286
665.0 84.49165852864583
666.0 84.04223251342773
667.0 84.24686813354492
668.0 83.97643788655598
669.0 83.9119873046875
670.0 83.53873062133789
671.0 83.10717900594075
672.0 82.61428960164388
673.0 83.0510762532552
674.0 82.73892720540364
675.0 81.75245412190755
676.0 81.66896947224934
677.0 81.1469128926595
678.0 80.5856704711914
679.0 80.42431131998698
680.0 79.88430150349934
681.0 79.12204106648763
682.0 78.87862141927083
683.0 78.30681991577148
684.0 77.48914845784505
685.0 77.40341822306316
686.0 77.09692891438802
687.0 76.65529123942058
688.0 76.40177536010742
689.0 76.02135340372722
690.0 75.24388376871745
691.0 74.90718332926433
692.0 74.70290883382161
693.0 74.58809661865234
694.0 74.20161310831706
695.0 74.04681650797527
696.0 73.15579477945964
697.0 73.06307474772136
698.0 72.75353240966797
699.0 72.08770243326823
700.0 72.31316248575847
701.0 71.73454284667969
702.0 71.41963322957356
703.0 71.38132731119792
704.0 71.22092310587566
705.0 71.15947341918945
706.0 71.26475143432617
707.0 71.00829823811848
708.0 70.24721145629883
709.0 70.3518664042155
710.0 69.93339157104492
711.0 70.06526947021484
712.0 69.88238016764323
713.0 69.56048075358073
714.0 69.80107116699219
715.0 69.5987663269043
716.0 69.70058949788411
717.0 69.13062286376953
718.0 69.31805928548177
719.0 69.01961263020833
720.0 68.68791198730469
721.0 68.73879369099934
722.0 68.73213068644206
723.0 68.47356923421223
724.0 68.27346547444661
725.0 68.27710215250652
726.0 68.79534530639648
727.0 68.33700307210286
728.0 68.07831700642903
729.0 68.3841323852539
730.0 68.06400680541992
731.0 67.93986638387044
732.0 68.10753504435222
733.0 68.09401194254558
734.0 68.01166025797527
735.0 68.14227676391602
736.0 68.24657567342122
737.0 68.37865447998047
738.0 68.75247065226237
739.0 69.0903205871582
740.0 68.8720474243164
741.0 69.1083246866862
742.0 68.91818873087566
743.0 69.19437917073567
744.0 69.53256607055664
745.0 69.28292973836263
746.0 69.29864247639973
747.0 69.56197738647461
748.0 69.34920120239258
749.0 69.19432703653972
750.0 69.2612673441569
751.0 69.00277582804362
752.0 68.75491205851237
753.0 68.53076934814453
754.0 68.33507283528645
755.0 68.02396138509114
756.0 68.07957077026367
757.0 67.78908920288086
758.0 67.7965087890625
759.0 67.66144180297852
760.0 67.5267842610677
761.0 67.41734949747722
762.0 67.3551508585612
763.0 67.05479558308919
764.0 66.89402898152669
765.0 66.57058207194011
766.0 66.79365158081055
767.0 66.37467575073242
768.0 66.19304656982422
769.0 66.08325576782227
770.0 65.40521748860677
771.0 64.74213027954102
772.0 64.72950744628906
773.0 64.55530166625977
