1.0 0.0
2.0 0.0
3.0 0.0
4.0 0.0
5.0 0.0
6.0 0.0
7.0 0.0
8.0 0.0
9.0 0.0
10.0 0.0
11.0 0.0
12.0 0.0
13.0 0.0
14.0 0.0
15.0 0.0
16.0 0.0
17.0 0.0
18.0 0.0
19.0 0.0
20.0 0.0
21.0 0.0
22.0 0.0
23.0 0.0
24.0 0.0
25.0 0.0
26.0 0.0
27.0 0.0
28.0 0.0
29.0 0.0
30.0 0.0
31.0 0.0
32.0 0.0
33.0 0.0
34.0 0.0
35.0 0.0
36.0 0.0
37.0 0.0
38.0 0.0
39.0 0.0
40.0 0.0
41.0 0.0
42.0 0.0
43.0 0.0
44.0 0.0
45.0 0.0
46.0 0.0
47.0 0.0
48.0 0.0
49.0 0.0
50.0 0.0
51.0 0.0
52.0 0.0
53.0 0.0
54.0 0.0
55.0 0.0
56.0 0.0
57.0 0.0
58.0 0.0
59.0 0.0
60.0 0.0
61.0 0.0
62.0 0.0
63.0 0.0
64.0 0.0
65.0 0.0
66.0 0.0
67.0 0.0
68.0 0.0
69.0 0.0
70.0 0.0
71.0 0.0
72.0 0.0
73.0 0.0
74.0 0.0
75.0 0.0
76.0 0.0
77.0 0.0
78.0 0.0
79.0 0.0
80.0 0.0
81.0 0.0
82.0 0.0
83.0 0.0
84.0 0.0
85.0 0.0
86.0 0.0
87.0 0.0
88.0 0.0
89.0 0.0
90.0 0.0
91.0 0.0
92.0 0.0
93.0 0.0
94.0 0.0
95.0 0.0
96.0 0.0
97.0 0.0
98.0 0.0
99.0 0.0
100.0 0.0
101.0 0.0
102.0 0.0
103.0 0.0
104.0 0.0
105.0 0.0
106.0 0.0
107.0 0.0
108.0 0.0
109.0 0.0
110.0 0.0
111.0 0.0
112.0 0.0
113.0 0.0
114.0 0.0
115.0 0.0
116.0 0.0
117.0 0.0
118.0 0.0
119.0 0.0
120.0 0.0
121.0 0.0
122.0 0.0
123.0 0.0
124.0 0.0
125.0 0.0
126.0 0.0
127.0 0.0
128.0 0.0
129.0 0.0
130.0 0.0
131.0 0.0
132.0 0.0
133.0 0.0
134.0 0.0
135.0 0.0
136.0 0.0
137.0 0.0
138.0 0.0
139.0 0.0
140.0 0.0
141.0 0.0
142.0 0.0
143.0 0.0
144.0 0.0
145.0 0.0
146.0 0.0
147.0 0.0
148.0 0.0
149.0 0.0
150.0 0.0
151.0 0.0
152.0 0.0
153.0 0.0
154.0 0.0
155.0 0.0
156.0 0.0
157.0 0.0
158.0 0.0
159.0 0.0
160.0 0.0
161.0 0.0
162.0 0.0
163.0 0.0
164.0 0.0
165.0 0.0
166.0 0.0
167.0 0.0
168.0 0.0
169.0 0.0
170.0 0.0
171.0 0.0
172.0 0.0
173.0 0.0
174.0 0.0
175.0 0.0
176.0 0.0
177.0 0.0
178.0 0.0
179.0 0.0
180.0 0.0
181.0 0.0
182.0 0.0
183.0 0.0
184.0 0.0
185.0 0.0
186.0 0.0
187.0 0.0
188.0 0.0
189.0 0.0
190.0 0.0
191.0 0.0
192.0 0.0
193.0 0.0
194.0 0.0
195.0 0.0
196.0 0.0
197.0 0.0
198.0 0.0
199.0 0.0
200.0 0.0
201.0 0.0
202.0 0.0
203.0 0.0
204.0 0.0
205.0 0.0
206.0 0.0
207.0 0.0
208.0 0.0
209.0 0.0
210.0 0.0
211.0 0.0
212.0 0.0
213.0 0.0
214.0 0.0
215.0 0.0
216.0 0.0
217.0 0.0
218.0 0.0
219.0 0.0
220.0 0.0
221.0 0.0
222.0 0.0
223.0 0.0
224.0 0.0
225.0 0.0
226.0 0.0
227.0 0.0
228.0 0.0
229.0 0.0
230.0 0.0
231.0 0.0
232.0 0.0
233.0 0.0
234.0 0.0
235.0 0.0
236.0 0.0
237.0 0.0
238.0 0.0
239.0 0.0
240.0 0.0
241.0 0.0
242.0 0.0
243.0 0.0
244.0 0.0
245.0 0.0
246.0 0.0
247.0 0.0
248.0 0.0
249.0 0.0
250.0 0.0
251.0 0.0
252.0 0.0
253.0 0.0
254.0 0.0
255.0 0.0
256.0 0.0
257.0 0.0
258.0 0.0
259.0 0.0
260.0 0.0
261.0 0.0
262.0 0.0
263.0 0.0
264.0 0.0
265.0 0.0
266.0 0.0
267.0 0.0
268.0 0.0
269.0 0.0
270.0 0.0
271.0 0.0
272.0 0.0
273.0 0.0
274.0 0.0
275.0 0.0
276.0 0.0
277.0 0.0
278.0 0.0
279.0 0.0
280.0 0.0
281.0 0.0
282.0 0.0
283.0 0.0
284.0 0.0
285.0 0.0
286.0 0.0
287.0 0.0
288.0 0.0
289.0 0.0
290.0 0.0
291.0 0.0
292.0 0.0
293.0 0.0
294.0 0.0
295.0 0.0
296.0 0.0
297.0 0.0
298.0 0.0
299.0 0.0
300.0 0.0
301.0 0.0
302.0 0.0
303.0 0.0
304.0 0.0
305.0 0.0
306.0 0.0
307.0 0.0
308.0 0.0
309.0 0.0
310.0 0.0
311.0 0.0
312.0 0.0
313.0 0.0
314.0 0.0
315.0 0.0
316.0 0.0
317.0 0.0
318.0 0.0
319.0 0.0
320.0 0.0
321.0 0.0
322.0 0.0
323.0 0.0
324.0 0.0
325.0 0.0
326.0 0.0
327.0 0.0
328.0 0.0
329.0 0.0
330.0 0.0
331.0 0.0
332.0 0.0
333.0 0.0
334.0 0.0
335.0 0.0
336.0 0.0
337.0 0.0
338.0 0.0
339.0 0.0
340.0 0.0
341.0 0.0
342.0 0.0
343.0 0.0
344.0 0.0
345.0 0.0
346.0 0.0
347.0 0.0
348.0 0.0
349.0 0.0
350.0 0.0
351.0 0.0
352.0 0.0
353.0 0.0
354.0 0.0
355.0 0.0
356.0 0.0
357.0 0.0
358.0 0.0
359.0 0.0
360.0 0.0
361.0 0.0
362.0 0.0
363.0 0.0
364.0 0.0
365.0 0.0
366.0 0.0
367.0 0.0
368.0 0.0
369.0 0.0
370.0 0.0
371.0 0.0
372.0 0.0
373.0 0.0
374.0 0.0
375.0 0.0
376.0 0.0
377.0 0.0
378.0 0.0
379.0 0.0
380.0 0.0
381.0 0.0
382.0 0.0
383.0 0.0
384.0 0.0
385.0 0.0
386.0 0.0
387.0 0.0
388.0 0.0
389.0 0.0
390.0 0.0
391.0 0.0
392.0 0.0
393.0 0.0
394.0 0.0
395.0 0.0
396.0 0.0
397.0 0.0
398.0 0.0
399.0 0.0
400.0 0.0
401.0 0.0
402.0 0.0
403.0 0.0
404.0 0.0
405.0 0.0
406.0 0.0
407.0 0.0
408.0 0.0
409.0 0.0
410.0 0.0
411.0 0.0
412.0 0.0
413.0 0.0
414.0 0.0
415.0 0.0
416.0 0.0
417.0 0.0
418.0 0.0
419.0 0.0
420.0 0.0
421.0 0.0
422.0 0.0
423.0 0.0
424.0 0.0
425.0 0.0
426.0 0.0
427.0 0.0
428.0 0.0
429.0 0.0
430.0 0.0
431.0 0.0
432.0 0.0
433.0 0.0
434.0 0.0
435.0 0.0
436.0 0.0
437.0 0.0
438.0 0.0
439.0 0.0
440.0 0.0
441.0 0.0
442.0 0.0
443.0 0.0
444.0 0.0
445.0 0.0
446.0 0.0
447.0 0.0
448.0 0.0
449.0 0.0
450.0 0.0
451.0 0.0
452.0 0.0
453.0 0.0
454.0 0.0
455.0 0.0
456.0 0.0
457.0 0.0
458.0 0.0
459.0 0.0
460.0 0.0
461.0 0.0
462.0 0.0
463.0 0.0
464.0 0.0
465.0 0.0
466.0 0.0
467.0 0.0
468.0 0.0
469.0 0.0
470.0 0.0
471.0 0.0
472.0 0.0
473.0 0.0
474.0 0.0
475.0 0.0
476.0 0.0
477.0 0.0
478.0 0.0
479.0 0.0
480.0 0.0
481.0 0.0
482.0 0.0
483.0 0.0
484.0 0.0
485.0 0.0
486.0 0.0
487.0 0.0
488.0 0.0
489.0 0.0
490.0 0.0
491.0 0.0
492.0 0.0
493.0 0.0
494.0 0.0
495.0 0.0
496.0 0.0
497.0 0.0
498.0 0.0
499.0 0.0
500.0 0.0
501.0 0.0
502.0 0.0
503.0 0.0
504.0 0.0
505.0 0.0
506.0 0.0
507.0 0.0
508.0 0.0
509.0 0.0
510.0 0.0
511.0 0.0
512.0 0.0
513.0 0.0
514.0 0.0
515.0 0.0
516.0 0.0
517.0 0.0
518.0 0.0
519.0 0.0
520.0 0.0
521.0 0.0
522.0 0.0
523.0 0.0
524.0 0.0
525.0 0.0
526.0 0.0
527.0 0.0
528.0 0.0
529.0 0.0
530.0 0.0
531.0 0.0
532.0 0.0
533.0 0.0
534.0 0.0
535.0 0.0
536.0 0.0
537.0 0.0
538.0 0.0
539.0 0.0
540.0 0.0
541.0 0.0
542.0 0.0
543.0 0.0
544.0 0.0
545.0 0.0
546.0 0.0
547.0 0.0
548.0 0.0
549.0 0.0
550.0 0.0
551.0 0.0
552.0 0.0
553.0 0.0
554.0 0.0
555.0 0.0
556.0 0.0
557.0 0.0
558.0 0.0
559.0 0.0
560.0 0.0
561.0 0.0
562.0 0.0
563.0 0.0
564.0 0.0
565.0 0.0
566.0 0.0
567.0 0.0
568.0 0.0
569.0 0.0
570.0 0.0
571.0 0.0
572.0 0.0
573.0 0.0
574.0 0.0
575.0 0.0
576.0 0.0
577.0 0.0
578.0 0.0
579.0 0.0
580.0 0.0
581.0 0.0
582.0 0.0
583.0 0.0
584.0 0.0
585.0 0.0
586.0 0.0
587.0 0.0
588.0 0.0
589.0 0.0
590.0 0.0
591.0 0.0
592.0 0.0
593.0 0.0
594.0 0.0
595.0 0.0
596.0 0.0
597.0 0.0
598.0 0.0
599.0 0.0
600.0 0.0
601.0 0.0
602.0 0.0
603.0 0.0
604.0 0.0
605.0 0.0
606.0 0.0
607.0 0.0
608.0 0.0
609.0 0.0
610.0 0.0
611.0 0.0
612.0 0.0
613.0 0.0
614.0 0.0
615.0 0.0
616.0 0.0
617.0 0.0
618.0 0.0
619.0 0.0
620.0 0.0
621.0 0.0
622.0 0.0
623.0 0.0
624.0 0.0
625.0 0.0
626.0 0.0
627.0 0.0
628.0 0.0
629.0 0.0
630.0 0.0
631.0 0.0
632.0 0.0
633.0 0.0
634.0 0.0
635.0 0.0
636.0 0.0
637.0 0.0
638.0 0.0
639.0 0.0
640.0 0.0
641.0 0.0
642.0 0.0
643.0 0.0
644.0 0.0
645.0 0.0
646.0 0.0
647.0 0.0
648.0 0.0
649.0 0.0
650.0 0.0
651.0 0.0
652.0 0.0
653.0 0.0
654.0 0.0
655.0 0.0
656.0 0.0
657.0 0.0
658.0 0.0
659.0 0.0
660.0 0.0
661.0 0.0
662.0 0.0
663.0 0.0
664.0 0.0
665.0 0.0
666.0 0.0
667.0 0.0
668.0 0.0
669.0 0.0
670.0 0.0
671.0 0.0
672.0 0.0
673.0 0.0
674.0 0.0
675.0 0.0
676.0 0.0
677.0 0.0
678.0 0.0
679.0 0.0
680.0 0.0
681.0 0.0
682.0 0.0
683.0 0.0
684.0 0.0
685.0 0.0
686.0 0.0
687.0 0.0
688.0 0.0
689.0 0.0
690.0 0.0
691.0 0.0
692.0 0.0
693.0 0.0
694.0 0.0
695.0 0.0
696.0 0.0
697.0 0.0
698.0 0.0
699.0 0.0
700.0 0.0
701.0 0.0
702.0 0.0
703.0 0.0
704.0 0.0
705.0 0.0
706.0 0.0
707.0 0.0
708.0 0.0
709.0 0.0
710.0 0.0
711.0 0.0
712.0 0.0
713.0 0.0
714.0 0.0
715.0 0.0
716.0 0.0
717.0 0.0
718.0 0.0
719.0 0.0
720.0 0.0
721.0 0.0
722.0 0.0
723.0 0.0
724.0 0.0
725.0 0.0
726.0 0.0
727.0 0.0
728.0 0.0
729.0 0.0
730.0 0.0
731.0 0.0
732.0 0.0
733.0 0.0
734.0 0.0
735.0 0.0
736.0 0.0
737.0 0.0
738.0 0.0
739.0 0.0
740.0 0.0
741.0 0.0
742.0 0.0
743.0 0.0
744.0 0.0
745.0 0.0
746.0 0.0
747.0 0.0
748.0 0.0
749.0 0.0
750.0 0.0
751.0 0.0
752.0 0.0
753.0 0.0
754.0 0.0
755.0 0.0
756.0 0.0
757.0 0.0
758.0 0.0
759.0 0.0
760.0 0.0
761.0 0.0
762.0 0.0
763.0 0.0
764.0 0.0
765.0 0.0
766.0 0.0
767.0 0.0
768.0 0.0
769.0 0.0
770.0 0.0
771.0 0.0
772.0 0.0
773.0 0.0
774.0 0.0
775.0 0.0
776.0 0.0
777.0 0.0
778.0 0.0
779.0 0.0
780.0 0.0
781.0 0.0
782.0 0.0
783.0 0.0
784.0 0.0
785.0 0.0
786.0 0.0
787.0 0.0
788.0 0.0
789.0 0.0
790.0 0.0
791.0 0.0
792.0 0.0
793.0 0.0
794.0 0.0
795.0 0.0
796.0 0.0
797.0 0.0
798.0 0.0
799.0 0.0
800.0 0.0
801.0 0.0
802.0 0.0
803.0 0.0
804.0 0.0
805.0 0.0
806.0 0.0
807.0 0.0
808.0 0.0
809.0 0.0
810.0 0.0
811.0 0.0
812.0 0.0
813.0 0.0
814.0 0.0
815.0 0.0
816.0 0.0
817.0 0.0
818.0 0.0
819.0 0.0
820.0 0.0
821.0 0.0
822.0 0.0
823.0 0.0
824.0 0.0
825.0 0.0
826.0 0.0
827.0 0.0
828.0 0.0
829.0 0.0
830.0 0.0
831.0 0.0
832.0 0.0
833.0 0.0
834.0 0.0
835.0 0.0
836.0 0.0
837.0 0.0
838.0 0.0
839.0 0.0
840.0 0.0
841.0 0.0
842.0 0.0
843.0 0.0
844.0 0.0
845.0 0.0
846.0 0.0
847.0 0.0
848.0 0.0
849.0 0.0
850.0 0.0
851.0 0.0
852.0 0.0
853.0 0.0
854.0 0.0
855.0 0.0
856.0 0.0
857.0 0.0
858.0 0.0
859.0 0.0
860.0 0.0
861.0 0.0
862.0 0.0
863.0 0.0
864.0 0.0
865.0 0.0
866.0 0.0
867.0 0.0
868.0 0.0
869.0 0.0
870.0 0.0
871.0 0.0
872.0 0.0
873.0 0.0
874.0 0.0
875.0 0.0
876.0 0.0
877.0 0.0
878.0 0.0
879.0 0.0
880.0 0.0
881.0 0.0
882.0 0.0
883.0 0.0
884.0 0.0
885.0 0.0
886.0 0.0
887.0 0.0
888.0 0.0
889.0 0.0
890.0 0.0
891.0 0.0
892.0 0.0
893.0 0.0
894.0 0.0
895.0 0.0
896.0 0.0
897.0 0.0
898.0 0.0
899.0 0.0
900.0 0.0
901.0 0.0
902.0 0.0
903.0 0.0
904.0 0.0
905.0 0.0
906.0 0.0
907.0 0.0
908.0 0.0
909.0 0.0
910.0 0.0
911.0 0.0
912.0 0.0
913.0 0.0
914.0 0.0
915.0 0.0
916.0 0.0
917.0 0.0
918.0 0.0
919.0 0.0
920.0 0.0
921.0 0.0
922.0 0.0
923.0 0.0
924.0 0.0
925.0 0.0
926.0 0.0
927.0 0.0
928.0 0.0
929.0 0.0
930.0 0.0
931.0 0.0
932.0 0.0
933.0 0.0
934.0 0.0
935.0 0.0
936.0 0.0
937.0 0.0
938.0 0.0
939.0 0.0
940.0 0.0
941.0 0.0
942.0 0.0
943.0 0.0
944.0 0.0
945.0 0.0
946.0 0.0
947.0 0.0
948.0 0.0
949.0 0.0
950.0 0.0
951.0 0.0
952.0 0.0
953.0 0.0
954.0 0.0
955.0 0.0
956.0 0.0
957.0 0.0
958.0 0.0
959.0 0.0
960.0 0.0
961.0 0.0
962.0 0.0
963.0 0.0
964.0 0.0
965.0 0.0
966.0 0.0
967.0 0.0
968.0 0.0
969.0 0.0
970.0 0.0
971.0 0.0
972.0 0.0
973.0 0.0
974.0 0.0
975.0 0.0
976.0 0.0
977.0 0.0
978.0 0.0
979.0 0.0
980.0 0.0
981.0 0.0
982.0 0.0
983.0 0.0
984.0 0.0
985.0 0.0
986.0 0.0
987.0 0.0
988.0 0.0
989.0 0.0
990.0 0.0
991.0 0.0
992.0 0.0
993.0 0.0
994.0 0.0
995.0 0.0
996.0 0.0
997.0 0.0
998.0 0.0
999.0 0.0
1000.0 0.0
1001.0 0.0
1002.0 0.0
1003.0 0.0
1004.0 0.0
1005.0 0.0
1006.0 0.0
1007.0 0.0
1008.0 0.0
1009.0 0.0
1010.0 0.0
1011.0 0.0
1012.0 0.0
1013.0 0.0
1014.0 0.0
1015.0 0.0
1016.0 0.0
1017.0 0.0
1018.0 0.0
1019.0 0.0
1020.0 0.0
1021.0 0.0
1022.0 0.0
1023.0 0.0
1024.0 0.0
1025.0 0.0
1026.0 0.0
1027.0 0.0
1028.0 0.0
1029.0 0.0
1030.0 0.0
1031.0 0.0
1032.0 0.0
1033.0 0.0
1034.0 0.0
1035.0 0.0
1036.0 0.0
1037.0 0.0
1038.0 0.0
1039.0 0.0
1040.0 0.0
1041.0 0.0
1042.0 0.0
1043.0 0.0
1044.0 0.0
1045.0 0.0
1046.0 0.0
1047.0 0.0
1048.0 0.0
1049.0 0.0
1050.0 0.0
1051.0 0.0
1052.0 0.0
1053.0 0.0
1054.0 0.0
1055.0 0.0
1056.0 0.0
1057.0 0.0
1058.0 0.0
1059.0 0.0
1060.0 0.0
1061.0 0.0
1062.0 0.0
1063.0 0.0
1064.0 0.0
1065.0 0.0
1066.0 0.0
1067.0 0.0
1068.0 0.0
1069.0 0.0
1070.0 0.0
1071.0 0.0
1072.0 0.0
1073.0 0.0
1074.0 0.0
1075.0 0.0
1076.0 0.0
1077.0 0.0
1078.0 0.0
1079.0 0.0
1080.0 0.0
1081.0 0.0
1082.0 0.0
1083.0 0.0
1084.0 0.0
1085.0 0.0
1086.0 0.0
1087.0 0.0
1088.0 0.0
1089.0 0.0
1090.0 0.0
1091.0 0.0
1092.0 0.0
1093.0 0.0
1094.0 0.0
1095.0 0.0
1096.0 0.0
1097.0 0.0
1098.0 0.0
1099.0 0.0
1100.0 0.0
1101.0 0.0
1102.0 0.0
1103.0 0.0
1104.0 0.0
1105.0 0.0
1106.0 0.0
1107.0 0.0
1108.0 0.0
1109.0 0.0
1110.0 0.0
1111.0 0.0
1112.0 0.0
1113.0 0.0
1114.0 0.0
1115.0 0.0
1116.0 0.0
1117.0 0.0
1118.0 0.0
1119.0 0.0
1120.0 0.0
1121.0 0.0
1122.0 0.0
1123.0 0.0
1124.0 0.0
1125.0 0.0
1126.0 0.0
1127.0 0.0
1128.0 0.0
1129.0 0.0
1130.0 0.0
1131.0 0.0
1132.0 0.0
1133.0 0.0
1134.0 0.0
1135.0 0.0
1136.0 0.0
1137.0 0.0
1138.0 0.0
1139.0 0.0
1140.0 0.0
1141.0 0.0
1142.0 0.0
1143.0 0.0
1144.0 0.0
1145.0 0.0
1146.0 0.0
1147.0 0.0
1148.0 0.0
1149.0 0.0
1150.0 0.0
1151.0 0.0
1152.0 0.0
1153.0 0.0
1154.0 0.0
1155.0 0.0
1156.0 0.0
1157.0 0.0
1158.0 0.0
1159.0 0.0
1160.0 0.0
1161.0 0.0
1162.0 0.0
1163.0 0.0
1164.0 0.0
1165.0 0.0
1166.0 0.0
1167.0 0.0
1168.0 0.0
1169.0 0.0
1170.0 0.0
1171.0 0.0
1172.0 0.0
1173.0 0.0
1174.0 0.0
1175.0 0.0
1176.0 0.0
1177.0 0.0
1178.0 0.0
1179.0 0.0
1180.0 0.0
1181.0 0.0
1182.0 0.0
1183.0 0.0
1184.0 0.0
1185.0 0.0
1186.0 0.0
1187.0 0.0
1188.0 0.0
1189.0 0.0
1190.0 0.0
1191.0 0.0
1192.0 0.0
1193.0 0.0
1194.0 0.0
1195.0 0.0
1196.0 0.0
1197.0 0.0
1198.0 0.0
1199.0 0.0
1200.0 0.0
1201.0 0.0
1202.0 0.0
1203.0 0.0
1204.0 0.0
1205.0 0.0
1206.0 0.0
1207.0 0.0
1208.0 0.0
1209.0 0.0
1210.0 0.0
1211.0 0.0
1212.0 0.0
1213.0 0.0
1214.0 0.0
1215.0 0.0
1216.0 0.0
1217.0 0.0
1218.0 0.0
1219.0 0.0
1220.0 0.0
1221.0 0.0
1222.0 0.0
1223.0 0.0
1224.0 0.0
1225.0 0.0
1226.0 0.0
1227.0 0.0
1228.0 0.0
1229.0 0.0
1230.0 0.0
1231.0 0.0
1232.0 0.0
1233.0 0.0
1234.0 0.0
1235.0 0.0
1236.0 0.0
1237.0 0.0
1238.0 0.0
1239.0 0.0
1240.0 0.0
1241.0 0.0
1242.0 0.0
1243.0 0.0
1244.0 0.0
1245.0 0.0
1246.0 0.0
1247.0 0.0
1248.0 0.0
1249.0 0.0
1250.0 0.0
1251.0 0.0
1252.0 0.0
1253.0 0.0
1254.0 0.0
1255.0 0.0
1256.0 0.0
1257.0 0.0
1258.0 0.0
1259.0 0.0
1260.0 0.0
1261.0 0.0
1262.0 0.0
1263.0 0.0
1264.0 0.0
1265.0 0.0
1266.0 0.0
1267.0 0.0
1268.0 0.0
1269.0 0.0
1270.0 0.0
1271.0 0.0
1272.0 0.0
1273.0 0.0
1274.0 0.0
1275.0 0.0
1276.0 0.0
1277.0 0.0
1278.0 0.0
1279.0 0.0
1280.0 0.0
1281.0 0.0
1282.0 0.0
1283.0 0.0
1284.0 0.0
1285.0 0.0
1286.0 0.0
1287.0 0.0
1288.0 0.0
1289.0 0.0
1290.0 0.0
1291.0 0.0
1292.0 0.0
1293.0 0.0
1294.0 0.0
1295.0 0.0
1296.0 0.0
1297.0 0.0
1298.0 0.0
1299.0 0.0
1300.0 0.0
1301.0 0.0
1302.0 0.0
1303.0 0.0
1304.0 0.0
1305.0 0.0
1306.0 0.0
1307.0 0.0
1308.0 0.0
1309.0 0.0
1310.0 0.0
1311.0 0.0
1312.0 0.0
1313.0 0.0
1314.0 0.0
1315.0 0.0
1316.0 0.0
1317.0 0.0
1318.0 0.0
1319.0 0.0
1320.0 0.0
1321.0 0.0
1322.0 0.0
1323.0 0.0
1324.0 0.0
1325.0 0.0
1326.0 0.0
1327.0 0.0
1328.0 0.0
1329.0 0.0
1330.0 0.0
1331.0 0.0
1332.0 0.0
1333.0 0.0
1334.0 0.0
1335.0 0.0
1336.0 0.0
1337.0 0.0
1338.0 0.0
1339.0 0.0
1340.0 0.0
1341.0 0.0
1342.0 0.0
1343.0 0.0
1344.0 0.0
1345.0 0.0
1346.0 0.0
1347.0 0.0
1348.0 0.0
1349.0 0.0
1350.0 0.0
1351.0 0.0
1352.0 0.0
1353.0 0.0
1354.0 0.0
1355.0 0.0
1356.0 0.0
1357.0 0.0
1358.0 0.0
1359.0 0.0
1360.0 0.0
1361.0 0.0
1362.0 0.0
1363.0 0.0
1364.0 0.0
1365.0 0.0
1366.0 0.0
1367.0 0.0
1368.0 0.0
1369.0 0.0
1370.0 0.0
1371.0 0.0
1372.0 0.0
1373.0 0.0
1374.0 0.0
1375.0 0.0
1376.0 0.0
1377.0 0.0
1378.0 0.0
1379.0 0.0
1380.0 0.0
1381.0 0.0
1382.0 0.0
1383.0 0.0
1384.0 0.0
1385.0 0.0
1386.0 0.0
1387.0 0.0
1388.0 0.0
1389.0 0.0
1390.0 0.0
1391.0 0.0
1392.0 0.0
1393.0 0.0
1394.0 0.0
1395.0 0.0
1396.0 0.0
1397.0 0.0
1398.0 0.0
1399.0 0.0
1400.0 0.0
1401.0 0.0
1402.0 0.0
1403.0 0.0
1404.0 0.0
1405.0 0.0
1406.0 0.0
1407.0 0.0
1408.0 0.0
1409.0 0.0
1410.0 0.0
1411.0 0.0
1412.0 0.0
1413.0 0.0
1414.0 0.0
1415.0 0.0
1416.0 0.0
1417.0 0.0
1418.0 0.0
1419.0 0.0
1420.0 0.0
1421.0 0.0
1422.0 0.0
1423.0 0.0
1424.0 0.0
1425.0 0.0
1426.0 0.0
1427.0 0.0
1428.0 0.0
1429.0 0.0
1430.0 0.0
1431.0 0.0
1432.0 0.0
1433.0 0.0
1434.0 0.0
1435.0 0.0
1436.0 0.0
1437.0 0.0
1438.0 0.0
1439.0 0.0
1440.0 0.0
1441.0 0.0
1442.0 0.0
1443.0 0.0
1444.0 0.0
1445.0 0.0
1446.0 0.0
1447.0 0.0
1448.0 0.0
1449.0 0.0
1450.0 0.0
1451.0 0.0
1452.0 0.0
1453.0 0.0
1454.0 0.0
1455.0 0.0
1456.0 0.0
1457.0 0.0
1458.0 0.0
1459.0 0.0
1460.0 0.0
1461.0 0.0
1462.0 0.0
1463.0 0.0
1464.0 0.0
1465.0 0.0
1466.0 0.0
1467.0 0.0
1468.0 0.0
1469.0 0.0
1470.0 0.0
1471.0 0.0
1472.0 0.0
1473.0 0.0
1474.0 0.0
1475.0 0.0
1476.0 0.0
1477.0 0.0
1478.0 0.0
1479.0 0.0
1480.0 0.0
1481.0 0.0
1482.0 0.0
1483.0 0.0
1484.0 0.0
1485.0 0.0
1486.0 0.0
1487.0 0.0
1488.0 0.0
1489.0 0.0
1490.0 0.0
1491.0 0.0
1492.0 0.0
1493.0 0.0
1494.0 0.0
1495.0 0.0
1496.0 0.0
1497.0 0.0
1498.0 0.0
1499.0 0.0
1500.0 0.0
1501.0 0.0
1502.0 0.0
1503.0 0.0
1504.0 0.0
1505.0 0.0
1506.0 0.0
1507.0 0.0
1508.0 0.0
1509.0 0.0
1510.0 0.0
1511.0 0.0
1512.0 0.0
1513.0 0.0
1514.0 0.0
1515.0 0.0
1516.0 0.0
1517.0 0.0
1518.0 0.0
1519.0 0.0
1520.0 0.0
1521.0 0.0
1522.0 0.0
1523.0 0.0
1524.0 0.0
1525.0 0.0
1526.0 0.0
1527.0 0.0
1528.0 0.0
1529.0 0.0
1530.0 0.0
1531.0 0.0
1532.0 0.0
1533.0 0.0
1534.0 0.0
1535.0 0.0
1536.0 0.0
1537.0 0.0
1538.0 0.0
1539.0 0.0
1540.0 0.0
1541.0 0.0
1542.0 0.0
1543.0 0.0
1544.0 0.0
1545.0 0.0
1546.0 0.0
1547.0 0.0
1548.0 0.0
1549.0 0.0
1550.0 0.0
1551.0 0.0
1552.0 0.0
1553.0 0.0
1554.0 0.0
1555.0 0.0
1556.0 0.0
1557.0 0.0
1558.0 0.0
1559.0 0.0
1560.0 0.0
1561.0 0.0
1562.0 0.0
1563.0 0.0
1564.0 0.0
1565.0 0.0
1566.0 0.0
1567.0 0.0
1568.0 0.0
1569.0 0.0
1570.0 0.0
1571.0 0.0
1572.0 0.0
1573.0 0.0
1574.0 0.0
1575.0 0.0
1576.0 0.0
1577.0 0.0
1578.0 0.0
1579.0 0.0
1580.0 0.0
1581.0 0.0
1582.0 0.0
1583.0 0.0
1584.0 0.0
1585.0 0.0
1586.0 0.0
1587.0 0.0
1588.0 0.0
1589.0 0.0
1590.0 0.0
1591.0 0.0
1592.0 0.0
1593.0 0.0
1594.0 0.0
1595.0 0.0
1596.0 0.0
1597.0 0.0
1598.0 0.0
1599.0 0.0
1600.0 0.0
1601.0 0.0
1602.0 0.0
1603.0 0.0
1604.0 0.0
1605.0 0.0
1606.0 0.0
1607.0 0.0
1608.0 0.0
1609.0 0.0
1610.0 0.0
1611.0 0.0
1612.0 0.0
1613.0 0.0
1614.0 0.0
1615.0 0.0
1616.0 0.0
1617.0 0.0
1618.0 0.0
1619.0 0.0
1620.0 0.0
1621.0 0.0
1622.0 0.0
1623.0 0.0
1624.0 0.0
1625.0 0.0
1626.0 0.0
1627.0 0.0
1628.0 0.0
1629.0 0.0
1630.0 0.0
1631.0 0.0
1632.0 0.0
1633.0 0.0
1634.0 0.0
1635.0 0.0
1636.0 0.0
1637.0 0.0
1638.0 0.0
1639.0 0.0
1640.0 0.0
1641.0 0.0
1642.0 0.0
1643.0 0.0
1644.0 0.0
1645.0 0.0
1646.0 0.0
1647.0 0.0
1648.0 0.0
1649.0 0.0
1650.0 0.0
1651.0 0.0
1652.0 0.0
1653.0 0.0
1654.0 0.0
1655.0 0.0
1656.0 0.0
1657.0 0.0
1658.0 0.0
1659.0 0.0
1660.0 0.0
1661.0 0.0
1662.0 0.0
1663.0 0.0
1664.0 0.0
1665.0 0.0
1666.0 0.0
1667.0 0.0
1668.0 0.0
1669.0 0.0
1670.0 0.0
1671.0 0.0
1672.0 0.0
1673.0 0.0
1674.0 0.0
1675.0 0.0
1676.0 0.0
1677.0 0.0
1678.0 0.0
1679.0 0.0
1680.0 0.0
1681.0 0.0004049293962972505
1682.0 0.0011561519067202295
1683.0 0.0015408963497195924
1684.0 0.002002849243581295
1685.0 0.0030414242297410964
1686.0 0.005249935548220362
1687.0 0.006118894980422088
1688.0 0.006730312800833157
1689.0 0.007710204007370131
1690.0 0.008363587222993374
1691.0 0.009631268414003509
1692.0 0.010915178619325162
1693.0 0.011864884357367243
1694.0 0.013395730006907667
1695.0 0.014442246620144162
1696.0 0.015884678970490184
1697.0 0.0172182292544416
1698.0 0.0174794682434627
1699.0 0.01767665238252708
1700.0 0.018995190411806105
1701.0 0.01979509581412588
1702.0 0.020951181836426257
1703.0 0.020737772594605172
1704.0 0.019990436998861178
1705.0 0.020846908007349285
1706.0 0.02126365349228893
1707.0 0.020573929218309268
1708.0 0.01991877377565418
1709.0 0.02077420141015734
1710.0 0.021200488933495115
1711.0 0.020402133092284204
1712.0 0.020846405465688025
1713.0 0.021005691055740627
1714.0 0.01974906607397965
1715.0 0.018646709487906525
1716.0 0.018991236149200372
1717.0 0.019919018846537385
1718.0 0.019589200482836792
1719.0 0.0194492016519819
1720.0 0.019860328308173587
1721.0 0.01992733239063195
1722.0 0.019667674813951763
1723.0 0.019586283820016044
1724.0 0.01961282789707184
1725.0 0.019453522589589867
1726.0 0.01874906277017934
1727.0 0.019139221576707704
1728.0 0.019390151756150383
1729.0 0.018852355357791697
1730.0 0.019708575760679584
1731.0 0.020332993300897734
1732.0 0.019731324751462255
1733.0 0.018204695704792228
1734.0 0.0183262562379241
1735.0 0.019385982464466777
1736.0 0.019010968479726997
1737.0 0.018716342081981047
1738.0 0.018630225131554264
1739.0 0.01819814166852406
1740.0 0.017529470713010857
1741.0 0.017125754563936165
1742.0 0.0175597734483225
1743.0 0.017736905041549886
1744.0 0.017296021351856844
1745.0 0.016864181629249027
1746.0 0.017074640042015483
1747.0 0.017249032429286413
1748.0 0.01705574318766594
1749.0 0.017269862523036344
1750.0 0.01713363051946674
1751.0 0.0168801058615957
1752.0 0.017102354312581676
1753.0 0.016844926189099038
1754.0 0.01628964181457247
1755.0 0.016600325064999717
1756.0 0.01723444698644536
1757.0 0.01665998585522175
1758.0 0.01636443521295275
1759.0 0.01659199015370437
1760.0 0.016327100380190782
1761.0 0.01573717024709497
1762.0 0.015477538986929825
1763.0 0.01525055742157357
1764.0 0.01566248472247805
1765.0 0.015786161965557505
1766.0 0.015500041283667087
1767.0 0.015833967950727258
1768.0 0.015748705023101398
1769.0 0.01513005934123482
1770.0 0.0148445477443082
1771.0 0.0147909158042499
1772.0 0.014991244301199913
1773.0 0.015653540646391257
1774.0 0.015613994561135769
1775.0 0.015149730257689953
1776.0 0.015160510848675455
1777.0 0.015394179256899017
1778.0 0.01574670917221478
1779.0 0.01548172174287694
1780.0 0.014791474438139371
1781.0 0.014324488570647581
1782.0 0.014564702952546733
1783.0 0.015097851598901408
1784.0 0.014763719295816762
1785.0 0.014337467987622534
1786.0 0.014416620108698095
1787.0 0.01480257963495595
1788.0 0.015186583623290062
1789.0 0.015195287923727716
1790.0 0.014978916703590325
1791.0 0.014539873466960021
1792.0 0.014161432587674687
1793.0 0.014493683299848011
1794.0 0.014766529335507326
1795.0 0.014728466102055141
1796.0 0.014414827818317072
1797.0 0.014508608781865665
1798.0 0.014936136108423982
1799.0 0.014830320381692477
1800.0 0.015337950071053846
1801.0 0.015703605594379562
1802.0 0.015437704910125052
1803.0 0.014484401712460177
1804.0 0.013474816669310842
1805.0 0.013573547692171164
1806.0 0.014744808631283897
1807.0 0.015299160326165812
1808.0 0.014849652456385748
1809.0 0.014159198743956429
1810.0 0.013735551866037504
1811.0 0.014430554663496359
1812.0 0.014756068347820214
1813.0 0.01473903421844755
1814.0 0.01467734452869211
1815.0 0.01450571207595723
1816.0 0.014275772523667131
1817.0 0.013657895236143044
1818.0 0.01354559188974755
1819.0 0.014357200318149159
1820.0 0.015121949650347234
1821.0 0.014952439202794007
1822.0 0.014129506583724702
1823.0 0.01408859153411218
1824.0 0.013980023389948266
1825.0 0.013546721184892314
1826.0 0.013412018785519259
1827.0 0.013395773379930429
1828.0 0.014062052166887691
1829.0 0.01376011741480657
1830.0 0.012888558208942413
1831.0 0.012891996891370841
1832.0 0.013481683603354862
1833.0 0.01352758708276919
1834.0 0.013704085323427404
1835.0 0.013993943349591323
1836.0 0.013640692058418478
1837.0 0.013426297716796399
1838.0 0.013509263657033444
1839.0 0.012829100686524595
1840.0 0.012855393599186625
1841.0 0.013035169243812561
1842.0 0.013174676735486304
1843.0 0.01376824424202953
1844.0 0.014074553389634405
1845.0 0.014203802868723869
1846.0 0.01394529677927494
1847.0 0.013555984811059065
1848.0 0.012704884793077196
1849.0 0.011871353377188955
1850.0 0.012582334264048508
1851.0 0.01300831703203065
1852.0 0.013304974750748702
1853.0 0.013524014981729643
1854.0 0.013018233249230043
1855.0 0.012610615364142827
1856.0 0.01336486315620797
1857.0 0.014123866174902236
1858.0 0.013791795527296407
1859.0 0.0137026061969144
1860.0 0.01361801674855607
1861.0 0.01344155248786722
1862.0 0.013225735005523478
1863.0 0.013370172865688802
1864.0 0.01327241315905537
1865.0 0.012652004510164261
1866.0 0.01320746900247676
1867.0 0.013179100171795913
1868.0 0.012249791914863245
1869.0 0.01114908576543842
1870.0 0.011288764380982945
1871.0 0.011758829839527607
1872.0 0.012359661688762052
1873.0 0.013503399092171874
1874.0 0.01377430683267968
1875.0 0.012783271100904261
1876.0 0.012371503814522709
1877.0 0.011663259166691984
1878.0 0.011503837231014455
1879.0 0.011515573678272112
1880.0 0.011263132281601428
1881.0 0.01132847403309175
1882.0 0.011482025257178716
1883.0 0.011878563117768083
1884.0 0.011900659783610277
1885.0 0.012112324126064777
1886.0 0.012201411170618875
1887.0 0.011529724007206303
1888.0 0.010491431025522096
1889.0 0.01116757049624409
1890.0 0.012092373546745095
1891.0 0.012231978042317288
1892.0 0.012023138414536203
1893.0 0.01235572826117277
1894.0 0.011638681830040047
1895.0 0.010784435737878083
1896.0 0.010730575823358127
1897.0 0.01053937499278358
1898.0 0.01074299192322152
1899.0 0.011099446697958879
1900.0 0.011039866453834942
1901.0 0.01105155481823853
1902.0 0.011401744013918297
1903.0 0.011668318989021438
1904.0 0.011735822100724493
1905.0 0.011571494516517435
1906.0 0.01099219528426017
1907.0 0.010420309845358133
1908.0 0.01025004924408027
1909.0 0.010924543094422137
1910.0 0.011891806631215982
1911.0 0.012146299678300108
1912.0 0.011779004508363349
1913.0 0.011137149137045657
1914.0 0.010737244013164724
1915.0 0.01057964273329292
1916.0 0.010629682708531618
1917.0 0.010805138679487365
1918.0 0.010782515497079917
1919.0 0.010551813271428857
1920.0 0.011106402094342879
1921.0 0.011064838484994002
1922.0 0.010836278993104185
1923.0 0.010917437395879201
1924.0 0.010784792035285916
1925.0 0.010720039238887175
1926.0 0.01097508847181286
1927.0 0.010535666758992842
1928.0 0.010096608022493975
1929.0 0.010159427087221827
1930.0 0.010149207671305963
1931.0 0.010274231673351356
1932.0 0.01002132005191275
1933.0 0.010097590727465494
1934.0 0.01049153594566243
1935.0 0.010887468286923
1936.0 0.011203014624438115
1937.0 0.011311777281974043
1938.0 0.011285926987017905
1939.0 0.011073133003498827
1940.0 0.011349958793393204
1941.0 0.011413330890770469
1942.0 0.011333080327936581
1943.0 0.011237641064716237
1944.0 0.01100881685103689
1945.0 0.01102564006245562
1946.0 0.011380664192672287
1947.0 0.010914425565195935
1948.0 0.011005140827702625
1949.0 0.011520198945488249
1950.0 0.011289068790418761
1951.0 0.01121712542538132
1952.0 0.011486020019011839
1953.0 0.011819376091339758
1954.0 0.010530443702425276
1955.0 0.009720077285809176
1956.0 0.010127752487148558
1957.0 0.010367898656321423
1958.0 0.010295252608401435
1959.0 0.010098130122891494
1960.0 0.009610054522220577
1961.0 0.009568225246454988
1962.0 0.01013157863968185
1963.0 0.010626598607216563
1964.0 0.011044251546263695
1965.0 0.011094247895692076
1966.0 0.010733904596418143
1967.0 0.009752197816435779
1968.0 0.009768281637557915
1969.0 0.010294565119381462
1970.0 0.010304147603788547
1971.0 0.010340203916920082
1972.0 0.010013600771448443
1973.0 0.010078509444636959
1974.0 0.010562744470579283
1975.0 0.010922320280224085
1976.0 0.010514352643596275
1977.0 0.009818908040012632
1978.0 0.009688307650919471
1979.0 0.009667573283825602
1980.0 0.009959446705345596
1981.0 0.010484268463083675
1982.0 0.010661162050174816
1983.0 0.01060943054035306
1984.0 0.010989597027323076
1985.0 0.011434028031570571
1986.0 0.011167950741946698
1987.0 0.011025002492325646
1988.0 0.011180623221610274
1989.0 0.0112171275009002
1990.0 0.011123874171503952
1991.0 0.011190411528306347
1992.0 0.011082568046237742
1993.0 0.010667710431984492
1994.0 0.01104466381615826
1995.0 0.011595700055892978
1996.0 0.011397309135645628
1997.0 0.011268792088542666
1998.0 0.011470914392599037
1999.0 0.011434228385665587
2000.0 0.011324151791632176
2001.0 0.011839821854872363
2002.0 0.011261806969663926
2003.0 0.010368459578603505
2004.0 0.010938805687640394
2005.0 0.012430564500391483
2006.0 0.012827088470969882
2007.0 0.012683720194867678
2008.0 0.011716818822813885
2009.0 0.011164514507566179
2010.0 0.01127814787573048
2011.0 0.011189907336873667
2012.0 0.011300942900457552
2013.0 0.010941142588853836
2014.0 0.01078537002738033
2015.0 0.010624921268650464
2016.0 0.010713380601789271
2017.0 0.011259273625910282
2018.0 0.011819807546479362
2019.0 0.012134486569889955
2020.0 0.011815254549895014
2021.0 0.011297561986637967
2022.0 0.011541941495878356
2023.0 0.011776286935699837
2024.0 0.011172244897378343
2025.0 0.010914664915097612
2026.0 0.011672407016158104
2027.0 0.011569212190806866
2028.0 0.010971111591373171
2029.0 0.010794880227851016
2030.0 0.011008456282849823
2031.0 0.010919522613819156
2032.0 0.010795966309628317
2033.0 0.01072903840935656
2034.0 0.011320901741938932
2035.0 0.011805490963160992
2036.0 0.011543223288442407
2037.0 0.011544024385511876
2038.0 0.011739468308431762
2039.0 0.011554993369749614
2040.0 0.011155951129538672
2041.0 0.011002364608326128
2042.0 0.011086662113666535
2043.0 0.011045647705239909
2044.0 0.011189026199281216
2045.0 0.011775203714413303
2046.0 0.011608782623495375
2047.0 0.011312323662319353
2048.0 0.010830037694956576
2049.0 0.010523912669824702
2050.0 0.01073638413633619
2051.0 0.0110293277805405
2052.0 0.010150398926011153
2053.0 0.010338501898305756
2054.0 0.011842602943735464
2055.0 0.011536766641906329
2056.0 0.010480251735342401
2057.0 0.010142202356031962
2058.0 0.010401065487946783
2059.0 0.010580146073230675
2060.0 0.010796224059803145
2061.0 0.011236111260950565
2062.0 0.010559046428118434
2063.0 0.009366073166685446
2064.0 0.009464658497433578
2065.0 0.010404792095401457
2066.0 0.010500403041286127
2067.0 0.009733254595526626
2068.0 0.00920154679832714
2069.0 0.009943575438644206
2070.0 0.010538749237145697
2071.0 0.009853159636259079
2072.0 0.009152155762006129
2073.0 0.009896601869591645
2074.0 0.010696904028632812
2075.0 0.010504740476608276
2076.0 0.010758969852966921
2077.0 0.009726161110614027
2078.0 0.00880461743633662
2079.0 0.009169224689581564
2080.0 0.008625971246510744
2081.0 0.009303917961993388
2082.0 0.010711378165121589
2083.0 0.009262258572770016
2084.0 0.007889849712539997
2085.0 0.007796065196661013
2086.0 0.007330876096550907
2087.0 0.008288479356893471
2088.0 0.007012703169935516
2089.0 0.008313085857246603
2090.0 0.009515059193862335
2091.0 0.009282835386693477
2092.0 0.011551710298018797
2093.0 0.01052009505884988
2094.0 0.009270055631973913
2095.0 0.008604970228459154
2096.0 0.00893898030876049
2097.0 0.00883786329733474
2098.0 0.008648698630609682
2099.0 0.008479260573429721
2100.0 0.008871799361492906
2101.0 0.0103913021273911
2102.0 0.010676150855475238
2103.0 0.0086824441727783
2104.0 0.009276362801236766
2105.0 0.007873773167375475
2106.0 0.00733532733283937
2107.0 0.006185336238039392
2108.0 0.00573882742477768
2109.0 0.007352357018472893
2110.0 0.006391630454787186
2111.0 0.008017734996974469
2112.0 0.010572377206491573
2113.0 0.010154701436736755
2114.0 0.010575517649496241
2115.0 0.011308688716962934
2116.0 0.011379521932186824
2117.0 0.008661786746233701
2118.0 0.009552855217563255
2119.0 0.009979205651740942
2120.0 0.00855867891971554
2121.0 0.0080697318705331
2122.0 0.010668809821696153
2123.0 0.009687215655243822
2124.0 0.007680021638848952
2125.0 0.007314670904140387
2126.0 0.009773391225774372
2127.0 0.010335085135219352
2128.0 0.011133834693048681
2129.0 0.009737558010965586
2130.0 0.010293876965131078
2131.0 0.010276306127863271
2132.0 0.010092173875974757
2133.0 0.011292265528546912
2134.0 0.010311637233410562
2135.0 0.00968954646959901
2136.0 0.009839636726038797
2137.0 0.010917466825672559
2138.0 0.010109714644828013
2139.0 0.010752072444717799
2140.0 0.011368688768041986
2141.0 0.011157915594854526
2142.0 0.010445234831422567
2143.0 0.010515291190573147
2144.0 0.010666797975344318
2145.0 0.011290856264531612
2146.0 0.011092655453830957
2147.0 0.011187362484633923
2148.0 0.011378515192440578
2149.0 0.011737614790243761
2150.0 0.011979788807885987
2151.0 0.011838639740433012
2152.0 0.012018581054040365
2153.0 0.011680156245295491
2154.0 0.011576274263539485
2155.0 0.011276704658355032
2156.0 0.010940957042787755
2157.0 0.011335067916661501
2158.0 0.01197665303147265
2159.0 0.011827064944165093
2160.0 0.011172421888581344
2161.0 0.011308882119400161
2162.0 0.011661899169640881
2163.0 0.011951883057398456
2164.0 0.011999392509460449
2165.0 0.011431009082921913
2166.0 0.011510016742561545
2167.0 0.011762990749308042
2168.0 0.012221918734056609
2169.0 0.011883427309138434
2170.0 0.011410530975886754
2171.0 0.011276036128401756
2172.0 0.011928697489202023
2173.0 0.012146571917193276
2174.0 0.011639855562576226
2175.0 0.011859023650842054
2176.0 0.012208336644939014
2177.0 0.012502485034721239
2178.0 0.01209085871066366
2179.0 0.011593471627150263
2180.0 0.012348546460270882
2181.0 0.012895569471376283
2182.0 0.012263319801006999
2183.0 0.01174161641725472
2184.0 0.012530176820499556
2185.0 0.013357249487723623
2186.0 0.012468849095915046
2187.0 0.011884675520871366
2188.0 0.012060757460338729
2189.0 0.012843821104615927
2190.0 0.013129830440240247
2191.0 0.012789380231073925
2192.0 0.01252283366130931
2193.0 0.012651683443358966
2194.0 0.01284707018307277
2195.0 0.012141907960176468
2196.0 0.011413739648248468
2197.0 0.011931432703776019
2198.0 0.01229341948138816
2199.0 0.012124602603060858
2200.0 0.011926004423626832
2201.0 0.012110176948564394
2202.0 0.012336452970547335
2203.0 0.012322466394730976
2204.0 0.011941411958209107
2205.0 0.012134719666625772
2206.0 0.012148992797093732
2207.0 0.012091394380799361
2208.0 0.01231380645185709
2209.0 0.011845260486006736
2210.0 0.012194585454251086
2211.0 0.013028357789984771
2212.0 0.012529297625379902
2213.0 0.012195419520139694
2214.0 0.012335434795490333
2215.0 0.012629716204745428
2216.0 0.012416320693280017
2217.0 0.012097055571419851
2218.0 0.012855456317109722
2219.0 0.012767117763204234
2220.0 0.01197649756712573
2221.0 0.01175072794514043
2222.0 0.012208963398422513
2223.0 0.013389717042446136
2224.0 0.013167288074535983
2225.0 0.012681413362068789
2226.0 0.012892656773328782
2227.0 0.012774935231677123
2228.0 0.012995467946997711
2229.0 0.013046505115926265
2230.0 0.013216662353702955
2231.0 0.013312288214053426
2232.0 0.013503131243799414
2233.0 0.013207959357116904
2234.0 0.0131732186834727
2235.0 0.013218785024115018
2236.0 0.012963161378034523
2237.0 0.01282916758209467
2238.0 0.012690467626920767
2239.0 0.013260348966079099
2240.0 0.013025356669511113
2241.0 0.012076977480735098
2242.0 0.012113969506961959
2243.0 0.01297382518116917
2244.0 0.01312564302768026
2245.0 0.013383874430188111
2246.0 0.013973968688930784
2247.0 0.01335084925272635
2248.0 0.012368115835956164
2249.0 0.012170661746391228
2250.0 0.012458685333175318
2251.0 0.01264972005571638
2252.0 0.013048133014568261
2253.0 0.01298620557146413
2254.0 0.01286797933280468
2255.0 0.01274916846305132
2256.0 0.012479063549212048
2257.0 0.011922156997025013
2258.0 0.012552629238260643
2259.0 0.01328738842691694
2260.0 0.013414543521191393
2261.0 0.012852331011423043
2262.0 0.01270970981568098
2263.0 0.012500247439103468
2264.0 0.012677822421704019
2265.0 0.013097798504999706
2266.0 0.013015369458922317
2267.0 0.012746593648833888
2268.0 0.012372803102646554
2269.0 0.012897589376994542
2270.0 0.013262910635343619
2271.0 0.01262233414288078
2272.0 0.012221864823784147
2273.0 0.012801127455064228
2274.0 0.01313190750245537
2275.0 0.012716377792613847
2276.0 0.012509702066225665
2277.0 0.012772958087069648
2278.0 0.012669274902769498
2279.0 0.01251287508223738
2280.0 0.012663138817463603
2281.0 0.012575268505939416
2282.0 0.0125296647261296
2283.0 0.012546472969864097
2284.0 0.012743040413728783
2285.0 0.01285969109407493
2286.0 0.012848053579883917
2287.0 0.013525995079960142
2288.0 0.013587814463036401
2289.0 0.013213835071240153
2290.0 0.013213052786886692
2291.0 0.012997834091739996
2292.0 0.013630506981696402
2293.0 0.01403353956661054
2294.0 0.013982977026275226
2295.0 0.01417338853435857
2296.0 0.013986548408865929
2297.0 0.01399430962545531
2298.0 0.014225207082927228
2299.0 0.014001518966896193
2300.0 0.013591646083763667
2301.0 0.013936979589717728
2302.0 0.01398220086204154
2303.0 0.012930629562054362
2304.0 0.012874103550400053
2305.0 0.013632334715553692
2306.0 0.013977710157632828
2307.0 0.013909764428223883
2308.0 0.014005892058568342
2309.0 0.013572626081960542
2310.0 0.013386566883751325
2311.0 0.013790704762297018
2312.0 0.01353567899870021
2313.0 0.013354455307126045
2314.0 0.013748790563217232
2315.0 0.013468900482569423
2316.0 0.013128107759569373
2317.0 0.013391841309411186
2318.0 0.01365423785256488
2319.0 0.01374358417732375
2320.0 0.01366593526410205
2321.0 0.013160830523286546
2322.0 0.012771504372358322
2323.0 0.013489992544054984
2324.0 0.01362361421010324
2325.0 0.013938707618841103
2326.0 0.01432528652782951
2327.0 0.01386177803256682
2328.0 0.012955061026981898
2329.0 0.013019438194377082
2330.0 0.013864745891519955
2331.0 0.014196741554353918
2332.0 0.01371615981417043
2333.0 0.013402610351996762
2334.0 0.013415611774793694
2335.0 0.013501990719565324
2336.0 0.013874901165919645
2337.0 0.01387920616460698
2338.0 0.013924490261290754
2339.0 0.013811086251267365
2340.0 0.013287794829479286
2341.0 0.013166316705090659
2342.0 0.013174870663455554
2343.0 0.013618955175791468
2344.0 0.013493541016110352
2345.0 0.01336145270615816
2346.0 0.014106931085033076
2347.0 0.014506301150790282
2348.0 0.01426026171871594
2349.0 0.014401288410382612
2350.0 0.014317226143819944
2351.0 0.01398810613900423
2352.0 0.01412471846810409
2353.0 0.014243900243725096
2354.0 0.014124446415475436
2355.0 0.014090418496302196
2356.0 0.013946279510855674
2357.0 0.013638957350381783
2358.0 0.01350361734096493
2359.0 0.013851999092314925
2360.0 0.014038484969309399
2361.0 0.01447575595229864
2362.0 0.014501232201499598
2363.0 0.01420483107545546
2364.0 0.014601621563945498
2365.0 0.014040278909461839
2366.0 0.013211292188082422
2367.0 0.01411525383591652
2368.0 0.014729312088872706
2369.0 0.014136628673544952
2370.0 0.01408449916967324
2371.0 0.014261114437665258
2372.0 0.014381546420710427
2373.0 0.014237440350864614
2374.0 0.014261231611349753
2375.0 0.01458903718739748
2376.0 0.014659441395529679
2377.0 0.014239039990518775
2378.0 0.013968826111938273
2379.0 0.014224407795284475
2380.0 0.014128488541713783
2381.0 0.013722892557936055
2382.0 0.013689443575484413
2383.0 0.01367620974779129
2384.0 0.013947550792779241
2385.0 0.014347320715231555
2386.0 0.014060089817004545
2387.0 0.013907109413828169
2388.0 0.013910253239529474
2389.0 0.014011148868926933
2390.0 0.013779876194894314
2391.0 0.013879191928676196
2392.0 0.013663052288549287
2393.0 0.013189719085182463
2394.0 0.013590809463390282
2395.0 0.01462967683162008
2396.0 0.014996602652328356
2397.0 0.013915477959173066
2398.0 0.013213798137647765
2399.0 0.01355059671082667
2400.0 0.01389555281826428
2401.0 0.014474873537463802
2402.0 0.014384542166122368
2403.0 0.013539360676492964
2404.0 0.013745290440108094
2405.0 0.014196946232446602
2406.0 0.01443809505019869
2407.0 0.014086916696812425
2408.0 0.013665244009877954
2409.0 0.013538155172552382
2410.0 0.013576152016009603
2411.0 0.013726352181817805
2412.0 0.014237309194036893
2413.0 0.014075606635638645
2414.0 0.013937572522887161
2415.0 0.013829220325819083
2416.0 0.014012949328337397
2417.0 0.014608348932649408
2418.0 0.014388886785932949
2419.0 0.014576500175254685
2420.0 0.015317364276519843
2421.0 0.01545564415199416
2422.0 0.01497885531612805
2423.0 0.015241416543722153
2424.0 0.01569056713155338
2425.0 0.01543154607393912
2426.0 0.015378385516149657
2427.0 0.015259124391845295
2428.0 0.014957235700317791
2429.0 0.015755804681352206
2430.0 0.0160815618666155
2431.0 0.015684563639972893
2432.0 0.016163161929164616
2433.0 0.017443174762385234
2434.0 0.017387693907533374
2435.0 0.016012746548014028
2436.0 0.015610186037208353
2437.0 0.017249028916869844
2438.0 0.0185389212465712
2439.0 0.01818796332393374
2440.0 0.017869477665850095
2441.0 0.01729321732584919
2442.0 0.017299839934068067
2443.0 0.017734803285981926
2444.0 0.017286921106278896
2445.0 0.016763943593416895
2446.0 0.01747351972652333
2447.0 0.018355317573462215
2448.0 0.018409927109522477
2449.0 0.01867801318211215
2450.0 0.019110105958368095
2451.0 0.019142721460333894
2452.0 0.018632550803678375
2453.0 0.018354959759329048
2454.0 0.018419360209788595
2455.0 0.01825324081416641
2456.0 0.01824505137545722
2457.0 0.01889785373849528
2458.0 0.019220270588994025
2459.0 0.018313279402043137
2460.0 0.017035802453756334
2461.0 0.017048698743539197
2462.0 0.017245919896023615
2463.0 0.017860085384121965
2464.0 0.018716091822300638
2465.0 0.01907171346247196
2466.0 0.019154640287160872
2467.0 0.019074259059769765
2468.0 0.019173695067209857
2469.0 0.018764243514410087
2470.0 0.018272357034896103
2471.0 0.018155412429145406
2472.0 0.018212751378970486
2473.0 0.018644559543047633
2474.0 0.018164146611733097
2475.0 0.01798949193741594
2476.0 0.01830174308270216
2477.0 0.018575329945555757
2478.0 0.018609639576503207
2479.0 0.01850898654333183
2480.0 0.018484854538525854
2481.0 0.018487815665347237
2482.0 0.01841935781495912
2483.0 0.017727992523993763
2484.0 0.017805479280650616
2485.0 0.018828230191554343
2486.0 0.01911061741411686
2487.0 0.0189242352864572
2488.0 0.01824452845113618
2489.0 0.018198023097855703
2490.0 0.01881105468741485
2491.0 0.018690058695418493
2492.0 0.018980488553643225
2493.0 0.019380725920200348
2494.0 0.019514013401099612
2495.0 0.018956307720925127
2496.0 0.018384978201772484
2497.0 0.018561563161867006
2498.0 0.0188730784292732
2499.0 0.018690347325588975
2500.0 0.0186904228957636
2501.0 0.017840204813650676
2502.0 0.017701929727835315
2503.0 0.01912705350135054
2504.0 0.019438957183488776
2505.0 0.01916057581880263
2506.0 0.019204672692077502
2507.0 0.01929098426231316
2508.0 0.01911121000136648
2509.0 0.018621807438986643
2510.0 0.018326605962855475
2511.0 0.019027933478355408
2512.0 0.019566824872578895
2513.0 0.019268193042704038
2514.0 0.018797526668225015
2515.0 0.01848138113107
2516.0 0.018210239548768315
2517.0 0.01776667857276542
2518.0 0.018268649759037154
2519.0 0.019322748854756357
2520.0 0.018878831714391708
2521.0 0.018207791021892003
2522.0 0.018465911996151718
2523.0 0.018757299546684536
2524.0 0.01840936429798603
2525.0 0.01857846789062023
2526.0 0.01859910554651703
2527.0 0.018370102691863264
2528.0 0.01842991430312395
2529.0 0.018867240952593938
2530.0 0.01896801654781614
2531.0 0.018980104875351702
2532.0 0.019173820024090155
2533.0 0.01968504994043282
2534.0 0.01908122846590621
2535.0 0.018415236765784878
2536.0 0.01886423600039312
2537.0 0.01938666637454714
2538.0 0.01965490233685289
2539.0 0.01932325403073004
2540.0 0.01954553960157292
2541.0 0.019729564658233098
2542.0 0.019602780443217074
2543.0 0.01973172484764031
2544.0 0.020272000080772807
2545.0 0.019719477077679976
2546.0 0.019666749930807522
2547.0 0.01944246403872967
2548.0 0.01958089635840484
2549.0 0.01962435618042946
2550.0 0.020296145656279154
2551.0 0.020870698136942728
2552.0 0.021195554680057935
2553.0 0.020879500252859933
2554.0 0.02101764865219593
2555.0 0.02141523579401629
2556.0 0.020578653418592045
2557.0 0.019976409737552915
2558.0 0.02060231188578265
2559.0 0.020769940263458662
2560.0 0.020629029029182025
2561.0 0.020668530517390798
2562.0 0.021107863262295724
2563.0 0.020597617966788155
2564.0 0.020280192313449723
2565.0 0.021233815486942018
2566.0 0.021695949243647712
2567.0 0.02095154710114002
2568.0 0.020335746662957326
2569.0 0.02109398317656347
2570.0 0.021968422617231097
2571.0 0.021800805521862848
2572.0 0.021737391235572952
2573.0 0.0209510631061026
2574.0 0.02088523797158684
2575.0 0.02161125833434718
2576.0 0.022253301526818956
2577.0 0.021524180099368094
2578.0 0.021318964873041427
2579.0 0.02169853869293417
2580.0 0.02174058093556336
2581.0 0.021197667771152087
2582.0 0.021152080755148614
2583.0 0.021778638128723417
2584.0 0.02143579428749425
2585.0 0.02065222699727331
2586.0 0.021418041256921632
2587.0 0.02224876806139946
2588.0 0.022666933813265393
2589.0 0.02274585435433047
2590.0 0.022886327866997038
2591.0 0.023350519527282034
2592.0 0.023353911616972516
2593.0 0.023626522879515374
2594.0 0.02312541694513389
2595.0 0.022637450455554892
2596.0 0.02293170520237514
2597.0 0.02280227318406105
2598.0 0.022788338416389057
2599.0 0.02314553441745894
2600.0 0.023689038359693118
2601.0 0.02367242170231683
2602.0 0.023819991839783533
2603.0 0.024012498397912297
2604.0 0.023692829215100835
2605.0 0.022909903206995555
2606.0 0.02280445285141468
2607.0 0.023463998841387886
2608.0 0.023110775755984442
2609.0 0.022172334524137634
2610.0 0.022165720856615476
2611.0 0.022755809873342515
2612.0 0.023193840948598724
2613.0 0.02328505569270679
2614.0 0.023248370577182088
2615.0 0.022778903799397603
2616.0 0.02264990843832493
2617.0 0.022656415136797087
2618.0 0.022809366775410515
2619.0 0.023255894652434758
2620.0 0.02301809372646468
2621.0 0.022613983494894845
2622.0 0.023090568450944763
2623.0 0.023811746601547515
2624.0 0.02385453528591565
2625.0 0.023576179253203527
2626.0 0.023380369799477715
2627.0 0.023036119395068715
2628.0 0.022566416061350278
2629.0 0.023037431655185563
2630.0 0.023625108972191812
2631.0 0.023605929261871748
2632.0 0.023857828229665756
2633.0 0.02357480637729168
2634.0 0.023407587834766933
2635.0 0.02343699900167329
2636.0 0.02225301819188254
2637.0 0.021569039832268443
2638.0 0.02260371223092079
2639.0 0.023016348694052016
2640.0 0.02316664473286697
2641.0 0.02336123979517392
2642.0 0.022855628388268608
2643.0 0.02202513281788145
2644.0 0.0222660449466535
2645.0 0.022883136251143046
2646.0 0.022884451917239597
2647.0 0.022572054980056627
2648.0 0.022454359542046276
2649.0 0.02309756294957229
2650.0 0.023526195756026675
2651.0 0.02352592780121735
2652.0 0.023710733811770166
2653.0 0.02313314202640738
2654.0 0.02300626358815602
2655.0 0.022895420449120657
2656.0 0.022695772030523847
2657.0 0.02232600620814732
2658.0 0.022501202672719954
2659.0 0.0227838434278965
2660.0 0.023179341639791216
2661.0 0.02337506833885397
2662.0 0.02353792738701616
2663.0 0.024009845033288003
2664.0 0.023150418645569257
2665.0 0.022155812063387462
2666.0 0.021611560615045683
2667.0 0.021849427904401506
2668.0 0.02254464929657323
2669.0 0.023045131138392856
2670.0 0.02280243007200105
2671.0 0.022402918179120337
2672.0 0.02195626012980938
2673.0 0.021509898294295584
2674.0 0.021747995646936552
2675.0 0.02206502077834947
2676.0 0.02196389458009175
2677.0 0.02181674348456519
2678.0 0.022742784395813943
2679.0 0.022664539888501166
2680.0 0.022545025391238076
2681.0 0.022478451633027623
2682.0 0.02274040425462382
2683.0 0.02297025253730161
2684.0 0.02267156977738653
2685.0 0.02206671285842146
2686.0 0.02208578682371548
2687.0 0.023029278005872456
2688.0 0.023046274270330156
2689.0 0.022850375888603076
2690.0 0.022741444781422614
2691.0 0.02287954225071839
2692.0 0.02295751316206796
2693.0 0.022461528810007233
2694.0 0.02279969783765929
2695.0 0.02289071311908109
2696.0 0.022254709154367447
2697.0 0.02272370308637619
2698.0 0.023099699509995325
2699.0 0.022277699783444405
2700.0 0.02254618832043239
2701.0 0.02296842448413372
2702.0 0.023071021905967166
2703.0 0.023299683736903328
2704.0 0.02348597826702254
2705.0 0.023156675483499256
2706.0 0.02261716952281339
2707.0 0.022705900349787304
2708.0 0.022601492702960968
2709.0 0.022242652837719236
2710.0 0.02251254596880504
2711.0 0.02281117865017482
2712.0 0.023208031750151088
2713.0 0.023709561675786972
2714.0 0.02325657196342945
2715.0 0.02347765586205891
2716.0 0.023938575706311634
2717.0 0.023241277996982848
2718.0 0.023178773745894433
2719.0 0.02288533422563757
2720.0 0.023016580141016416
2721.0 0.02352184796971934
2722.0 0.023493839800357817
2723.0 0.023499964816229683
2724.0 0.023947646734969956
2725.0 0.024486828222870828
2726.0 0.02482388764619827
2727.0 0.02456435076892376
2728.0 0.0233231144292014
2729.0 0.023035228199192456
2730.0 0.024235645362309047
2731.0 0.02367941667991025
2732.0 0.02322937489620277
2733.0 0.02373422613101346
2734.0 0.024117264630539075
2735.0 0.024655190323080334
2736.0 0.024700272136500903
2737.0 0.024548411475760597
2738.0 0.024958303144999913
2739.0 0.025288140401244164
2740.0 0.024708572668688637
2741.0 0.024496070402009146
2742.0 0.024781129296336857
2743.0 0.024376192263194492
2744.0 0.02487912034349782
2745.0 0.02512789113180978
2746.0 0.025317656780992237
2747.0 0.02510034665465355
2748.0 0.02465526195509093
2749.0 0.025265045197946683
2750.0 0.025943166496498245
2751.0 0.025242723152041437
2752.0 0.024790229648351668
2753.0 0.02526924077953611
2754.0 0.024775036317961557
2755.0 0.02467618802828448
2756.0 0.0246645520308188
2757.0 0.025020163133740426
2758.0 0.02510608083435467
2759.0 0.02427132177565779
2760.0 0.024318612526570048
2761.0 0.025174942506211145
2762.0 0.025539852519120488
2763.0 0.02526058629155159
2764.0 0.024315056417669567
2765.0 0.0242095806236778
2766.0 0.02486962138542107
2767.0 0.025543827563524246
2768.0 0.025262938759156636
2769.0 0.024398237200719968
2770.0 0.024493190167205674
2771.0 0.025007978507450648
2772.0 0.02463564979178565
2773.0 0.02443246612591403
2774.0 0.024663571161883217
2775.0 0.025330455281904765
2776.0 0.024750035096492085
2777.0 0.0246965158198561
2778.0 0.02499445847102574
2779.0 0.02511068359017372
2780.0 0.026375080911176546
2781.0 0.025879446736403872
2782.0 0.024321020181689943
2783.0 0.024775303580931256
2784.0 0.025386703333684375
2785.0 0.02534985579550266
2786.0 0.025131543778947423
2787.0 0.02488778398505279
2788.0 0.025553225672670772
2789.0 0.025765033279146466
2790.0 0.02527194411626884
2791.0 0.025929371852959904
2792.0 0.026305542886257173
2793.0 0.025386758148670197
2794.0 0.02484621261911733
2795.0 0.024408523312636782
2796.0 0.024543611652084758
2797.0 0.024531927332282065
2798.0 0.024439228272863798
2799.0 0.024472319068653242
2800.0 0.024771147913166456
2801.0 0.02497017229241984
2802.0 0.025008886839662278
2803.0 0.025000354487981116
2804.0 0.02472220914704459
2805.0 0.02444710252540452
2806.0 0.02445475081247943
2807.0 0.024635304297719682
2808.0 0.02409611509314605
2809.0 0.024584827891417912
2810.0 0.02501513266137668
2811.0 0.024398814886808395
2812.0 0.024482315885169165
2813.0 0.024789008657847132
2814.0 0.024996266035096987
2815.0 0.024790744110941888
2816.0 0.024596469742911204
2817.0 0.02418855939592634
2818.0 0.02408690644162042
2819.0 0.024341622154627526
2820.0 0.02468952728169305
2821.0 0.025929114275744982
2822.0 0.026091182178684644
2823.0 0.02566930859216622
2824.0 0.024569532700947354
2825.0 0.02438548840582371
2826.0 0.024566021668059487
2827.0 0.023766261977808817
2828.0 0.02372280290084226
2829.0 0.02479817063680717
2830.0 0.024870722581233295
2831.0 0.023790469552789417
2832.0 0.0231908382581813
2833.0 0.023447603253381594
2834.0 0.023655550980142184
2835.0 0.023930987981813295
2836.0 0.02421557977795601
2837.0 0.024627067680869783
2838.0 0.024978045906339372
2839.0 0.024750321464879172
2840.0 0.02435836967613016
2841.0 0.024486018397978374
2842.0 0.024507533918534007
2843.0 0.024377015445913586
2844.0 0.023896055296063423
2845.0 0.02361765562423638
2846.0 0.023724603333643506
2847.0 0.024131795444658825
2848.0 0.024151544006807465
2849.0 0.023273911593215808
2850.0 0.023471957232270923
2851.0 0.02419659223939691
2852.0 0.023177056866032737
2853.0 0.022884278105837957
2854.0 0.023732971985425268
2855.0 0.023590582822050368
2856.0 0.023875975821699414
2857.0 0.02368748150765896
2858.0 0.02366328878062112
2859.0 0.023946387001446315
2860.0 0.023513738864234517
2861.0 0.022969653829932213
2862.0 0.023318993725946972
2863.0 0.02360442296734878
2864.0 0.022925834251301628
2865.0 0.02242239463542189
2866.0 0.02289523221552372
2867.0 0.022966225871018
2868.0 0.022170749785644667
2869.0 0.02150586588042123
2870.0 0.022144183622939247
2871.0 0.022253909281321933
2872.0 0.022471206528799876
2873.0 0.022515858496938435
2874.0 0.022549863957933017
2875.0 0.022654636417116437
2876.0 0.022584112946476255
2877.0 0.02313395781176431
2878.0 0.02307910163487707
2879.0 0.02259330786764622
2880.0 0.023135407215782573
2881.0 0.023560559004545213
2882.0 0.02328345828822681
2883.0 0.022990602680615018
2884.0 0.022938226535916328
2885.0 0.02306174540093967
2886.0 0.023236410905207908
2887.0 0.023192277444260462
2888.0 0.022800081968307497
2889.0 0.022020256678972925
2890.0 0.021872138285211156
2891.0 0.022367867082357405
2892.0 0.022594299114176205
2893.0 0.023156168152179038
2894.0 0.02342573255300522
2895.0 0.02307406041238989
2896.0 0.02260655579822404
2897.0 0.0220352904605014
2898.0 0.021987031746123518
2899.0 0.022370003163814545
2900.0 0.023000921308994293
2901.0 0.02373043415801866
2902.0 0.02384153865277767
2903.0 0.023862262283052715
2904.0 0.023698088260633604
2905.0 0.023818022065929003
2906.0 0.02405973012958254
2907.0 0.024403348405446324
2908.0 0.024538800226790565
2909.0 0.023476738802024295
2910.0 0.022817987097161156
2911.0 0.023095276366387096
2912.0 0.023301379276173456
2913.0 0.022720226113285336
2914.0 0.02225561285657542
2915.0 0.021670406524624142
2916.0 0.02193505396800382
2917.0 0.023209354494299207
2918.0 0.023257290838020188
2919.0 0.023011745352830206
2920.0 0.023230705090931485
2921.0 0.023235792719892092
2922.0 0.023131631261536053
2923.0 0.022709598072937556
2924.0 0.02288204931787082
2925.0 0.023209179937839507
2926.0 0.023686401599219867
2927.0 0.02416372096964291
2928.0 0.02440374344587326
2929.0 0.024140959871666774
2930.0 0.022581094237310546
2931.0 0.02236311174929142
2932.0 0.022791394325239318
2933.0 0.02255266926118306
2934.0 0.023458608772073473
2935.0 0.023821059774075237
2936.0 0.023282719988908088
2937.0 0.02265223961855684
2938.0 0.021805520462138312
2939.0 0.021093783367957388
2940.0 0.02159885721547263
2941.0 0.02238727898469993
2942.0 0.022023876809648107
2943.0 0.021796044228332385
2944.0 0.022460680401750973
2945.0 0.02262328059545585
2946.0 0.02194736445588725
2947.0 0.022052730353815216
2948.0 0.023454363644123077
2949.0 0.023456610207046782
2950.0 0.02261385630284037
2951.0 0.02199691544686045
2952.0 0.022033454105257987
2953.0 0.022797003015875818
2954.0 0.023018821541752135
2955.0 0.02329537831246853
2956.0 0.022948633187583514
2957.0 0.023453348608953612
2958.0 0.024330476618238856
2959.0 0.023772721152220455
2960.0 0.02277028454201562
2961.0 0.02246430122426578
2962.0 0.02300756573677063
2963.0 0.023336453682609965
2964.0 0.02297512697322028
2965.0 0.02302881862436022
2966.0 0.022330101818910666
2967.0 0.02210729428167854
2968.0 0.022690940754754203
2969.0 0.023159902117082052
2970.0 0.023518765291997364
2971.0 0.022960283926555088
2972.0 0.02225250495331628
2973.0 0.02232303007372788
2974.0 0.023136778441923005
2975.0 0.023335075644510133
2976.0 0.022131579049995968
2977.0 0.021975318182791984
2978.0 0.022757486999034883
2979.0 0.023953533119388987
2980.0 0.02415366066353662
2981.0 0.023458706587553023
2982.0 0.02272362591964858
2983.0 0.023195158636995724
2984.0 0.02378464766911098
2985.0 0.022842375295502797
2986.0 0.022601872789008277
2987.0 0.02359748035669327
2988.0 0.02377914781016963
2989.0 0.02388195517872061
2990.0 0.0239958042544978
2991.0 0.02352730839380196
2992.0 0.023502028094870703
2993.0 0.023791639027850968
2994.0 0.024033276151333535
2995.0 0.023721416081701006
2996.0 0.023484322748013906
2997.0 0.02401576435991696
2998.0 0.02430471394743238
2999.0 0.023414353866662296
3000.0 0.0214802979358605
3001.0 0.021343682599919183
3002.0 0.022889970828379902
3003.0 0.024174357471721513
3004.0 0.024135368264147212
3005.0 0.023458626866340638
3006.0 0.023521656383361136
3007.0 0.0229570919913905
3008.0 0.0224813526230199
3009.0 0.02296522914298943
3010.0 0.023803106748632022
3011.0 0.02303883720721517
3012.0 0.02264286976839815
3013.0 0.02351428728018488
3014.0 0.0231565032686506
3015.0 0.02203260739999158
3016.0 0.021614494121500422
3017.0 0.022594164897288594
3018.0 0.022810987596000944
3019.0 0.022046748868056704
3020.0 0.022923329632197106
3021.0 0.02331242050443377
3022.0 0.023375457099505833
3023.0 0.023090871104172298
3024.0 0.023084487127406256
3025.0 0.023510647671563283
3026.0 0.023599340819886752
3027.0 0.023031092647995268
3028.0 0.022704154306224415
3029.0 0.02326495684683323
3030.0 0.023590485751628875
3031.0 0.02371970351253237
3032.0 0.022867719722645622
3033.0 0.021755843237042428
3034.0 0.022010065615177155
3035.0 0.022715133056044577
3036.0 0.023046105674334936
3037.0 0.02297755368053913
3038.0 0.02307245885687215
3039.0 0.02347249122602599
3040.0 0.024047296813556125
3041.0 0.024393381657344955
3042.0 0.023741478632603372
3043.0 0.02239951001746314
3044.0 0.02237319105437824
3045.0 0.022445865454418318
3046.0 0.02177772420857634
3047.0 0.022365716259394375
3048.0 0.023193185297506195
3049.0 0.023118752294353076
3050.0 0.022725765513522286
3051.0 0.02266580169754369
3052.0 0.022316294323120798
3053.0 0.022328079332198415
3054.0 0.022482007050088473
3055.0 0.022099643519946508
3056.0 0.021942354791930744
3057.0 0.021869572464908872
3058.0 0.0227632787078619
3059.0 0.023111202833907944
3060.0 0.023122264125517437
3061.0 0.022600855891193664
3062.0 0.021768104285001755
3063.0 0.022117014974355698
3064.0 0.022700140146272522
3065.0 0.022860018855759074
3066.0 0.023720156561051097
3067.0 0.023742034605571203
3068.0 0.0229938200541905
3069.0 0.021770873772246496
3070.0 0.021159168226378304
3071.0 0.022249960952571462
3072.0 0.022565640722002303
3073.0 0.022074889657752856
3074.0 0.021389819734862873
3075.0 0.021382302631224905
3076.0 0.021661212401730672
3077.0 0.021529864839145114
3078.0 0.021995045830096517
3079.0 0.022583164061818803
3080.0 0.02271305365221841
3081.0 0.02254234706716878
3082.0 0.02179693712719849
3083.0 0.021846665229116168
3084.0 0.02175890260509082
3085.0 0.022649710465754782
3086.0 0.023029233302388874
3087.0 0.02238735556602478
3088.0 0.021572721696325712
3089.0 0.02137589646237237
3090.0 0.02231163020644869
3091.0 0.023291774360196933
3092.0 0.02302119864949158
3093.0 0.02270487185035433
3094.0 0.02306571224970477
3095.0 0.02225046721952302
3096.0 0.0217363177133458
3097.0 0.02176345411155905
3098.0 0.02179027646780014
3099.0 0.02146756835281849
3100.0 0.02135129187788282
3101.0 0.02217594747032438
3102.0 0.022599079513124058
3103.0 0.022481978578226907
3104.0 0.022498429885932376
3105.0 0.022450971443738255
3106.0 0.022511115883077894
3107.0 0.022670568685446466
3108.0 0.02243293704731124
3109.0 0.022160777396389417
3110.0 0.021802876091429165
3111.0 0.02150347727750029
3112.0 0.022482546844652722
3113.0 0.02270196777369295
3114.0 0.02209176187004362
3115.0 0.02253420917051179
3116.0 0.022611005710703985
3117.0 0.022065552377275057
3118.0 0.021598488624606813
3119.0 0.021443467534014157
3120.0 0.021700274837868554
3121.0 0.021676153583186013
3122.0 0.02207870302455766
3123.0 0.022926022005932672
3124.0 0.0234503516129085
3125.0 0.023535675342593876
3126.0 0.02311144710651466
3127.0 0.022487571675862586
3128.0 0.02152565951858248
3129.0 0.021515684095876557
3130.0 0.022298852301069667
3131.0 0.022849438712000847
3132.0 0.02282336029623236
3133.0 0.022877128794789314
3134.0 0.02257744957293783
3135.0 0.02233076718236719
3136.0 0.022796090319752695
3137.0 0.02281693433012281
3138.0 0.022438692354730196
3139.0 0.022723396122455598
3140.0 0.02318650297820568
3141.0 0.0225396136620215
3142.0 0.022071021635617527
3143.0 0.022285797446966172
3144.0 0.021443008950778417
3145.0 0.021020704986793655
3146.0 0.02178855799138546
3147.0 0.02218246294983796
3148.0 0.022056901029178073
3149.0 0.02241033613681793
3150.0 0.02248758247920445
3151.0 0.022147292058382714
3152.0 0.022561109864286014
3153.0 0.02275058265243258
3154.0 0.022201561448829513
3155.0 0.0217958998467241
3156.0 0.021975033357739447
3157.0 0.022547468276960508
3158.0 0.022468133217522075
3159.0 0.022203501686453818
3160.0 0.02259172137294497
3161.0 0.022551577112504415
3162.0 0.022221269831061364
3163.0 0.02162597722240857
3164.0 0.020695930027535985
3165.0 0.021123803460172244
3166.0 0.021741339777197156
3167.0 0.02205725312232971
3168.0 0.02202061899006367
3169.0 0.021981216807450566
3170.0 0.022457554563879968
3171.0 0.022286593647939817
3172.0 0.02187038984681879
3173.0 0.02124696650675365
3174.0 0.02074404007622174
3175.0 0.02163408414593765
3176.0 0.02199759302394731
3177.0 0.021307583578995298
3178.0 0.021401421300002506
3179.0 0.021300477694187844
3180.0 0.021592732146382333
3181.0 0.021448305462087904
3182.0 0.0210010575396674
3183.0 0.021693375280925204
3184.0 0.022340416269642966
3185.0 0.021950237719076022
3186.0 0.021659297283206667
3187.0 0.021375001381550518
3188.0 0.02216557413339615
3189.0 0.0231200778058597
3190.0 0.02282201855310372
3191.0 0.022785619646310807
3192.0 0.02239639950650079
3193.0 0.021780737116932868
3194.0 0.02239335152719702
3195.0 0.022610624081322125
3196.0 0.021622101536818913
3197.0 0.02068985365331173
3198.0 0.02138568540768964
3199.0 0.022556948023183004
3200.0 0.02249300160578319
3201.0 0.022227791750005315
3202.0 0.021498247502105577
3203.0 0.02125826877142702
3204.0 0.022156138984220367
3205.0 0.022511253718818937
3206.0 0.021976377282823836
3207.0 0.02121359338717801
3208.0 0.02110966784613473
3209.0 0.021393430924841337
3210.0 0.020898087402539595
3211.0 0.02122061356369938
3212.0 0.02177767569997481
3213.0 0.022473839111626148
3214.0 0.023087037833673614
3215.0 0.022361637918012482
3216.0 0.022494702679770332
3217.0 0.02248644456267357
3218.0 0.022011370956897737
3219.0 0.02226805905146258
3220.0 0.02225094059748309
3221.0 0.022520270251802036
3222.0 0.022794704671416963
3223.0 0.022351069429091045
3224.0 0.021248112033520426
3225.0 0.02105849183031491
3226.0 0.021925800506557735
3227.0 0.022802057064005305
3228.0 0.02270329993750368
3229.0 0.022755536703126772
3230.0 0.0224221440830401
3231.0 0.021990499272942544
3232.0 0.02183415793946811
3233.0 0.02160567795591695
3234.0 0.021233827461089406
3235.0 0.020607057799186024
3236.0 0.02072055691054889
3237.0 0.02200241232556956
3238.0 0.022233437640326363
3239.0 0.021736002128039087
3240.0 0.021198015713265964
3241.0 0.021073485165834425
3242.0 0.021872233333332197
3243.0 0.02268253963972841
3244.0 0.022029025639806476
3245.0 0.021713690033980777
3246.0 0.022072829572217807
3247.0 0.02169123249394553
3248.0 0.02190952795956816
3249.0 0.022163269030196327
3250.0 0.02271301437701498
3251.0 0.023025072738528253
3252.0 0.022572244384459088
3253.0 0.022371712007692883
3254.0 0.022518875609551157
3255.0 0.021932030735271318
3256.0 0.021344616423760142
3257.0 0.0217772797282253
3258.0 0.021596552857330868
3259.0 0.020876915752887727
3260.0 0.0212016869868551
3261.0 0.021455981635621617
3262.0 0.02134155226605279
3263.0 0.021561673123921668
3264.0 0.02154572403856686
3265.0 0.021367040649056434
3266.0 0.021742692164012364
3267.0 0.021601594718439237
3268.0 0.021201727166771888
3269.0 0.02103996335395745
3270.0 0.020852104468005044
3271.0 0.020582098567060062
3272.0 0.02114029877952167
3273.0 0.021650575367467745
3274.0 0.02149779578404767
3275.0 0.0212874921304839
3276.0 0.02138140393154962
3277.0 0.02126218139060906
3278.0 0.021033618865268573
3279.0 0.021288000206862178
3280.0 0.021062707315598214
3281.0 0.02081758693924972
3282.0 0.02132718823850155
3283.0 0.021679435457502092
3284.0 0.022141815828425542
3285.0 0.022261511800544604
3286.0 0.02187923565506935
3287.0 0.021676559799483845
3288.0 0.02172383586210864
3289.0 0.021736802213958333
3290.0 0.021410084888339044
3291.0 0.021859181938426835
3292.0 0.021657614782452584
3293.0 0.02149180732667446
3294.0 0.021268309014184136
3295.0 0.02107666725558894
3296.0 0.021374425292015074
3297.0 0.021833260889564242
3298.0 0.021829949425799505
3299.0 0.021768356593591828
3300.0 0.020898812956043653
3301.0 0.021725461685231755
3302.0 0.02244811872286456
3303.0 0.021619567275047304
3304.0 0.021279536773051534
3305.0 0.021545099200946945
3306.0 0.021991514627422604
3307.0 0.021594299376010893
3308.0 0.020606600493192673
3309.0 0.0210415710828134
3310.0 0.021215723614607537
3311.0 0.02035375109740666
3312.0 0.02062885064099516
3313.0 0.021658318276916232
3314.0 0.02235668706042426
3315.0 0.021553554545555798
3316.0 0.020675203310591833
3317.0 0.02055551867399897
3318.0 0.021104338605489048
3319.0 0.02111890677894865
3320.0 0.020976073454533305
3321.0 0.020970104155795914
3322.0 0.02035012404833521
3323.0 0.01998722106218338
3324.0 0.02031331104891641
3325.0 0.02055274248123169
3326.0 0.02073912311877523
3327.0 0.02103030356977667
3328.0 0.021401082777551244
3329.0 0.02150469182857445
3330.0 0.02116322352417878
3331.0 0.02098621390759945
3332.0 0.020716834174735205
3333.0 0.02076162328677518
3334.0 0.020885608079177994
3335.0 0.020929804284657752
3336.0 0.020395145778145107
3337.0 0.01969384199806622
3338.0 0.019722023420035838
3339.0 0.020705794489809446
3340.0 0.02148039128099169
3341.0 0.02080840596130916
3342.0 0.020623415362622056
3343.0 0.02116225686456476
3344.0 0.02056056676166398
3345.0 0.019913747214845248
3346.0 0.020352243578859737
3347.0 0.02011498814182622
3348.0 0.01959436743387154
3349.0 0.019600785124514783
3350.0 0.020729943684169225
3351.0 0.02095261152301516
3352.0 0.020617158764175008
3353.0 0.02054468515728201
3354.0 0.020190372158374104
3355.0 0.020417908898421697
3356.0 0.020736687098230636
3357.0 0.020736954148326603
3358.0 0.020308062274541173
3359.0 0.02022066472896508
3360.0 0.020615710823663643
3361.0 0.020065818647188798
3362.0 0.020034756804151194
3363.0 0.0211388072265046
3364.0 0.021401212577308926
3365.0 0.021133697565112797
3366.0 0.02054660990834236
3367.0 0.02008442889366831
3368.0 0.020878583458917483
3369.0 0.020737818947860174
3370.0 0.020399049030882972
3371.0 0.02021831502871854
3372.0 0.02027004307934216
3373.0 0.021730989270976612
3374.0 0.022468767847333634
3375.0 0.02155544353382928
3376.0 0.02060163856617042
3377.0 0.020644479191729
3378.0 0.020824754344565526
3379.0 0.020435275616390365
3380.0 0.019782011503619808
3381.0 0.02007518160556044
3382.0 0.020220700278878213
3383.0 0.01981673687696457
3384.0 0.02013807451086385
3385.0 0.02044783341033118
3386.0 0.020671632034437996
3387.0 0.020548284266676223
3388.0 0.020167467743158342
3389.0 0.020414739208562033
3390.0 0.020576685294508935
3391.0 0.020735762321523257
3392.0 0.02065019660762378
3393.0 0.02024572401174477
3394.0 0.02031968789441245
3395.0 0.020506644355399267
3396.0 0.020428448596170972
3397.0 0.02045593932271004
3398.0 0.020712559936302048
3399.0 0.021288292482495308
3400.0 0.02118512381400381
3401.0 0.02106464821845293
3402.0 0.021352645408894335
3403.0 0.02126385558928762
3404.0 0.020927408071500914
3405.0 0.020951080215828758
3406.0 0.020562488532492092
3407.0 0.020775529609194824
3408.0 0.02149325127580336
3409.0 0.021606585330196788
3410.0 0.02105345523783139
3411.0 0.020226560346782208
3412.0 0.020281173581523555
3413.0 0.020627313586218016
3414.0 0.020477022443498884
3415.0 0.020144486480525563
3416.0 0.020643893256783487
3417.0 0.02085892063166414
3418.0 0.020843260469181196
3419.0 0.020859666541218756
3420.0 0.020031518888260637
3421.0 0.020276050163166862
3422.0 0.02047613002359867
3423.0 0.020250798854976892
3424.0 0.02050220046658069
3425.0 0.02023978377027171
3426.0 0.01960174116705145
3427.0 0.020160395332745145
3428.0 0.02073351147451571
3429.0 0.020856540463864804
3430.0 0.02023003197142056
3431.0 0.01995592290269477
3432.0 0.020133328890161856
3433.0 0.020429998370153562
3434.0 0.020853370907051222
3435.0 0.021305021696857045
3436.0 0.021531170925923757
3437.0 0.020609971189073154
3438.0 0.01993294134736061
3439.0 0.02027476110628673
3440.0 0.020698710078639642
3441.0 0.020298999521349156
3442.0 0.02058296480349132
3443.0 0.02069104409643582
3444.0 0.02080226982278483
3445.0 0.02078270646078246
3446.0 0.020852669913853917
3447.0 0.021135290446025985
3448.0 0.02078010964074305
3449.0 0.020302115646856172
3450.0 0.020625839808157513
3451.0 0.020495261677673886
3452.0 0.02070700153708458
3453.0 0.020889907915677342
3454.0 0.021359222754836083
3455.0 0.021887705421873502
3456.0 0.020630167398069586
3457.0 0.019895791741354123
3458.0 0.020747949928045274
3459.0 0.021208177240831513
3460.0 0.020771862726126397
3461.0 0.020243426359125547
3462.0 0.020803622901439667
3463.0 0.020939824730157854
3464.0 0.02021429104996579
3465.0 0.019519968490515436
3466.0 0.02006349816386189
3467.0 0.020337489406977383
3468.0 0.020733889458434924
3469.0 0.02082509504897254
3470.0 0.020710514432617597
3471.0 0.02041436859539577
3472.0 0.01929007087435041
3473.0 0.01899817633841719
3474.0 0.01903936399945191
3475.0 0.019173225121838704
3476.0 0.019625806755253248
3477.0 0.02018299847841263
3478.0 0.020424989983439445
3479.0 0.019889479928783007
3480.0 0.019907100977642197
3481.0 0.019863939844071865
3482.0 0.019924555612461908
3483.0 0.02042513218309198
3484.0 0.02070755586028099
3485.0 0.020860871512975013
3486.0 0.02070568097489221
3487.0 0.02046173041952508
3488.0 0.019968361114817007
3489.0 0.01913213144455637
3490.0 0.018855079955288342
3491.0 0.02001350335776806
3492.0 0.020837570939745222
3493.0 0.020763749043856347
3494.0 0.020976357055561883
3495.0 0.020668757653662138
3496.0 0.020186306749071393
3497.0 0.019958283033754146
3498.0 0.021068690956703256
3499.0 0.021243278575795038
3500.0 0.020874681909169468
3501.0 0.020644286328128408
3502.0 0.020013259457690374
3503.0 0.01988632596497025
3504.0 0.0199728183980499
3505.0 0.020017985201307705
3506.0 0.019725616968103817
3507.0 0.01949390758361135
3508.0 0.019593256392649243
3509.0 0.019872167387178966
3510.0 0.01978896808411394
3511.0 0.01966841191585575
3512.0 0.01972484492829868
3513.0 0.02005517871252128
3514.0 0.020072972987379346
3515.0 0.020209935094629015
3516.0 0.019796704554132055
3517.0 0.01951463536492416
3518.0 0.01996380782553128
3519.0 0.020923618280461857
3520.0 0.02132489053266389
3521.0 0.021088907441922596
3522.0 0.0204929420458419
3523.0 0.019881292645420347
3524.0 0.01983701530843973
3525.0 0.019842898260269845
3526.0 0.020481717001114574
3527.0 0.020561960499201504
3528.0 0.020336117861526355
3529.0 0.020272900430219513
3530.0 0.020033423070396697
3531.0 0.020371135430676597
3532.0 0.020796200526612147
3533.0 0.020798132275896414
3534.0 0.02036624335284744
3535.0 0.019206051608281476
3536.0 0.01935597195156983
3537.0 0.019844644995672362
3538.0 0.019615744213972774
3539.0 0.019500181983624187
3540.0 0.019702205806970595
3541.0 0.020007274672389032
3542.0 0.019734993843095645
3543.0 0.02014419021350997
3544.0 0.02052815029663699
3545.0 0.020030294039419718
3546.0 0.0193849080907447
3547.0 0.01937248972909791
3548.0 0.01948441586324147
3549.0 0.01981362056519304
3550.0 0.01999707610479423
3551.0 0.020756063663533757
3552.0 0.02085663287767342
3553.0 0.020188310156975475
3554.0 0.01995118654200009
3555.0 0.020051574866686548
3556.0 0.020096626372209617
3557.0 0.01955365990953786
3558.0 0.019120638391801288
3559.0 0.019294403892542635
3560.0 0.019615219586661885
3561.0 0.019753487514598028
3562.0 0.01937848169888769
3563.0 0.018843993172049524
3564.0 0.018608718258993965
3565.0 0.0195451518786805
3566.0 0.020160161437732832
3567.0 0.019591559709182808
3568.0 0.018571823968419006
3569.0 0.018218066303857736
3570.0 0.018873975425958634
3571.0 0.018600627513868467
3572.0 0.018340993353298734
3573.0 0.019474380144051142
3574.0 0.020386234670877457
3575.0 0.019469338761908667
3576.0 0.01831466518342495
3577.0 0.01901293181415115
3578.0 0.01902732149298702
3579.0 0.018307256405907017
3580.0 0.018368122886334146
3581.0 0.018114600383809635
3582.0 0.01841388823730605
3583.0 0.018121857781495367
3584.0 0.018036333338490553
3585.0 0.01824024702821459
3586.0 0.018139721506408284
3587.0 0.01785243515457426
3588.0 0.019694916238742217
3589.0 0.019620187766849994
3590.0 0.01852675953081676
3591.0 0.01832546272448131
3592.0 0.017611453389482837
3593.0 0.017392769136599134
3594.0 0.016654029678154204
3595.0 0.016645905668182033
3596.0 0.015523290149576496
3597.0 0.01582639706986291
3598.0 0.016228208413148034
3599.0 0.015985213810511465
3600.0 0.016375135244535547
3601.0 0.01601899747869798
3602.0 0.015954354844455208
3603.0 0.015656484656834176
3604.0 0.017522448214835354
3605.0 0.015322055162063667
3606.0 0.015733909560367465
3607.0 0.017082890522267136
3608.0 0.01587099955974866
3609.0 0.015803354785644583
3610.0 0.01630611916937466
3611.0 0.03136464369350246
3612.0 0.04092643524054438
3613.0 0.03306321985354381
3614.0 0.0531254805624485
3615.0 0.009627856514063232
3616.0 -0.009598045397017684
3617.0 -0.0524937094787934
3618.0 -0.004537290640707527
3619.0 0.00269804959285206
3620.0 0.060958596052868026
3621.0 0.09150687026558443
3622.0 0.05162357666662761
3623.0 0.001626855883348201
3624.0 0.04787232143155831
3625.0 0.05612399700496878
3626.0 0.0448480553259807
3627.0 0.13519409940178906
3628.0 0.05831976590145912
3629.0 0.00826425957493484
3630.0 0.07000765020826033
3631.0 0.05213080057874322
3632.0 0.0065520768985152245
3633.0 0.03644804555390562
3634.0 -0.002461783348449639
3635.0 -0.0016482518054544925
3636.0 0.037453465316710725
3637.0 0.06723513170810683
3638.0 0.039246615702618975
3639.0 0.05453379679737347
3640.0 0.0007287703986678805
3641.0 0.02599892556234928
3642.0 0.05873994079551526
3643.0 0.010463694496346371
3644.0 0.041023098384695394
3645.0 -0.0076426244473883085
3646.0 0.014487781508692673
3647.0 0.031292038118200645
3648.0 0.01592672179852213
3649.0 0.03440436835267714
3650.0 0.07562070528843573
3651.0 0.06401147387389626
3652.0 0.03310380165598222
3653.0 0.057164783935461726
3654.0 -0.01431474390306643
3655.0 0.0056038612765925274
3656.0 -0.011646692707602466
3657.0 -0.009685853788895266
3658.0 -0.01725752480061991
3659.0 -0.012871369905769824
3660.0 0.018463049216994216
3661.0 0.057408918174249784
3662.0 0.03289109351379531
3663.0 0.03906776218542031
3664.0 0.09926862072731768
3665.0 0.056468080835683006
3666.0 0.04843245204538107
3667.0 0.02105482856443684
3668.0 0.056416816051517216
3669.0 0.09090309140405485
3670.0 0.1278905580385721
3671.0 0.006007856769221169
3672.0 0.006748397648334503
3673.0 0.035265885293483734
3674.0 0.03528426906892231
3675.0 0.004516592621803284
3676.0 0.0
3677.0 0.0
3678.0 0.0
3679.0 0.0
3680.0 0.0
3681.0 0.0
3682.0 0.0
3683.0 0.0
3684.0 0.0
3685.0 0.0
3686.0 0.0
3687.0 0.0
3688.0 0.0
3689.0 0.0
3690.0 0.0
3691.0 0.0
3692.0 0.0
3693.0 0.0
3694.0 0.0
3695.0 0.0
3696.0 0.0
3697.0 0.0
3698.0 0.0
3699.0 0.0
3700.0 0.0
3701.0 0.0
3702.0 0.0
3703.0 0.0
3704.0 0.0
3705.0 0.0
3706.0 0.0
3707.0 0.0
3708.0 0.0
3709.0 0.0
3710.0 0.0
3711.0 0.0
3712.0 0.0
3713.0 0.0
3714.0 0.0
3715.0 0.0
3716.0 0.0
3717.0 0.0
3718.0 0.0
3719.0 0.0
3720.0 0.0
3721.0 0.0
3722.0 0.0
3723.0 0.0
3724.0 0.0
3725.0 0.0
3726.0 0.0
3727.0 0.0
3728.0 0.0
3729.0 0.0
3730.0 0.0
3731.0 0.0
3732.0 0.0
3733.0 0.0
3734.0 0.0
3735.0 0.0
3736.0 0.0
3737.0 0.0
3738.0 0.0
3739.0 0.0
3740.0 0.0
3741.0 0.0
3742.0 0.0
3743.0 0.0
3744.0 0.0
3745.0 0.0
3746.0 0.0
3747.0 0.0
3748.0 0.0
3749.0 0.0
3750.0 0.0
3751.0 0.0
3752.0 0.0
3753.0 0.0
3754.0 0.0
3755.0 0.0
3756.0 0.0
3757.0 0.0
3758.0 0.0
3759.0 0.0
3760.0 0.0
3761.0 0.0
3762.0 0.0
3763.0 0.0
3764.0 0.0
3765.0 0.0
3766.0 0.0
3767.0 0.0
3768.0 0.0
3769.0 0.0
3770.0 0.0
3771.0 0.0
3772.0 0.0
3773.0 0.0
3774.0 0.0
3775.0 0.0
3776.0 0.0
3777.0 0.0
3778.0 0.0
3779.0 0.0
3780.0 0.0
3781.0 0.0
3782.0 0.0
3783.0 0.0
3784.0 0.0
3785.0 0.0
3786.0 0.0
3787.0 0.0
3788.0 0.0
3789.0 0.0
3790.0 0.0
3791.0 0.0
3792.0 0.0
3793.0 0.0
3794.0 0.0
3795.0 0.0
3796.0 0.0
3797.0 0.0
3798.0 0.0
3799.0 0.0
3800.0 0.0
3801.0 0.0
3802.0 0.0
3803.0 0.0
3804.0 0.0
3805.0 0.0
3806.0 0.0
3807.0 0.0
3808.0 0.0
3809.0 0.0
3810.0 0.0
3811.0 0.0
3812.0 0.0
3813.0 0.0
3814.0 0.0
3815.0 0.0
3816.0 0.0
3817.0 0.0
3818.0 0.0
3819.0 0.0
3820.0 0.0
3821.0 0.0
3822.0 0.0
3823.0 0.0
3824.0 0.0
3825.0 0.0
3826.0 0.0
3827.0 0.0
3828.0 0.0
3829.0 0.0
3830.0 0.0
3831.0 0.0
3832.0 0.0
3833.0 0.0
3834.0 0.0
3835.0 0.0
3836.0 0.0
3837.0 0.0
3838.0 0.0
3839.0 0.0
3840.0 0.0
3841.0 0.0
3842.0 0.0
3843.0 0.0
3844.0 0.0
3845.0 0.0
3846.0 0.0
3847.0 0.0
3848.0 0.0
3849.0 0.0
3850.0 0.0
3851.0 0.0
3852.0 0.0
3853.0 0.0
3854.0 0.0
3855.0 0.0
3856.0 0.0
3857.0 0.0
3858.0 0.0
3859.0 0.0
3860.0 0.0
3861.0 0.0
3862.0 0.0
3863.0 0.0
3864.0 0.0
3865.0 0.0
3866.0 0.0
3867.0 0.0
3868.0 0.0
3869.0 0.0
3870.0 0.0
3871.0 0.0
3872.0 0.0
3873.0 0.0
3874.0 0.0
3875.0 0.0
3876.0 0.0
3877.0 0.0
3878.0 0.0
3879.0 0.0
3880.0 0.0
3881.0 0.0
3882.0 0.0
3883.0 0.0
3884.0 0.0
3885.0 0.0
3886.0 0.0
3887.0 0.0
3888.0 0.0
3889.0 0.0
3890.0 0.0
3891.0 0.0
3892.0 0.0
3893.0 0.0
3894.0 0.0
3895.0 0.0
3896.0 0.0
3897.0 0.0
3898.0 0.0
3899.0 0.0
3900.0 0.0
3901.0 0.0
3902.0 0.0
3903.0 0.0
3904.0 0.0
3905.0 0.0
3906.0 0.0
3907.0 0.0
3908.0 0.0
3909.0 0.0
3910.0 0.0
3911.0 0.0
3912.0 0.0
3913.0 0.0
3914.0 0.0
3915.0 0.0
3916.0 0.0
3917.0 0.0
3918.0 0.0
3919.0 0.0
3920.0 0.0
3921.0 0.0
3922.0 0.0
3923.0 0.0
3924.0 0.0
3925.0 0.0
3926.0 0.0
3927.0 0.0
3928.0 0.0
3929.0 0.0
3930.0 0.0
3931.0 0.0
3932.0 0.0
3933.0 0.0
3934.0 0.0
3935.0 0.0
3936.0 0.0
3937.0 0.0
3938.0 0.0
3939.0 0.0
3940.0 0.0
3941.0 0.0
3942.0 0.0
3943.0 0.0
3944.0 0.0
3945.0 0.0
3946.0 0.0
3947.0 0.0
3948.0 0.0
3949.0 0.0
3950.0 0.0
3951.0 0.0
3952.0 0.0
3953.0 0.0
3954.0 0.0
3955.0 0.0
3956.0 0.0
3957.0 0.0
3958.0 0.0
3959.0 0.0
3960.0 0.0
3961.0 0.0
3962.0 0.0
3963.0 0.0
3964.0 0.0
3965.0 0.0
3966.0 0.0
3967.0 0.0
3968.0 0.0
3969.0 0.0
3970.0 0.0
3971.0 0.0
3972.0 0.0
3973.0 0.0
3974.0 0.0
3975.0 0.0
3976.0 0.0
3977.0 0.0
3978.0 0.0
3979.0 0.0
3980.0 0.0
3981.0 0.0
3982.0 0.0
3983.0 0.0
3984.0 0.0
3985.0 0.0
3986.0 0.0
3987.0 0.0
3988.0 0.0
3989.0 0.0
3990.0 0.0
3991.0 0.0
3992.0 0.0
3993.0 0.0
3994.0 0.0
3995.0 0.0
3996.0 0.0
3997.0 0.0
3998.0 0.0
3999.0 0.0
4000.0 0.0
4001.0 0.0
4002.0 0.0
4003.0 0.0
4004.0 0.0
4005.0 0.0
4006.0 0.0
4007.0 0.0
4008.0 0.0
4009.0 0.0
4010.0 0.0
4011.0 0.0
4012.0 0.0
4013.0 0.0
4014.0 0.0
4015.0 0.0
4016.0 0.0
4017.0 0.0
4018.0 0.0
4019.0 0.0
4020.0 0.0
4021.0 0.0
4022.0 0.0
4023.0 0.0
4024.0 0.0
4025.0 0.0
4026.0 0.0
4027.0 0.0
4028.0 0.0
4029.0 0.0
4030.0 0.0
4031.0 0.0
4032.0 0.0
4033.0 0.0
4034.0 0.0
4035.0 0.0
4036.0 0.0
4037.0 0.0
4038.0 0.0
4039.0 0.0
4040.0 0.0
