1.0 0.14034260639122553
2.0 0.14063251316547393
3.0 0.1405099481344223
4.0 0.13969008539404187
5.0 0.13910675602299827
6.0 0.1384736325059618
7.0 0.13875216288225992
8.0 0.1400706687143871
9.0 0.14158504860741752
10.0 0.1416569620370865
11.0 0.14134763904980252
12.0 0.14167029219014304
13.0 0.14254529220717294
14.0 0.14401537690843855
15.0 0.14345303092684064
16.0 0.14260773701327187
17.0 0.1431474643094199
18.0 0.14359333515167236
19.0 0.14334084732191904
20.0 0.14353131779602596
21.0 0.14370749167033603
22.0 0.14344940994467054
23.0 0.14380987797464642
24.0 0.14323849252292087
25.0 0.14266540663582938
26.0 0.1430962894644056
27.0 0.14395446309021542
28.0 0.1445380232163838
29.0 0.14464381294591086
30.0 0.14447608632700784
31.0 0.14396088634218487
32.0 0.14366867542266845
33.0 0.14393366021769388
34.0 0.14388857313564846
35.0 0.14346498676708766
36.0 0.14292097219399044
37.0 0.14332272836140225
38.0 0.1438618255513055
39.0 0.14338408964020866
40.0 0.1434410333633423
41.0 0.1440097187246595
42.0 0.14383857803685324
43.0 0.14373517547334944
44.0 0.14449917674064636
45.0 0.1444715508392879
46.0 0.14410173084054675
47.0 0.144148097719465
48.0 0.14440292247704098
49.0 0.14517335423401423
50.0 0.1454246916941234
51.0 0.14542942430291858
52.0 0.14556464978626796
53.0 0.14597358192716325
54.0 0.14572704774992806
55.0 0.14499919371945516
56.0 0.14453253533158983
57.0 0.14484722529138838
58.0 0.1458566563470023
59.0 0.146484226839883
60.0 0.1463369812284197
61.0 0.14543049931526184
62.0 0.1448490159852164
63.0 0.14474095063550133
64.0 0.1450912982225418
65.0 0.14504658664975847
66.0 0.1444884649344853
67.0 0.14397403810705459
68.0 0.1448669216462544
69.0 0.14520733611924308
70.0 0.1448708653450012
71.0 0.14477353990077974
72.0 0.14499705731868745
73.0 0.14530651101044245
74.0 0.14485779404640198
75.0 0.14416351105485645
76.0 0.1435293516942433
77.0 0.1438342477594103
78.0 0.1440945497580937
79.0 0.14318569685731616
80.0 0.14351093428475517
81.0 0.14380456336906977
82.0 0.14285194618361338
83.0 0.142898519550051
84.0 0.1434198158127921
85.0 0.14329660109111242
86.0 0.14349238744803838
87.0 0.1438603516135897
88.0 0.14342929295131138
89.0 0.14306080171040125
90.0 0.14378650571618762
91.0 0.1448143094778061
92.0 0.14477945055280414
93.0 0.14395094897065844
94.0 0.14320459025246757
95.0 0.14359797835350036
96.0 0.14410923889705113
97.0 0.14467213026114872
98.0 0.14508187004498074
99.0 0.14521151866231646
100.0 0.14578184783458709
101.0 0.14661345907620021
102.0 0.14555646223681315
103.0 0.14587090483733586
104.0 0.14700789323874883
105.0 0.1468749612569809
106.0 0.14674473575183322
107.0 0.1471066904919488
108.0 0.14747323776994434
109.0 0.14672955913203103
110.0 0.1460540098803384
111.0 0.14533877883638655
112.0 0.14538913284029278
113.0 0.146143952863557
114.0 0.14611883972372328
115.0 0.14598339412893568
116.0 0.14554093309811184
117.0 0.1448603766305106
118.0 0.14493184004511153
119.0 0.14456596331936972
120.0 0.1451328171151025
121.0 0.1451544748885291
122.0 0.14463153566632952
123.0 0.14500794325556074
124.0 0.14549164516585214
125.0 0.14599988205092293
126.0 0.14604100457259586
127.0 0.14518345509256636
128.0 0.1449210579906191
129.0 0.14554054864815302
130.0 0.14549369769436973
131.0 0.14540671791349138
132.0 0.1459820704800742
133.0 0.14613402911594936
134.0 0.1460322380065918
135.0 0.14591142194611686
136.0 0.14604867100715638
137.0 0.1469118812254497
138.0 0.1469600124018533
139.0 0.14683382042816706
140.0 0.14572236112185888
141.0 0.14419981283800942
142.0 0.14420815919126784
143.0 0.14456652913774762
144.0 0.14413559819970811
145.0 0.14333212545939855
146.0 0.14278661225523268
147.0 0.14363326813493457
148.0 0.1443879348891122
149.0 0.14469073372227806
150.0 0.14435842846121108
151.0 0.14340643073831286
152.0 0.14284686616488865
153.0 0.14356496504374913
154.0 0.14388511606625148
155.0 0.14376679147992816
156.0 0.14432218713419778
157.0 0.14383097078119006
158.0 0.1428281170981271
159.0 0.14309694979872023
160.0 0.14327725980963027
161.0 0.1431219458580017
162.0 0.14339403084346225
163.0 0.14295389098780495
164.0 0.1425382388489587
165.0 0.14184644903455462
166.0 0.14134608677455357
167.0 0.14082074974264416
168.0 0.14039798974990844
169.0 0.1399780660867691
170.0 0.13946961505072458
171.0 0.1391134453671319
172.0 0.13901342621871404
173.0 0.1392575455563409
174.0 0.13929872938564847
175.0 0.13921097218990325
176.0 0.13866058460303715
177.0 0.1384706599371774
178.0 0.138283029624394
179.0 0.1386544874736241
180.0 0.13943785343851361
181.0 0.13957347273826598
182.0 0.13940034636429377
183.0 0.13971271216869355
184.0 0.139589239018304
185.0 0.13936940899917058
186.0 0.13978463794503893
187.0 0.14042174858706338
188.0 0.14095185228756496
189.0 0.14101225009986332
190.0 0.14058769643306732
191.0 0.13961055278778076
192.0 0.13923926098006112
193.0 0.13890017526490347
194.0 0.13876168813024248
195.0 0.13963278191430228
196.0 0.13927685107503618
197.0 0.13823531142302922
198.0 0.13855713094983782
199.0 0.1387273473399026
200.0 0.13860463883195603
201.0 0.138638254574367
202.0 0.1388030103274754
203.0 0.13901102031980242
204.0 0.13922679466860635
205.0 0.1393193849495479
206.0 0.13856849670410157
207.0 0.13799385343279158
208.0 0.13839631804398128
209.0 0.13842406485761916
210.0 0.1379508112158094
211.0 0.13841511096273149
212.0 0.13844575413635798
213.0 0.13875981313841684
214.0 0.1394695554460798
215.0 0.13952438916478838
216.0 0.13908736578055791
217.0 0.1386290056364877
218.0 0.13807976118155887
219.0 0.1384752141577857
220.0 0.13967463118689402
221.0 0.13993365338870456
222.0 0.140115082689694
223.0 0.13972444789750235
224.0 0.13915356738226756
225.0 0.13878458653177533
226.0 0.1387707335608346
227.0 0.13926944264343807
228.0 0.13977097400597163
229.0 0.13916154588971819
230.0 0.13835191130638122
231.0 0.13803299239703587
232.0 0.13758167241300856
233.0 0.13699530916554586
234.0 0.13768628793103355
235.0 0.1379602713244302
236.0 0.1373494190829141
237.0 0.13786772106375014
238.0 0.13727056980133057
239.0 0.13706856540271214
240.0 0.1378963738679886
241.0 0.13818462320736477
242.0 0.13868536353111266
243.0 0.1385797415460859
244.0 0.1389704291309629
245.0 0.13976123332977294
246.0 0.13966785073280336
247.0 0.13936724024159566
248.0 0.13934859207698277
249.0 0.13980352112225125
250.0 0.13968292687620434
251.0 0.139279710820743
252.0 0.1394184763942446
253.0 0.1392486993755613
254.0 0.1386321519102369
255.0 0.13917207292148046
256.0 0.14014213723795754
257.0 0.14052506174360002
258.0 0.1397694477013179
259.0 0.13921036464827402
260.0 0.1390679576567241
261.0 0.1390135556459427
262.0 0.13879613876342772
263.0 0.13854946068355015
264.0 0.13902843807424817
265.0 0.1387835157769067
266.0 0.1379882071699415
267.0 0.13830812616007668
268.0 0.13823155845914567
269.0 0.13813904438699995
270.0 0.13768858654158456
271.0 0.13713923692703248
272.0 0.136419124688421
273.0 0.13577995726040432
274.0 0.13548352037157332
275.0 0.13492052980831692
276.0 0.13515036702156066
277.0 0.13593895520482743
278.0 0.13513707944325037
279.0 0.1341273388692311
280.0 0.1339537535394941
281.0 0.1336095379931586
282.0 0.1337160919393812
283.0 0.1341339307171958
284.0 0.13428126190389905
285.0 0.1346469385283334
286.0 0.13556051509720937
287.0 0.13571914902755192
288.0 0.13470218564782824
289.0 0.13463239542075567
290.0 0.13532620583261762
291.0 0.13555930767740523
292.0 0.1351140090397426
293.0 0.13568700211388723
294.0 0.13577855740274702
295.0 0.13517173486096518
296.0 0.1359364173242024
297.0 0.13694750581468854
298.0 0.1370295490537371
299.0 0.1366779318877629
300.0 0.13612465262413026
301.0 0.13639619052410126
302.0 0.13697407288210733
303.0 0.13812378006322043
304.0 0.13869160286017826
305.0 0.13874476083687373
306.0 0.13893973188740866
307.0 0.13946848809719087
308.0 0.13971116500241415
309.0 0.13910248492445265
310.0 0.13770462785448348
311.0 0.13749549431460245
312.0 0.13810711886201585
313.0 0.13854002143655506
314.0 0.1390804158789771
315.0 0.13899792092187063
316.0 0.13957910920892444
317.0 0.13920684243951525
318.0 0.1393889491047178
319.0 0.13951133021286555
320.0 0.1404032575232642
321.0 0.14091682817254747
322.0 0.14007872641086577
323.0 0.13932280199868338
324.0 0.1393351367541722
325.0 0.1400912744658334
326.0 0.14031758734158106
327.0 0.14095871448516845
328.0 0.14170749655791692
329.0 0.1416360480444772
330.0 0.1418997266462871
331.0 0.14201224744319915
332.0 0.1413943180016109
333.0 0.14042518862656184
334.0 0.14077927938529422
335.0 0.1408190356833594
336.0 0.14015896490642002
337.0 0.14022454576832907
338.0 0.1400762127978461
339.0 0.13999057497297016
340.0 0.14059256059782846
341.0 0.1410717419215611
342.0 0.14145776884896413
343.0 0.14097826651164463
344.0 0.13956217552934375
345.0 0.140069608603205
346.0 0.14079867601394652
347.0 0.14023529844624655
348.0 0.14000267258712223
349.0 0.14005820197718485
350.0 0.13971879737717766
351.0 0.13927968868187496
352.0 0.1397100861583437
353.0 0.14003523503031048
354.0 0.13827403656073978
355.0 0.1379730612039566
356.0 0.1381840182202203
357.0 0.13736529520579746
358.0 0.13788665447916304
359.0 0.13742227980068752
360.0 0.13687883572919027
361.0 0.1363204845360347
362.0 0.1359022149017879
363.0 0.1363314986228943
364.0 0.1361074047429221
365.0 0.1362918347120285
366.0 0.13582602185862405
367.0 0.13565466489110675
368.0 0.13618739673069546
369.0 0.13620025983878545
370.0 0.1366547248193196
371.0 0.1370100796222687
372.0 0.13688908857958657
373.0 0.13683072243418012
374.0 0.13690754856382098
375.0 0.13698894509247372
376.0 0.13721582336085184
377.0 0.1388253424848829
378.0 0.1402802016053881
379.0 0.14027299710682462
380.0 0.14102620823042733
381.0 0.1410718423979623
382.0 0.14078825031008038
383.0 0.14087939602988106
384.0 0.14046539536544256
385.0 0.13948944509029387
386.0 0.13910144865512847
387.0 0.13902635276317596
388.0 0.13891467026301793
389.0 0.1386079251766205
390.0 0.13821350080626352
391.0 0.1383947478873389
392.0 0.13826029896736144
393.0 0.1381269761494228
394.0 0.13789652458259039
395.0 0.13782379031181335
396.0 0.1383152480636324
397.0 0.1378380754164287
398.0 0.13619286715984344
399.0 0.1353182337113789
400.0 0.1350471841437476
401.0 0.13467763321740286
402.0 0.1345157027244568
403.0 0.13413607137543815
404.0 0.13377540026392257
405.0 0.1333466806582042
406.0 0.1336582865033831
407.0 0.13429554317678724
408.0 0.13439208396843502
409.0 0.1344176552125386
410.0 0.1348660056080137
411.0 0.13460734954902104
412.0 0.13462608839784349
413.0 0.13507966271468572
414.0 0.13507221596581595
415.0 0.1354376141514097
416.0 0.1354860701731273
417.0 0.13508386271340506
418.0 0.13462002234799522
419.0 0.13395715526172092
420.0 0.13370272517204285
421.0 0.13413923808506556
422.0 0.13371795415878296
423.0 0.13353480568953924
424.0 0.13322067431041174
425.0 0.13273533412388394
426.0 0.1331508129835129
427.0 0.1336781007902963
428.0 0.13371023280279978
429.0 0.13310383430549078
430.0 0.13239786114011493
431.0 0.13179218045302799
432.0 0.13171949301447186
433.0 0.13174414251531874
434.0 0.13156015745231084
435.0 0.1308889491217477
436.0 0.13077964910439083
437.0 0.1307273954153061
438.0 0.13011501005717685
439.0 0.1300196132489613
440.0 0.12973452998059137
441.0 0.12940526178904943
442.0 0.12894791832992009
443.0 0.1283224208014352
444.0 0.12774922805173056
445.0 0.12756028132779257
446.0 0.12655309843165533
447.0 0.12576614298990796
448.0 0.12598903434617179
449.0 0.1258148887327739
450.0 0.1253540928874697
451.0 0.1241341722863061
452.0 0.12347519717046193
453.0 0.12324661782809666
454.0 0.1239492831485612
455.0 0.12446799853018352
456.0 0.12427703120878765
457.0 0.12424307316541672
458.0 0.12371931395360401
459.0 0.12353213557175227
460.0 0.12412992886134556
461.0 0.12506134446178163
462.0 0.12535328609602792
463.0 0.12495807877608708
464.0 0.12431566161768777
465.0 0.12447315965379988
466.0 0.12452534543616431
467.0 0.12428492839847292
468.0 0.12458096614905766
469.0 0.12409748669181551
470.0 0.12339618078299931
471.0 0.12426174708775112
472.0 0.12458766315664564
473.0 0.12390459690775191
474.0 0.12361122412340982
475.0 0.12307957134076528
476.0 0.12236244018588747
477.0 0.12216372511216572
478.0 0.12192819373948234
479.0 0.12158114292791912
480.0 0.12098021102803094
481.0 0.1208476436989648
482.0 0.12065265242542539
483.0 0.12027124741247722
484.0 0.12082648554018566
485.0 0.12065305198941911
486.0 0.11976695316178458
487.0 0.11939615117652076
488.0 0.12008665033749172
489.0 0.11996230525629861
490.0 0.11947281275476729
491.0 0.11979517000062125
492.0 0.12006573677062989
493.0 0.11956870130130223
494.0 0.11978284120559693
495.0 0.12045480204480034
496.0 0.12043104661362512
497.0 0.11954031671796526
498.0 0.12002628445625305
499.0 0.12125092702252524
500.0 0.12185529832329069
501.0 0.1222951699580465
502.0 0.12146534749439784
503.0 0.12051529458590916
504.0 0.12097453474998474
505.0 0.12162432351282665
506.0 0.12149095066956112
507.0 0.12150328372206007
508.0 0.1211809618132455
509.0 0.12092602998018265
510.0 0.12095375657081604
511.0 0.12084171644278935
512.0 0.12019639866692679
513.0 0.12003993860312871
514.0 0.12043931526797158
515.0 0.12110014259815216
516.0 0.1212681553193501
517.0 0.12085199292216982
518.0 0.12071012194667544
519.0 0.12052845103400094
520.0 0.12022351601294108
521.0 0.11951933396714075
522.0 0.1191920987197331
523.0 0.11988260235105241
524.0 0.12047113435609
525.0 0.12063883990049362
526.0 0.1209031337073871
527.0 0.12123670876026153
528.0 0.12147213454757418
529.0 0.12161686015980584
530.0 0.12193692049809865
531.0 0.12154135491166795
532.0 0.1222763580935342
533.0 0.1226984692471368
534.0 0.12296032692704882
535.0 0.12338832531656538
536.0 0.12339917974812643
537.0 0.1239666440657207
538.0 0.12395594524485724
539.0 0.1234450631908008
540.0 0.12367097032921655
541.0 0.1237776158111436
542.0 0.12379988474505288
543.0 0.1242345582161631
544.0 0.12490953292165484
545.0 0.12540329950196402
546.0 0.12607414211545673
547.0 0.12640683672257833
548.0 0.12567122961793628
549.0 0.12506522131817682
550.0 0.12621753620249884
551.0 0.12680939712694714
552.0 0.12717099274907792
553.0 0.1273129974092756
554.0 0.12647437900304795
555.0 0.12585261591843197
556.0 0.12596328748123986
557.0 0.1256477700812476
558.0 0.1250190928578377
559.0 0.12572840814079558
560.0 0.12549542550529752
561.0 0.12485062863145556
562.0 0.12485858010394232
563.0 0.12487042397260666
564.0 0.12484260712351118
565.0 0.12501466827733176
566.0 0.12440762455974307
567.0 0.12417135472808566
568.0 0.1248850377542632
569.0 0.12477677443197795
570.0 0.12421534125294004
571.0 0.12393985709973744
572.0 0.12386856888021741
573.0 0.12370535156556538
574.0 0.12343485121216093
575.0 0.12239558334861483
576.0 0.12189896085432597
577.0 0.12196594519274576
578.0 0.1208127464566912
579.0 0.12005788066557475
580.0 0.11992207999740329
581.0 0.11982863609279905
582.0 0.1192733319742339
583.0 0.11885510725634439
584.0 0.11912086180278234
585.0 0.11920642341886248
586.0 0.11762623872075761
587.0 0.11604758501052856
588.0 0.11550258014883313
589.0 0.11544791353600366
590.0 0.11556226589850017
591.0 0.11471735920224871
592.0 0.11341972819396427
593.0 0.11339424784694399
594.0 0.11381139414651054
595.0 0.1134891356740679
596.0 0.11329113628183092
597.0 0.11261111689465386
598.0 0.11177826012883868
599.0 0.11095986004386629
600.0 0.11042924778802055
601.0 0.11021079399756023
602.0 0.10985526655401502
603.0 0.10945275745221547
604.0 0.10855831503868103
605.0 0.10858237466641835
606.0 0.10924447221415383
607.0 0.10964258377041136
608.0 0.10982862987688609
609.0 0.10986924980367933
610.0 0.11037105641194753
611.0 0.11072306888444083
612.0 0.1096081167459488
613.0 0.10931001135281154
614.0 0.10980009181158883
615.0 0.10952225370066507
616.0 0.10944862961769104
617.0 0.1092354953289032
618.0 0.10829881046499525
619.0 0.10832954304558891
620.0 0.10847937486001423
621.0 0.10800107909100397
622.0 0.10828142677034651
623.0 0.10862420584474292
624.0 0.10901996684925896
625.0 0.10934122971126012
626.0 0.10916715839079448
627.0 0.10925265486751284
628.0 0.1103141154561724
629.0 0.11085076268230165
630.0 0.1115305198090417
631.0 0.11161938118083137
632.0 0.11099098942109517
633.0 0.11098128748791558
634.0 0.11103573164769581
635.0 0.11095067241362162
636.0 0.11092924816267831
637.0 0.11108430134398596
638.0 0.11191746039049966
639.0 0.1118334031530789
640.0 0.1109025782772473
641.0 0.11023060232400894
642.0 0.11051824114152363
643.0 0.11162801278488976
644.0 0.11186115614005497
645.0 0.1108918649809701
646.0 0.11069868206977844
647.0 0.11197442603962762
648.0 0.11252150748457228
649.0 0.11245484203100205
650.0 0.11237815363066538
651.0 0.1129942719425474
652.0 0.11288396120071412
653.0 0.11273531189986638
654.0 0.11262330391577312
655.0 0.11292370898383004
656.0 0.11323153397866657
657.0 0.11327829595123018
658.0 0.11365529958690916
659.0 0.11417184003761836
660.0 0.1140715160540172
661.0 0.11332456320524216
662.0 0.1130172318645886
663.0 0.11274950163705008
664.0 0.11224001390593392
665.0 0.11221165720905577
666.0 0.11221630679709571
667.0 0.11263481740440641
668.0 0.11248122049229485
669.0 0.1121187346322196
670.0 0.11222264106784548
671.0 0.11242690086364746
672.0 0.11206731349229812
673.0 0.1111151071531432
674.0 0.1102288550564221
675.0 0.10972991053547178
676.0 0.10991353009428297
677.0 0.10925389336688178
678.0 0.10924605471747262
679.0 0.10995959256376539
680.0 0.10948302447795868
681.0 0.10956734205995287
682.0 0.10897695464747292
683.0 0.10803221953766687
684.0 0.1076978713274002
685.0 0.1071819279875074
686.0 0.10673464323793139
687.0 0.10609026508671897
688.0 0.10573896786996297
689.0 0.10529144299881799
690.0 0.10398419669696263
691.0 0.10306836068630218
692.0 0.10262499792235238
693.0 0.10218103293861662
694.0 0.1015685253909656
695.0 0.10212568193674088
696.0 0.10240091404744557
697.0 0.10114184681858335
698.0 0.09979966027396066
699.0 0.09960557222366333
700.0 0.0992991675223623
701.0 0.09947125273091452
702.0 0.10038632920810155
703.0 0.10012835775102888
704.0 0.10002844269786562
705.0 0.09930128923484258
706.0 0.09846351742744446
707.0 0.09763578623533249
708.0 0.09728808445589883
709.0 0.09752587654760905
710.0 0.09753504459347044
711.0 0.09755226671695709
712.0 0.09745072424411774
713.0 0.09707867694752557
714.0 0.09658076337405613
715.0 0.09630125824894224
716.0 0.09588549946035657
717.0 0.09567824538264956
718.0 0.0948797087584223
719.0 0.09427275444780077
720.0 0.09447334302323206
721.0 0.09427255392074585
722.0 0.09348184955971582
723.0 0.09290297137839454
724.0 0.09283498738493239
725.0 0.09272767901420594
726.0 0.09199422981057848
727.0 0.09209055666412626
728.0 0.09221913665533066
729.0 0.09210340614829744
730.0 0.09187335904155458
731.0 0.09120843985251018
732.0 0.09112516237156731
733.0 0.0908581623009273
734.0 0.08977036582572119
735.0 0.08923897445201874
736.0 0.0887531863791602
737.0 0.08777937463351658
738.0 0.086707989020007
739.0 0.08579675384930202
740.0 0.08578633410590035
741.0 0.08531036164079393
742.0 0.08510193697043827
743.0 0.08498669947896685
744.0 0.08481267413922719
745.0 0.08450226123843874
746.0 0.08368171283176967
747.0 0.08309779635497502
748.0 0.08254747497183935
749.0 0.08258468231984548
750.0 0.08274426289967128
751.0 0.08190554572003228
752.0 0.08118818551301957
753.0 0.08202105334826879
754.0 0.08238970722470965
755.0 0.08163574018648692
756.0 0.08148739721093859
757.0 0.08209336698055267
758.0 0.08197736931698663
759.0 0.08184172191790172
760.0 0.08184467000620706
761.0 0.08199179960148675
762.0 0.08224619371550423
763.0 0.0819145998784474
764.0 0.0814318420631545
765.0 0.08155685769660133
766.0 0.08156721613236836
767.0 0.08152757563761302
768.0 0.08215844354459217
769.0 0.08254783600568771
770.0 0.08307929294449942
771.0 0.0836471432021686
772.0 0.08365680958543505
773.0 0.08383465430566243
774.0 0.08523406492812292
775.0 0.08588972517422268
776.0 0.08627214431762695
777.0 0.08672467427594321
778.0 0.08765001211847578
779.0 0.08846538364887238
780.0 0.0890411668590137
781.0 0.08906487269060952
782.0 0.08954571953841618
783.0 0.0897632999079568
784.0 0.09009638194526945
785.0 0.09103172591754369
786.0 0.09159398589815412
787.0 0.09204663676874979
788.0 0.09235572006021227
789.0 0.0925860236798014
790.0 0.09240819769246238
791.0 0.09299742132425308
792.0 0.09351455803428377
793.0 0.09319483084338052
794.0 0.09314562912498202
795.0 0.09377805909940175
796.0 0.09391320581947055
797.0 0.09358171373605728
798.0 0.09316733543361937
799.0 0.09289069218294961
800.0 0.09274734833410808
801.0 0.0930189630814961
802.0 0.09242975924696241
803.0 0.09145103373697826
804.0 0.09143294713326863
805.0 0.09167130227599825
806.0 0.09226955622434616
807.0 0.09280112939221519
808.0 0.09358702280691691
809.0 0.09356826267072132
810.0 0.09253591448068618
811.0 0.09236341097525187
812.0 0.09255425610712596
813.0 0.09250232768910271
814.0 0.0928437488419669
815.0 0.09307302449430738
816.0 0.09304878413677216
817.0 0.09330812373331615
818.0 0.09330886559826987
819.0 0.09391650876828603
820.0 0.09427808097430639
821.0 0.0942492378609521
822.0 0.09447431159870966
823.0 0.09388327428272793
824.0 0.09331533908843995
825.0 0.0928605916244643
826.0 0.09229609029633658
827.0 0.09288684172289711
828.0 0.09335902077811105
829.0 0.09254017067807062
830.0 0.0917862532394273
831.0 0.09200105262654168
832.0 0.09280313828161785
833.0 0.09307192798171725
834.0 0.0928532368370465
835.0 0.09246909554515566
836.0 0.09229345513241631
837.0 0.09241365556206022
838.0 0.09258979984692164
839.0 0.09184222838708332
840.0 0.09108124354055949
841.0 0.09097729538168225
842.0 0.09140968705926622
843.0 0.09181948857648033
844.0 0.09119343097720828
845.0 0.09066796664680754
846.0 0.09066938608884811
847.0 0.09121264283146177
848.0 0.0911305838397571
849.0 0.09089288179363524
850.0 0.09018154293298722
851.0 0.08989014966147287
852.0 0.09023981158222472
853.0 0.09123501160315105
854.0 0.09165047002690178
855.0 0.09127482963459832
856.0 0.09098755525691168
857.0 0.09102502231087004
858.0 0.09068196352039065
859.0 0.09082898965903691
860.0 0.0915390995996339
861.0 0.09132797803197588
862.0 0.09119646485362734
863.0 0.09116488013948713
864.0 0.09191031051533563
865.0 0.09315903016499111
866.0 0.09331922786576408
867.0 0.09386046464954104
868.0 0.09462837768452508
869.0 0.09476978033781051
870.0 0.09572488899741854
871.0 0.09668540379830769
872.0 0.09621197772877557
873.0 0.09586010617869241
874.0 0.09627606698444911
875.0 0.09702972918748856
876.0 0.09787968971899577
877.0 0.0984661049076489
878.0 0.09863622145993368
879.0 0.09868547405515399
880.0 0.09908372376646314
881.0 0.10028808670384544
882.0 0.10090946214539664
883.0 0.10084717529160636
884.0 0.10088159952844893
885.0 0.10137384108134678
886.0 0.10285381163869585
887.0 0.1035686901637486
888.0 0.1036701751606805
889.0 0.10437119645731789
890.0 0.10459997377225332
891.0 0.10519975679261344
892.0 0.10516295241458075
893.0 0.10532764026096889
894.0 0.10610859500510351
895.0 0.10661963586296354
896.0 0.10664859669549125
897.0 0.10661495349236898
898.0 0.10676543159144265
899.0 0.10672369045870644
900.0 0.10684641131332942
901.0 0.10712494871446064
902.0 0.10716133947883333
903.0 0.10768614773239409
904.0 0.10811482412474496
905.0 0.10820152291229793
906.0 0.10804801604577473
907.0 0.10861706754990987
908.0 0.10977836677006313
909.0 0.11041943579912186
910.0 0.11060428896120617
911.0 0.11128889790603093
912.0 0.11144412649529321
913.0 0.1115154362150601
914.0 0.11153496205806732
915.0 0.11128011707748686
916.0 0.11157601390566145
917.0 0.11190839920725142
918.0 0.11185758773769651
919.0 0.11165306908743722
920.0 0.11212084399802344
921.0 0.11176470603261675
922.0 0.11127632622207914
923.0 0.11173968421561377
924.0 0.11224212454898017
925.0 0.11247313852821078
926.0 0.11270041827644621
927.0 0.11258442806346076
928.0 0.1125973886677197
929.0 0.11244877044643675
930.0 0.11303355970552989
931.0 0.11382934898138046
932.0 0.11399670094251632
933.0 0.11357014796563557
934.0 0.11303249767848424
935.0 0.11402746034520013
936.0 0.11618282560791288
937.0 0.11617097109556199
938.0 0.11520052169050489
939.0 0.11582934047494615
940.0 0.11650357778583253
941.0 0.116374029644898
942.0 0.11518166150365557
943.0 0.1142557299562863
944.0 0.11545521829809462
945.0 0.11689869484731129
946.0 0.11758543912853514
947.0 0.11698865358318601
948.0 0.11734713741711207
949.0 0.11755856850317546
950.0 0.1177549741097859
951.0 0.11835201169763293
952.0 0.11826230032103402
953.0 0.11858966286693301
954.0 0.11798088380268641
955.0 0.1178046030657632
956.0 0.11868528702429362
957.0 0.11932999917439052
958.0 0.1189084182892527
959.0 0.11818943279130119
960.0 0.1175876117178372
961.0 0.11779151452439172
962.0 0.11819764822721482
963.0 0.11781808946813856
964.0 0.11640099457332066
965.0 0.11636071311576025
966.0 0.11641167593853814
967.0 0.11726617578949247
968.0 0.11761456217084612
969.0 0.11787861159869603
970.0 0.11824322449309485
971.0 0.11772955379315785
972.0 0.11798401176929474
973.0 0.11750975549221039
974.0 0.11691428124904632
975.0 0.11731586945908411
976.0 0.11731176312480654
977.0 0.11682097060339791
978.0 0.11689080766269139
979.0 0.11776453873940877
980.0 0.11856042487280709
981.0 0.1185188155089106
982.0 0.11867523874555315
983.0 0.11921181018863405
984.0 0.1197457064475332
985.0 0.11994296674217497
986.0 0.1196501550929887
987.0 0.11965135910681315
988.0 0.1203864506312779
989.0 0.1208849521619933
990.0 0.12107844203710556
991.0 0.12130503548043114
992.0 0.12215114768062318
993.0 0.12252557958875383
994.0 0.12271039741379874
995.0 0.12340194072042193
996.0 0.12314287849834987
997.0 0.1235300892165729
998.0 0.12383940879787718
999.0 0.12430274401392255
1000.0 0.12604005826371056
1001.0 0.12655304010425295
1002.0 0.125924927847726
1003.0 0.1250900951879365
1004.0 0.12472577031169618
1005.0 0.12548336812428065
1006.0 0.12565449114356722
1007.0 0.12565882014376775
1008.0 0.1254943345274244
1009.0 0.12548837235995702
1010.0 0.12567763413701738
1011.0 0.1261202437537057
1012.0 0.12561668796198708
1013.0 0.12432066074439457
1014.0 0.1245802002293723
1015.0 0.1256953267114503
1016.0 0.1258377166731017
1017.0 0.1255273680601801
1018.0 0.1260746155466352
1019.0 0.12671887789453778
1020.0 0.12550814194338664
1021.0 0.12514122022049767
1022.0 0.12615583794457572
1023.0 0.12682462781667708
1024.0 0.12781311571598053
1025.0 0.12844348209244863
1026.0 0.12805567575352533
1027.0 0.12834621327263968
1028.0 0.12879010949816022
1029.0 0.12909126494612014
1030.0 0.12941076500075205
1031.0 0.12969453313520976
1032.0 0.12969107776880265
1033.0 0.13017500638961793
1034.0 0.1307436155421393
1035.0 0.1308095953294209
1036.0 0.13024554742234093
1037.0 0.12983569226094654
1038.0 0.13091417636190142
1039.0 0.1313187729035105
1040.0 0.1312539043171065
1041.0 0.1316331656915801
1042.0 0.13208788207599095
1043.0 0.1323052955525262
1044.0 0.13223122294460024
1045.0 0.13190533987113406
1046.0 0.1318864903279713
1047.0 0.13228290783507482
1048.0 0.1322368255683354
1049.0 0.1325862088373729
1050.0 0.1333162558930261
1051.0 0.1329409603561674
1052.0 0.13147696554660798
1053.0 0.13055428926433835
1054.0 0.130618354678154
1055.0 0.1307387575507164
1056.0 0.13085088900157382
1057.0 0.1304599038192204
1058.0 0.13002283658300126
1059.0 0.1301260760852269
1060.0 0.12991517931222915
1061.0 0.12964016688721522
1062.0 0.12994545634303775
1063.0 0.1301929691008159
1064.0 0.12953612038067408
1065.0 0.12877059685332434
1066.0 0.12878355554171972
1067.0 0.12793658482176917
1068.0 0.12712708690336771
1069.0 0.12746045291423796
1070.0 0.12810764483043124
1071.0 0.1283730930515698
1072.0 0.12793764642306737
1073.0 0.12738278827496938
1074.0 0.12692356152193887
1075.0 0.12668380928891046
1076.0 0.12658363303967884
1077.0 0.12673040394272123
1078.0 0.12730562218597957
1079.0 0.12762126007250377
1080.0 0.1274620845913887
1081.0 0.1277287102171353
1082.0 0.12803609924657003
1083.0 0.12880627938679287
1084.0 0.12921186749424254
1085.0 0.12983595281839372
1086.0 0.13056755257504327
1087.0 0.13075125068426133
1088.0 0.13129069762570517
1089.0 0.13179458166871752
1090.0 0.1319103309086391
1091.0 0.1321113863161632
1092.0 0.13273628673383167
1093.0 0.13354295917919703
1094.0 0.1338580812726702
1095.0 0.1328071564435959
1096.0 0.1319693405713354
1097.0 0.1322381392121315
1098.0 0.13272673657962253
1099.0 0.13233879549162728
1100.0 0.13233397901058197
1101.0 0.13304940802710397
1102.0 0.13305983436959132
1103.0 0.132256618142128
1104.0 0.13208345153502055
1105.0 0.1330407168184008
1106.0 0.13463088401726314
1107.0 0.1350918914590563
1108.0 0.1347493574023247
1109.0 0.1346739079271044
1110.0 0.13484592863491604
1111.0 0.1356378299849374
1112.0 0.13568499343735832
1113.0 0.1360276230743953
1114.0 0.13636162877082825
1115.0 0.13542287009102957
1116.0 0.13447049558162688
1117.0 0.1341314435005188
1118.0 0.13366721400192805
1119.0 0.1336208843759128
1120.0 0.13457370230129787
1121.0 0.13480818143912723
1122.0 0.1349854154246194
1123.0 0.1353657726730619
1124.0 0.13480303436517715
1125.0 0.1349799605352538
1126.0 0.1356642382485526
1127.0 0.13676206937858038
1128.0 0.138062013898577
1129.0 0.13862799874373843
1130.0 0.13960030674934387
1131.0 0.140922035915511
1132.0 0.14100151913506645
1133.0 0.14119584006922586
1134.0 0.1418508231639862
1135.0 0.14271505858216968
1136.0 0.14372419033731734
1137.0 0.1444879629782268
1138.0 0.14464794780526843
1139.0 0.14479048337255204
1140.0 0.14585140900952476
1141.0 0.14593761393002103
1142.0 0.14505273444311959
1143.0 0.1452021185840879
1144.0 0.14525954255035944
1145.0 0.14358104169368743
1146.0 0.14365314968994686
1147.0 0.14524960815906524
1148.0 0.14528309915746962
1149.0 0.14516677600996836
1150.0 0.1444434336253575
1151.0 0.14419059583118984
1152.0 0.14468334700380053
1153.0 0.14452560927186694
1154.0 0.1433880478143692
1155.0 0.14244340445314135
1156.0 0.14253969192504884
1157.0 0.14364193379878998
1158.0 0.14452580979892185
1159.0 0.14357552230358123
1160.0 0.1441101257290159
1161.0 0.14506567886897495
1162.0 0.14540277889796666
1163.0 0.14583764459405626
1164.0 0.14538588609014239
1165.0 0.14406835521970476
1166.0 0.14455207586288452
1167.0 0.14468646304947988
1168.0 0.14476004328046527
1169.0 0.14486499045576368
1170.0 0.14424499571323396
1171.0 0.14418156913348606
1172.0 0.14403480929987772
1173.0 0.1441187756402152
1174.0 0.14454322840486253
1175.0 0.1440704963036946
1176.0 0.1433811800820487
1177.0 0.14427074875150409
1178.0 0.14476079217025212
1179.0 0.14452167195933205
1180.0 0.14465571897370474
1181.0 0.14449283821242195
1182.0 0.1448156292949404
1183.0 0.14490347717489516
1184.0 0.14451220801898412
1185.0 0.14376053724970136
1186.0 0.14393478546823774
1187.0 0.14486011905329568
1188.0 0.14389995506831577
1189.0 0.14365484118461608
1190.0 0.14413708789008003
1191.0 0.14446361320359366
1192.0 0.14454339955534254
1193.0 0.14459513468401772
1194.0 0.1440109589270183
1195.0 0.14417525572436196
1196.0 0.14474988111427853
1197.0 0.14418734184333257
1198.0 0.1443518259695598
1199.0 0.14543350083487375
1200.0 0.14595371569905963
1201.0 0.1460214946951185
1202.0 0.14528947131974357
1203.0 0.14414457551070622
1204.0 0.14453029547418866
1205.0 0.14448608202593669
1206.0 0.14369264968803952
1207.0 0.1439650284392493
1208.0 0.14378229294504438
1209.0 0.14391723445483617
1210.0 0.14464827861104693
1211.0 0.1445099502801895
1212.0 0.144375998207501
1213.0 0.1444086010966982
1214.0 0.14453589618206025
1215.0 0.14423416682652065
1216.0 0.14450042503220695
1217.0 0.14459245800971984
1218.0 0.145075775044305
1219.0 0.14630539204393114
1220.0 0.1472847125359944
1221.0 0.14761986093861715
1222.0 0.14840588101318905
1223.0 0.1497263239962714
1224.0 0.15013711409909383
1225.0 0.150354671052524
1226.0 0.1511828098978315
1227.0 0.15172466806003027
1228.0 0.1520697363785335
1229.0 0.1512431025505066
1230.0 0.1502608835697174
1231.0 0.15054192202431815
1232.0 0.15118521409375327
1233.0 0.15147131979465484
1234.0 0.15225070459502085
1235.0 0.15311399698257447
1236.0 0.15289256870746612
1237.0 0.15285650151116506
1238.0 0.1527556653533663
1239.0 0.15279150094304766
1240.0 0.15278422364166805
1241.0 0.15304386743477413
1242.0 0.15306809203965324
1243.0 0.15329107557024274
1244.0 0.154032164812088
1245.0 0.1548328297478812
1246.0 0.15573424824646542
1247.0 0.15578803547791073
1248.0 0.15523875057697295
1249.0 0.15515416477407729
1250.0 0.1549776290144239
1251.0 0.15433697743075234
1252.0 0.15479532991136824
1253.0 0.15603884884289332
1254.0 0.15608888992241451
1255.0 0.156063688652856
1256.0 0.15568746030330657
1257.0 0.15449233608586446
1258.0 0.15389978630202159
1259.0 0.15369638417448317
1260.0 0.153049744452749
1261.0 0.1527246070759637
1262.0 0.1530704004423959
1263.0 0.15301833365644726
1264.0 0.15289644513811385
1265.0 0.15363353320530482
1266.0 0.15390505875859942
1267.0 0.1537226676940918
1268.0 0.152757014972823
1269.0 0.15264725174222674
1270.0 0.153813584787505
1271.0 0.15418049097061157
1272.0 0.1537111840077809
1273.0 0.1545722199337823
1274.0 0.15508510981287274
1275.0 0.15474685558250972
1276.0 0.15418512225151063
1277.0 0.15397144300597054
1278.0 0.15422030900205885
1279.0 0.15424150781972068
1280.0 0.15374976524284908
1281.0 0.15325901678630283
1282.0 0.15370072083813804
1283.0 0.1542035128389086
1284.0 0.15328017728669302
1285.0 0.15319745455469405
1286.0 0.15319046591009414
1287.0 0.15365985333919524
1288.0 0.1535883298942021
1289.0 0.15347098878451756
1290.0 0.1533362524850028
1291.0 0.1524115353822708
1292.0 0.15216843145234243
1293.0 0.15246692086969102
1294.0 0.15268209321158274
1295.0 0.15237304397991724
1296.0 0.15119059937340873
1297.0 0.15126592176301137
1298.0 0.15203873898301806
1299.0 0.1528629928827286
1300.0 0.1531093682561602
1301.0 0.1531240565436227
1302.0 0.15259436411517008
1303.0 0.15267580492155894
1304.0 0.1531338461807796
1305.0 0.15320104786327907
1306.0 0.15274574075426375
1307.0 0.15282059950487956
1308.0 0.15358172484806606
1309.0 0.15357954204082488
1310.0 0.15371365547180177
1311.0 0.15462893205029624
1312.0 0.15530087096350534
1313.0 0.15529607449259078
1314.0 0.15486573491777691
1315.0 0.15461319472108567
1316.0 0.15443135414804732
1317.0 0.15569414964744022
1318.0 0.15585965301309312
1319.0 0.15565270270620074
1320.0 0.15587248291288103
1321.0 0.1562452529157911
1322.0 0.15634927579334804
1323.0 0.15585338728768486
1324.0 0.15609779613358635
1325.0 0.1564194998570851
1326.0 0.1562977658850806
1327.0 0.15560139630522046
1328.0 0.1547945682491575
1329.0 0.15427812508174352
1330.0 0.15384192083563122
1331.0 0.15399287470749445
1332.0 0.1537701368331909
1333.0 0.15408298543521337
1334.0 0.15401813515595028
1335.0 0.15302663147449494
1336.0 0.1526477554014751
1337.0 0.15242461221558706
1338.0 0.1515430475984301
1339.0 0.15051229596138
1340.0 0.14957359986645835
1341.0 0.14910347163677215
1342.0 0.1487431926386697
1343.0 0.14842881858348847
1344.0 0.14855607279709407
1345.0 0.14838380643299648
1346.0 0.1467460423707962
1347.0 0.14651280343532563
1348.0 0.14683863180024284
1349.0 0.14716720581054688
1350.0 0.14673905159745898
1351.0 0.14581700435706546
1352.0 0.14526919381959097
1353.0 0.14510616958141326
1354.0 0.14486077214990342
1355.0 0.1447819458586829
1356.0 0.14490713477134703
1357.0 0.1443039059638977
1358.0 0.1448245346546173
1359.0 0.14519316596644266
1360.0 0.14460967523711069
1361.0 0.1448552966117859
1362.0 0.14496195656912667
1363.0 0.14430016449519567
1364.0 0.14352454117366245
1365.0 0.14305232891014644
1366.0 0.1431266533476966
1367.0 0.14316563776561192
1368.0 0.14249664204461235
1369.0 0.14169276569570813
1370.0 0.14132190218993596
1371.0 0.1407299471752984
1372.0 0.13997010333197457
1373.0 0.13956531371389116
1374.0 0.1397881988968168
1375.0 0.1394065248114722
1376.0 0.139104802267892
1377.0 0.14023461384432656
1378.0 0.14079109132289885
1379.0 0.1401572299855096
1380.0 0.13926000467368535
1381.0 0.1398526519536972
1382.0 0.13928890654018947
1383.0 0.13897003872053965
1384.0 0.1382664041859763
1385.0 0.1371310557637896
1386.0 0.136791045325143
1387.0 0.13663774558476038
1388.0 0.1362665240253721
1389.0 0.13609628421919687
1390.0 0.13581211524350303
1391.0 0.1351857785667692
1392.0 0.1355398825236729
1393.0 0.13709213818822588
1394.0 0.13769121084894453
1395.0 0.13713418415614537
1396.0 0.1376220532826015
1397.0 0.1383590234177453
1398.0 0.13911137453147343
1399.0 0.1393111846276692
1400.0 0.13982608148029874
1401.0 0.13988267992224013
1402.0 0.14021999537944793
1403.0 0.1408173246043069
1404.0 0.14056351866040911
1405.0 0.14062250128814152
1406.0 0.13966560576643264
1407.0 0.1385294258594513
1408.0 0.1382353331361498
1409.0 0.13788482333932603
1410.0 0.13804105647972653
1411.0 0.13793435054165976
1412.0 0.13808726114886147
1413.0 0.13823105181966508
1414.0 0.13945774861744473
1415.0 0.13969128089291707
1416.0 0.1398253355707441
1417.0 0.13958128307546888
1418.0 0.13975027331284115
1419.0 0.14021753200462886
1420.0 0.1399986377784184
1421.0 0.13994072803429194
1422.0 0.14021188531603132
1423.0 0.13967131674289704
1424.0 0.13928970651967185
1425.0 0.13872096538543702
1426.0 0.13749423367636546
1427.0 0.13757029856954303
1428.0 0.13850251053060805
1429.0 0.1387167956147875
1430.0 0.1388815939426422
1431.0 0.1388189673423767
1432.0 0.13856236934661864
1433.0 0.13788177030427115
1434.0 0.1371455784354891
1435.0 0.13661070040294102
1436.0 0.13613652757235936
1437.0 0.13658969359738485
1438.0 0.13566880737032208
1439.0 0.13540927938052585
1440.0 0.1351166776248387
1441.0 0.13439734067235673
1442.0 0.13447164935725076
1443.0 0.13513876582895007
1444.0 0.13462108118193492
1445.0 0.13278023856026785
1446.0 0.13168407252856662
1447.0 0.13184050704751696
1448.0 0.13244209459849765
1449.0 0.13240900252546584
1450.0 0.1319600807768958
1451.0 0.1314816781452724
1452.0 0.13101644090243747
1453.0 0.1310463752065386
1454.0 0.13182377815246582
1455.0 0.1321533990757806
1456.0 0.13149258749825612
1457.0 0.1314325213432312
1458.0 0.1315535145146506
1459.0 0.13194122569901603
1460.0 0.13160644897392818
1461.0 0.1320970948253359
1462.0 0.13330456337758473
1463.0 0.13352540326969964
1464.0 0.13316895834037235
1465.0 0.133313065128667
1466.0 0.13409779923302786
1467.0 0.13424957948071617
1468.0 0.13306650647095272
1469.0 0.13214885741472243
1470.0 0.13255418751920972
1471.0 0.13265140312058585
1472.0 0.13266750957284654
1473.0 0.13301368185452053
1474.0 0.13209786670548576
1475.0 0.13100243295942035
1476.0 0.1306813861642565
1477.0 0.13116667568683624
1478.0 0.13063017853668757
1479.0 0.12945891810314997
1480.0 0.12900724347148623
1481.0 0.12983378725392478
1482.0 0.12986106744834355
1483.0 0.1287862083741597
1484.0 0.128354075551033
1485.0 0.12777158532823835
1486.0 0.1268158569931984
1487.0 0.12574245993580138
1488.0 0.12492860683373043
1489.0 0.12486384106533868
1490.0 0.12509312480688095
1491.0 0.12497537859848568
1492.0 0.12434466055461339
1493.0 0.12422177195549011
1494.0 0.12464659533330373
1495.0 0.12445649611098426
1496.0 0.12335738582270486
1497.0 0.12251846300704139
1498.0 0.12293562356914793
1499.0 0.12378255299159459
1500.0 0.1229332759976387
1501.0 0.1218430804354804
1502.0 0.1219155673469816
1503.0 0.1227435399379049
1504.0 0.12300346515008381
1505.0 0.12231856329100473
1506.0 0.12204123671565736
1507.0 0.12273105978965759
1508.0 0.12319600369249072
1509.0 0.12344325291258948
1510.0 0.12350338420697621
1511.0 0.1224377806697573
1512.0 0.1216570258140564
1513.0 0.12204449879271644
1514.0 0.12255340197256633
1515.0 0.12303069936377661
1516.0 0.12380808357681547
1517.0 0.12398737775427955
1518.0 0.12370563213314328
1519.0 0.12384906198297228
1520.0 0.12337294731821333
1521.0 0.12387057266065053
1522.0 0.12416661594595228
1523.0 0.12440561609608787
1524.0 0.12405674478837422
1525.0 0.12340174125773566
1526.0 0.12362809606960841
1527.0 0.12378859924418585
1528.0 0.12415602952241897
1529.0 0.12391541408640998
1530.0 0.12382028613771712
1531.0 0.12376306865896497
1532.0 0.12330756953784398
1533.0 0.12272101385252816
1534.0 0.12318757942744664
1535.0 0.12367466581719262
1536.0 0.12315097962106977
1537.0 0.12239842606442315
1538.0 0.121869823549475
1539.0 0.12125196903944016
1540.0 0.12069962386574064
1541.0 0.12029502519539424
1542.0 0.12032938258988517
1543.0 0.12012303641864232
1544.0 0.11953833145754678
1545.0 0.11881986473287855
1546.0 0.11876055193798883
1547.0 0.11874350884131023
1548.0 0.11832311153411865
1549.0 0.11821765367473874
1550.0 0.11826722260032381
1551.0 0.11816558412143162
1552.0 0.1174953288265637
1553.0 0.1173383578658104
1554.0 0.11757355119500841
1555.0 0.11734624079295568
1556.0 0.11732871064117976
1557.0 0.11707007033484322
1558.0 0.1165682458451816
1559.0 0.1165182005081858
1560.0 0.116217502951622
1561.0 0.11560609361955097
1562.0 0.11485452843563897
1563.0 0.11409065063510622
1564.0 0.11465072674410684
1565.0 0.11422128528356552
1566.0 0.11405375493424279
1567.0 0.11371954189879553
1568.0 0.11297463199922017
1569.0 0.11175641417503357
1570.0 0.11015435670103346
1571.0 0.10918969405548913
1572.0 0.1092868623988969
1573.0 0.10895719336611884
1574.0 0.10745396145752498
1575.0 0.10618283131292888
1576.0 0.10667000178779874
1577.0 0.1063060130391802
1578.0 0.10494461698191507
1579.0 0.10518752059766225
1580.0 0.10495297866208213
1581.0 0.10521854204790933
1582.0 0.10493373359952654
1583.0 0.1044147680912699
1584.0 0.10501755220549447
1585.0 0.10539292757000242
1586.0 0.10498875379562378
1587.0 0.104860121011734
1588.0 0.10465267109019416
1589.0 0.1044522538781166
1590.0 0.10418821743556432
1591.0 0.10393319172518593
1592.0 0.104155433177948
1593.0 0.10370835619313376
1594.0 0.10312761536666325
1595.0 0.10331787488290242
1596.0 0.1035795550261225
1597.0 0.10314003484589714
1598.0 0.10284334272146226
1599.0 0.10318320989608765
1600.0 0.10248507644448962
1601.0 0.10076651977641242
1602.0 0.10039710849523545
1603.0 0.10031890336956296
1604.0 0.09977802932262421
1605.0 0.09903188539402825
1606.0 0.0977336774979319
1607.0 0.09709794074296951
1608.0 0.09682657931532179
1609.0 0.09627876962934222
1610.0 0.0952619269490242
1611.0 0.09417201301881245
1612.0 0.09367366858891078
1613.0 0.09342578777245113
1614.0 0.09301614612340928
1615.0 0.09212660257305418
1616.0 0.09153965030397687
1617.0 0.09056948402098247
1618.0 0.09061893842050008
1619.0 0.08968382201024465
1620.0 0.08868496758597237
1621.0 0.0873003289103508
1622.0 0.08577025575297219
1623.0 0.08506296575069427
1624.0 0.08393449208566121
1625.0 0.08377720926489149
1626.0 0.08350103284631456
1627.0 0.0833532731447901
1628.0 0.08347505394901548
1629.0 0.08378627938883645
1630.0 0.08361108026334217
1631.0 0.08360206144196647
1632.0 0.08391432336398534
1633.0 0.0837317562529019
1634.0 0.08353395249162401
1635.0 0.08303339013031551
1636.0 0.08292321179594313
1637.0 0.08227342516183853
1638.0 0.08142796839986528
1639.0 0.08129555306264333
1640.0 0.08181557995932442
1641.0 0.0814317992755345
1642.0 0.08001528403588704
1643.0 0.07869267463684082
1644.0 0.07731900023562567
1645.0 0.07624754820551191
1646.0 0.07599687704018183
1647.0 0.07488368685756411
1648.0 0.0737409668309348
1649.0 0.07314435648066657
1650.0 0.07281756550073623
1651.0 0.07226220326764243
1652.0 0.07160613174949373
1653.0 0.07085146329232625
1654.0 0.07112126754862921
1655.0 0.07138606778212957
1656.0 0.07124869972467422
1657.0 0.07032789992434638
1658.0 0.06922173712934766
1659.0 0.06911261613879885
1660.0 0.0685987080846514
1661.0 0.06771149518234389
1662.0 0.06735638784510749
1663.0 0.06713974262986865
1664.0 0.0667627330337252
1665.0 0.06630481098379408
1666.0 0.06573195649044854
1667.0 0.06534873055560249
1668.0 0.06567292564681598
1669.0 0.0654870622924396
1670.0 0.06450917050242425
1671.0 0.06313467845320701
1672.0 0.06239410862326622
1673.0 0.06162508821913174
1674.0 0.06140645135726248
1675.0 0.06071193047932216
1676.0 0.06017397344112396
1677.0 0.059835524431296756
1678.0 0.059465814701148444
1679.0 0.05923102104238102
1680.0 0.05814619596515383
1681.0 0.05747951886483601
1682.0 0.056703765796763554
1683.0 0.055813178952251165
1684.0 0.05501000114849636
1685.0 0.0542711001421724
1686.0 0.05388214513659477
1687.0 0.05363738728421075
1688.0 0.05307192834360259
1689.0 0.05258754821760314
1690.0 0.05226443356701306
1691.0 0.05213612509625298
1692.0 0.05187921768852643
1693.0 0.051531290688685005
1694.0 0.05142538504941123
1695.0 0.05148534742849214
1696.0 0.051402767321893146
1697.0 0.051159159732716425
1698.0 0.050062088349035805
1699.0 0.04914878308773041
1700.0 0.049475347995758055
1701.0 0.049688667591129033
1702.0 0.04908618799277714
1703.0 0.04901566090328353
1704.0 0.04956309699586459
1705.0 0.0490090939615454
1706.0 0.048558052416358674
1707.0 0.048356148813452036
1708.0 0.0477400181548936
1709.0 0.04769667301859174
1710.0 0.048271913826465604
1711.0 0.04825900048017502
1712.0 0.04811262360640935
1713.0 0.04825838516865458
1714.0 0.048122672949518476
1715.0 0.048032257067305704
1716.0 0.047877606110913414
1717.0 0.04776494864906584
1718.0 0.04823857492634228
1719.0 0.04808759221008846
1720.0 0.04766918772033283
1721.0 0.047014795456613814
1722.0 0.04685351891177041
1723.0 0.047169691962855205
1724.0 0.04710259001169886
1725.0 0.04707667220916067
1726.0 0.04656107830149787
1727.0 0.04609081287469183
1728.0 0.046053300159318106
1729.0 0.046432455096926006
1730.0 0.046370150361742295
1731.0 0.04593436994722911
1732.0 0.045765417175633566
1733.0 0.04543635334287371
1734.0 0.045103976556232994
1735.0 0.044876985251903534
1736.0 0.044426636397838594
1737.0 0.044085144996643066
1738.0 0.0436565811080592
1739.0 0.043313610340867725
1740.0 0.042900380172899794
1741.0 0.04258868939110211
1742.0 0.042403405266148705
1743.0 0.041795217458690914
1744.0 0.04157331074987139
1745.0 0.04163528276341302
1746.0 0.040934284244264874
1747.0 0.040535403043031694
1748.0 0.040553958394697734
1749.0 0.040060464824948995
1750.0 0.04020634570292064
1751.0 0.04015095329710416
1752.0 0.03949693962931633
1753.0 0.03929442028914179
1754.0 0.03949358431356294
1755.0 0.03907373760427747
1756.0 0.03849501684308052
1757.0 0.03826414942741394
1758.0 0.03836431758744376
1759.0 0.038564747359071457
1760.0 0.03837851690394538
1761.0 0.037868974677154
1762.0 0.03770184335964066
1763.0 0.037552175777299066
1764.0 0.03693857363292149
1765.0 0.036917710623570854
1766.0 0.03688540256449154
1767.0 0.03639379782336099
1768.0 0.036260270540203365
1769.0 0.03622850903442928
1770.0 0.035872381127306396
1771.0 0.03595611484987395
1772.0 0.036120336077042986
1773.0 0.03596304708293506
1774.0 0.03577851929834911
1775.0 0.03558135639343943
1776.0 0.03559770658612251
1777.0 0.03584930002689361
1778.0 0.03582344598003796
1779.0 0.03555378594568798
1780.0 0.03569413274526596
1781.0 0.03565660906689508
1782.0 0.03552673639995711
1783.0 0.035592428594827655
1784.0 0.03573197264756475
1785.0 0.035787029245070046
1786.0 0.0359602190554142
1787.0 0.03613155803510121
1788.0 0.035917046133960996
1789.0 0.03590325574789729
1790.0 0.03557725527456829
1791.0 0.035572087232555664
1792.0 0.035667793186647555
1793.0 0.035300355244960106
1794.0 0.03528883329459599
1795.0 0.035268104395696095
1796.0 0.03540380990930966
1797.0 0.03575634264520237
1798.0 0.035683501937559675
1799.0 0.03530378650341715
1800.0 0.03555246623499053
1801.0 0.0358019582927227
1802.0 0.03580800284232412
1803.0 0.03557319524032729
1804.0 0.03521634750068188
1805.0 0.0349944642079728
1806.0 0.03516693839005062
1807.0 0.035362871842724936
1808.0 0.03528265974351338
1809.0 0.03498909026384354
1810.0 0.034733730448143825
1811.0 0.03491780816444329
1812.0 0.035127737479550496
1813.0 0.0348696517092841
1814.0 0.034647697742496215
1815.0 0.03437763207725116
1816.0 0.03429755062929222
1817.0 0.03402063042989799
1818.0 0.03338562452367374
1819.0 0.033137279323169164
1820.0 0.03268400372139045
1821.0 0.03182849910642419
1822.0 0.0309204189106822
1823.0 0.029981103645903725
1824.0 0.028823968289153918
1825.0 0.027913174645176956
1826.0 0.027197442230369365
1827.0 0.025472480697291237
1828.0 0.024478434744690147
1829.0 0.024108527308063846
1830.0 0.023885323479771615
1831.0 0.023122911554362094
1832.0 0.02190524462078299
1833.0 0.02004882355353662
1834.0 0.019401259161531924
1835.0 0.018485548506890024
1836.0 0.01856848994003875
1837.0 0.018222129690859998
1838.0 0.01806254323039736
1839.0 0.018161692523530552
1840.0 0.017840070250843252
1841.0 0.016831676342657635
1842.0 0.01626073992145913
1843.0 0.017707141994365624
1844.0 0.018216248308973653
1845.0 0.019591960949557168
1846.0 0.01962292566895485
1847.0 0.018607120295720442
1848.0 0.019073455993618284
1849.0 0.01958124733396939
1850.0 0.019317146364067284
1851.0 0.021186018123158387
1852.0 0.021040946883814676
1853.0 0.020071558747440578
1854.0 0.01940414324136717
1855.0 0.019340034361396516
1856.0 0.019582209762717996
1857.0 0.02100619156844914
1858.0 0.02103335244048919
1859.0 0.024384888387950405
1860.0 0.0267652163614652
1861.0 0.025498276563095196
1862.0 0.02963439508873437
1863.0 0.03662582281976938
1864.0 0.03306395709514618
1865.0 0.03166240178688895
1866.0 0.02873621944288191
1867.0 0.0330432286789541
1868.0 0.03608788695585515
1869.0 0.04324253488198987
1870.0 0.040933313769554454
1871.0 0.03168422204076445
1872.0 0.029039003570298
1873.0 0.031221471112387787
1874.0 0.03851079955098352
1875.0 0.037432533359554196
1876.0 0.14131970363669097
1877.0 0.5226452601541366
1878.0 0.25542961482756904
1879.0 0.0837561724441392
1880.0 0.06428786368508424
1881.0 0.02990602080577186
1882.0 0.028045910423887627
1883.0 0.028966934614748294
1884.0 0.03197326614421659
1885.0 0.04005213165323117
1886.0 0.04611606394339885
1887.0 0.046923663996858524
1888.0 0.04321958746794345
1889.0 0.041059189633233475
1890.0 0.04485624146514705
1891.0 0.0463262570223638
1892.0 0.03851530643712197
1893.0 0.03373387177873935
1894.0 0.03849883684888482
1895.0 0.03147059202726398
1896.0 0.02400354149618319
1897.0 0.02749687261613352
1898.0 0.01820269852178171
1899.0 0.015501208629991327
1900.0 0.016948046731496497
1901.0 0.01828870048713205
1902.0 0.026147963000195368
1903.0 0.020015994778701238
1904.0 0.008363774299089398
1905.0 0.00595933417789638
1906.0 0.010011749967400516
1907.0 0.005509082088246941
1908.0 0.005138892148222242
1909.0 0.0038471728563308715
1910.0 0.0
1911.0 0.0
1912.0 0.0
1913.0 0.0
1914.0 0.0
1915.0 0.0
1916.0 0.0
1917.0 0.0
1918.0 0.0
1919.0 0.0
1920.0 0.0
1921.0 0.0
1922.0 0.0
1923.0 0.0
1924.0 0.0
1925.0 0.0
1926.0 0.0
1927.0 0.0
1928.0 0.0
1929.0 0.0
1930.0 0.0
1931.0 0.0
1932.0 0.0
1933.0 0.0
1934.0 0.0
1935.0 0.0
1936.0 0.0
1937.0 0.0
1938.0 0.0
1939.0 0.0
1940.0 0.0
1941.0 0.0
1942.0 0.0
1943.0 0.0
1944.0 0.0
1945.0 0.0
1946.0 0.0
1947.0 0.0
1948.0 0.0
1949.0 0.0
1950.0 0.0
1951.0 0.0
1952.0 0.0
1953.0 0.0
1954.0 0.0
1955.0 0.0
1956.0 0.0
1957.0 0.0
1958.0 0.0
1959.0 0.0
1960.0 0.0
1961.0 0.0
1962.0 0.0
1963.0 0.0
1964.0 0.0
1965.0 0.0
1966.0 0.0
1967.0 0.0
1968.0 0.0
1969.0 0.0
1970.0 0.0
1971.0 0.0
1972.0 0.0
1973.0 0.0
1974.0 0.0
1975.0 0.0
1976.0 0.0
1977.0 0.0
1978.0 0.0
1979.0 0.0
1980.0 0.0
1981.0 0.0
1982.0 0.0
1983.0 0.0
1984.0 0.0
1985.0 0.0
1986.0 0.0
1987.0 0.0
1988.0 0.0
1989.0 0.0
1990.0 0.0
1991.0 0.0
1992.0 0.0
1993.0 0.0
1994.0 0.0
1995.0 0.0
1996.0 0.0
1997.0 0.0
1998.0 0.0
1999.0 0.0
2000.0 0.0
2001.0 0.0
2002.0 0.0
2003.0 0.0
2004.0 0.0
2005.0 0.0
2006.0 0.0
2007.0 0.0
2008.0 0.0
2009.0 0.0
2010.0 0.0
2011.0 0.0
2012.0 0.0
2013.0 0.0
2014.0 0.0
2015.0 0.0
2016.0 0.0
2017.0 0.0
2018.0 0.0
2019.0 0.0
2020.0 0.0
2021.0 0.0
2022.0 0.0
2023.0 0.0
2024.0 0.0
2025.0 0.0
2026.0 0.0
2027.0 0.0
2028.0 0.0
2029.0 0.0
2030.0 0.0
2031.0 0.0
2032.0 0.0
2033.0 0.0
2034.0 0.0
2035.0 0.0
2036.0 0.0
2037.0 0.0
2038.0 0.0
2039.0 0.0
2040.0 0.0
2041.0 0.0
2042.0 0.0
2043.0 0.0
2044.0 0.0
2045.0 0.0
2046.0 0.0
2047.0 0.0
2048.0 0.0
2049.0 0.0
2050.0 0.0
2051.0 0.0
2052.0 0.0
2053.0 0.0
2054.0 0.0
2055.0 0.0
2056.0 0.0
2057.0 0.0
2058.0 0.0
2059.0 0.0
2060.0 0.0
2061.0 0.0
2062.0 0.0
2063.0 0.0
2064.0 0.0
2065.0 0.0
2066.0 0.0
2067.0 0.0
2068.0 0.0
2069.0 0.0
2070.0 0.0
2071.0 0.0
2072.0 0.0
2073.0 0.0
2074.0 0.0
2075.0 0.0
2076.0 0.0
2077.0 0.0
2078.0 0.0
2079.0 0.0
2080.0 0.0
2081.0 0.0
2082.0 0.0
2083.0 0.0
2084.0 0.0
2085.0 0.0
2086.0 0.0
2087.0 0.0
2088.0 0.0
2089.0 0.0
2090.0 0.0
2091.0 0.0
2092.0 0.0
2093.0 0.0
2094.0 0.0
2095.0 0.0
2096.0 0.0
2097.0 0.0
2098.0 0.0
2099.0 0.0
2100.0 0.0
2101.0 0.0
2102.0 0.0
2103.0 0.0
2104.0 0.0
2105.0 0.0
2106.0 0.0
2107.0 0.0
2108.0 0.0
2109.0 0.0
2110.0 0.0
2111.0 0.0
2112.0 0.0
2113.0 0.0
2114.0 0.0
2115.0 0.0
2116.0 0.0
2117.0 0.0
2118.0 0.0
2119.0 0.0
2120.0 0.0
2121.0 0.0
2122.0 0.0
2123.0 0.0
2124.0 0.0
2125.0 0.0
2126.0 0.0
2127.0 0.0
2128.0 0.0
2129.0 0.0
2130.0 0.0
2131.0 0.0
2132.0 0.0
2133.0 0.0
2134.0 0.0
2135.0 0.0
2136.0 0.0
2137.0 0.0
2138.0 0.0
2139.0 0.0
2140.0 0.0
2141.0 0.0
2142.0 0.0
2143.0 0.0
2144.0 0.0
2145.0 0.0
2146.0 0.0
2147.0 0.0
2148.0 0.0
2149.0 0.0
2150.0 0.0
2151.0 0.0
2152.0 0.0
2153.0 0.0
2154.0 0.0
2155.0 0.0
2156.0 0.0
2157.0 0.0
2158.0 0.0
2159.0 0.0
2160.0 0.0
2161.0 0.0
2162.0 0.0
2163.0 0.0
2164.0 0.0
2165.0 0.0
2166.0 0.0
2167.0 0.0
2168.0 0.0
2169.0 0.0
2170.0 0.0
2171.0 0.0
2172.0 0.0
2173.0 0.0
2174.0 0.0
2175.0 0.0
2176.0 0.0
2177.0 0.0
2178.0 0.0
2179.0 0.0
2180.0 0.0
2181.0 0.0
2182.0 0.0
2183.0 0.0
2184.0 0.0
2185.0 0.0
2186.0 0.0
2187.0 0.0
2188.0 0.0
2189.0 0.0
2190.0 0.0
2191.0 0.0
2192.0 0.0
2193.0 0.0
2194.0 0.0
2195.0 0.0
2196.0 0.0
2197.0 0.0
2198.0 0.0
2199.0 0.0
2200.0 0.0
2201.0 0.0
2202.0 0.0
2203.0 0.0
2204.0 0.0
2205.0 0.0
2206.0 0.0
2207.0 0.0
2208.0 0.0
2209.0 0.0
2210.0 0.0
2211.0 0.0
2212.0 0.0
2213.0 0.0
2214.0 0.0
2215.0 0.0
2216.0 0.0
2217.0 0.0
2218.0 0.0
2219.0 0.0
2220.0 0.0
2221.0 0.0
2222.0 0.0
2223.0 0.0
2224.0 0.0
2225.0 0.0
2226.0 0.0
2227.0 0.0
2228.0 0.0
2229.0 0.0
2230.0 0.0
2231.0 0.0
2232.0 0.0
2233.0 0.0
2234.0 0.0
2235.0 0.0
2236.0 0.0
2237.0 0.0
2238.0 0.0
2239.0 0.0
2240.0 0.0
2241.0 0.0
2242.0 0.0
2243.0 0.0
2244.0 0.0
2245.0 0.0
2246.0 0.0
2247.0 0.0
2248.0 0.0
2249.0 0.0
2250.0 0.0
2251.0 0.0
2252.0 0.0
2253.0 0.0
2254.0 0.0
2255.0 0.0
2256.0 0.0
2257.0 0.0
2258.0 0.0
2259.0 0.0
2260.0 0.0
2261.0 0.0
2262.0 0.0
2263.0 0.0
2264.0 0.0
2265.0 0.0
2266.0 0.0
2267.0 0.0
2268.0 0.0
2269.0 0.0
2270.0 0.0
2271.0 0.0
2272.0 0.0
2273.0 0.0
2274.0 0.0
2275.0 0.0
2276.0 0.0
2277.0 0.0
2278.0 0.0
2279.0 0.0
2280.0 0.0
2281.0 0.0
2282.0 0.0
2283.0 0.0
2284.0 0.0
2285.0 0.0
2286.0 0.0
2287.0 0.0
2288.0 0.0
2289.0 0.0
2290.0 0.0
2291.0 0.0
2292.0 0.0
2293.0 0.0
2294.0 0.0
2295.0 0.0
2296.0 0.0
2297.0 0.0
2298.0 0.0
2299.0 0.0
2300.0 0.0
2301.0 0.0
2302.0 0.0
2303.0 0.0
2304.0 0.0
2305.0 0.0
2306.0 0.0
2307.0 0.0
2308.0 0.0
2309.0 0.0
2310.0 0.0
2311.0 0.0
2312.0 0.0
2313.0 0.0
2314.0 0.0
2315.0 0.0
2316.0 0.0
2317.0 0.0
2318.0 0.0
2319.0 0.0
2320.0 0.0
2321.0 0.0
2322.0 0.0
2323.0 0.0
2324.0 0.0
2325.0 0.0
2326.0 0.0
2327.0 0.0
2328.0 0.0
2329.0 0.0
2330.0 0.0
2331.0 0.0
2332.0 0.0
2333.0 0.0
2334.0 0.0
2335.0 0.0
2336.0 0.0
2337.0 0.0
2338.0 0.0
2339.0 0.0
2340.0 0.0
2341.0 0.0
2342.0 0.0
2343.0 0.0
2344.0 0.0
2345.0 0.0
2346.0 0.0
2347.0 0.0
2348.0 0.0
2349.0 0.0
2350.0 0.0
2351.0 0.0
2352.0 0.0
2353.0 0.0
2354.0 0.0
2355.0 0.0
2356.0 0.0
2357.0 0.0
2358.0 0.0
2359.0 0.0
2360.0 0.0
2361.0 0.0
2362.0 0.0
2363.0 0.0
2364.0 0.0
2365.0 0.0
2366.0 0.0
2367.0 0.0
2368.0 0.0
2369.0 0.0
2370.0 0.0
2371.0 0.0
2372.0 0.0
2373.0 0.0
2374.0 0.0
2375.0 0.0
2376.0 0.0
2377.0 0.0
2378.0 0.0
2379.0 0.0
2380.0 0.0
2381.0 0.0
2382.0 0.0
2383.0 0.0
2384.0 0.0
2385.0 0.0
2386.0 0.0
2387.0 0.0
2388.0 0.0
2389.0 0.0
2390.0 0.0
2391.0 0.0
2392.0 0.0
2393.0 0.0
2394.0 0.0
2395.0 0.0
2396.0 0.0
2397.0 0.0
2398.0 0.0
2399.0 0.0
2400.0 0.0
2401.0 0.0
2402.0 0.0
2403.0 0.0
2404.0 0.0
2405.0 0.0
2406.0 0.0
2407.0 0.0
2408.0 0.0
2409.0 0.0
2410.0 0.0
2411.0 0.0
2412.0 0.0
2413.0 0.0
2414.0 0.0
2415.0 0.0
2416.0 0.0
2417.0 0.0
2418.0 0.0
2419.0 0.0
2420.0 0.0
2421.0 0.0
2422.0 0.0
2423.0 0.0
2424.0 0.0
2425.0 0.0
2426.0 0.0
2427.0 0.0
2428.0 0.0
2429.0 0.0
2430.0 0.0
2431.0 0.0
2432.0 0.0
2433.0 0.0
2434.0 0.0
2435.0 0.0
2436.0 0.0
2437.0 0.0
2438.0 0.0
2439.0 0.0
2440.0 0.0
2441.0 0.0
2442.0 0.0
2443.0 0.0
2444.0 0.0
2445.0 0.0
2446.0 0.0
2447.0 0.0
2448.0 0.0
2449.0 0.0
2450.0 0.0
2451.0 0.0
2452.0 0.0
2453.0 0.0
2454.0 0.0
2455.0 0.0
2456.0 0.0
2457.0 0.0
2458.0 0.0
2459.0 0.0
2460.0 0.0
2461.0 0.0
2462.0 0.0
2463.0 0.0
2464.0 0.0
2465.0 0.0
2466.0 0.0
2467.0 0.0
2468.0 0.0
2469.0 0.0
2470.0 0.0
2471.0 0.0
2472.0 0.0
2473.0 0.0
2474.0 0.0
2475.0 0.0
2476.0 0.0
2477.0 0.0
2478.0 0.0
2479.0 0.0
2480.0 0.0
2481.0 0.0
2482.0 0.0
2483.0 0.0
2484.0 0.0
2485.0 0.0
2486.0 0.0
2487.0 0.0
2488.0 0.0
2489.0 0.0
2490.0 0.0
2491.0 0.0
2492.0 0.0
2493.0 0.0
2494.0 0.0
2495.0 0.0
2496.0 0.0
2497.0 0.0
2498.0 0.0
2499.0 0.0
2500.0 0.0
2501.0 0.0
2502.0 0.0
2503.0 0.0
2504.0 0.0
2505.0 0.0
2506.0 0.0
2507.0 0.0
2508.0 0.0
2509.0 0.0
2510.0 0.0
2511.0 0.0
2512.0 0.0
2513.0 0.0
2514.0 0.0
2515.0 0.0
2516.0 0.0
2517.0 0.0
2518.0 0.0
2519.0 0.0
2520.0 0.0
2521.0 0.0
2522.0 0.0
2523.0 0.0
2524.0 0.0
2525.0 0.0
2526.0 0.0
2527.0 0.0
2528.0 0.0
2529.0 0.0
2530.0 0.0
2531.0 0.0
2532.0 0.0
2533.0 0.0
2534.0 0.0
2535.0 0.0
2536.0 0.0
2537.0 0.0
2538.0 0.0
2539.0 0.0
2540.0 0.0
2541.0 0.0
2542.0 0.0
2543.0 0.0
2544.0 0.0
2545.0 0.0
2546.0 0.0
2547.0 0.0
2548.0 0.0
2549.0 0.0
2550.0 0.0
2551.0 0.0
2552.0 0.0
2553.0 0.0
2554.0 0.0
2555.0 0.0
2556.0 0.0
2557.0 0.0
2558.0 0.0
2559.0 0.0
2560.0 0.0
2561.0 0.0
2562.0 0.0
2563.0 0.0
2564.0 0.0
2565.0 0.0
2566.0 0.0
2567.0 0.0
2568.0 0.0
2569.0 0.0
2570.0 0.0
2571.0 0.0
2572.0 0.0
2573.0 0.0
2574.0 0.0
2575.0 0.0
2576.0 0.0
2577.0 0.0
2578.0 0.0
2579.0 0.0
2580.0 0.0
2581.0 0.0
2582.0 0.0
2583.0 0.0
2584.0 0.0
2585.0 0.0
2586.0 0.0
2587.0 0.0
2588.0 0.0
2589.0 0.0
2590.0 0.0
2591.0 0.0
2592.0 0.0
2593.0 0.0
2594.0 0.0
2595.0 0.0
2596.0 0.0
2597.0 0.0
2598.0 0.0
2599.0 0.0
2600.0 0.0
2601.0 0.0
2602.0 0.0
2603.0 0.0
2604.0 0.0
2605.0 0.0
2606.0 0.0
2607.0 0.0
2608.0 0.0
2609.0 0.0
2610.0 0.0
2611.0 0.0
2612.0 0.0
2613.0 0.0
2614.0 0.0
2615.0 0.0
2616.0 0.0
2617.0 0.0
2618.0 0.0
2619.0 0.0
2620.0 0.0
2621.0 0.0
2622.0 0.0
2623.0 0.0
2624.0 0.0
2625.0 0.0
2626.0 0.0
2627.0 0.0
2628.0 0.0
2629.0 0.0
2630.0 0.0
2631.0 0.0
2632.0 0.0
2633.0 0.0
2634.0 0.0
2635.0 0.0
2636.0 0.0
2637.0 0.0
2638.0 0.0
2639.0 0.0
2640.0 0.0
2641.0 0.0
2642.0 0.0
2643.0 0.0
2644.0 0.0
2645.0 0.0
2646.0 0.0
2647.0 0.0
2648.0 0.0
2649.0 0.0
2650.0 0.0
2651.0 0.0
2652.0 0.0
2653.0 0.0
2654.0 0.0
2655.0 0.0
2656.0 0.0
2657.0 0.0
2658.0 0.0
2659.0 0.0
2660.0 0.0
2661.0 0.0
2662.0 0.0
2663.0 0.0
2664.0 0.0
2665.0 0.0
2666.0 0.0
2667.0 0.0
2668.0 0.0
2669.0 0.0
2670.0 0.0
2671.0 0.0
2672.0 0.0
2673.0 0.0
2674.0 0.0
2675.0 0.0
2676.0 0.0
2677.0 0.0
2678.0 0.0
2679.0 0.0
2680.0 0.0
2681.0 0.0
2682.0 0.0
2683.0 0.0
2684.0 0.0
2685.0 0.0
2686.0 0.0
2687.0 0.0
2688.0 0.0
2689.0 0.0
2690.0 0.0
2691.0 0.0
2692.0 0.0
2693.0 0.0
2694.0 0.0
2695.0 0.0
2696.0 0.0
2697.0 0.0
2698.0 0.0
2699.0 0.0
2700.0 0.0
2701.0 0.0
2702.0 0.0
2703.0 0.0
2704.0 0.0
2705.0 0.0
2706.0 0.0
2707.0 0.0
2708.0 0.0
2709.0 0.0
2710.0 0.0
2711.0 0.0
2712.0 0.0
2713.0 0.0
2714.0 0.0
2715.0 0.0
2716.0 0.0
2717.0 0.0
2718.0 0.0
2719.0 0.0
2720.0 0.0
2721.0 0.0
2722.0 0.0
2723.0 0.0
2724.0 0.0
2725.0 0.0
2726.0 0.0
2727.0 0.0
2728.0 0.0
2729.0 0.0
2730.0 0.0
2731.0 0.0
2732.0 0.0
2733.0 0.0
2734.0 0.0
2735.0 0.0
2736.0 0.0
2737.0 0.0
2738.0 0.0
2739.0 0.0
2740.0 0.0
2741.0 0.0
2742.0 0.0
2743.0 0.0
2744.0 0.0
2745.0 0.0
2746.0 0.0
2747.0 0.0
2748.0 0.0
2749.0 0.0
2750.0 0.0
2751.0 0.0
2752.0 0.0
2753.0 0.0
2754.0 0.0
2755.0 0.0
2756.0 0.0
2757.0 0.0
2758.0 0.0
2759.0 0.0
2760.0 0.0
2761.0 0.0
2762.0 0.0
2763.0 0.0
2764.0 0.0
2765.0 0.0
2766.0 0.0
2767.0 0.0
2768.0 0.0
2769.0 0.0
2770.0 0.0
2771.0 0.0
2772.0 0.0
2773.0 0.0
2774.0 0.0
2775.0 0.0
2776.0 0.0
2777.0 0.0
2778.0 0.0
2779.0 0.0
2780.0 0.0
2781.0 0.0
2782.0 0.0
2783.0 0.0
2784.0 0.0
2785.0 0.0
2786.0 0.0
2787.0 0.0
2788.0 0.0
2789.0 0.0
2790.0 0.0
2791.0 0.0
2792.0 0.0
2793.0 0.0
2794.0 0.0
2795.0 0.0
2796.0 0.0
2797.0 0.0
2798.0 0.0
2799.0 0.0
2800.0 0.0
2801.0 0.0
2802.0 0.0
2803.0 0.0
2804.0 0.0
2805.0 0.0
2806.0 0.0
2807.0 0.0
2808.0 0.0
2809.0 0.0
2810.0 0.0
2811.0 0.0
2812.0 0.0
2813.0 0.0
2814.0 0.0
2815.0 0.0
2816.0 0.0
2817.0 0.0
2818.0 0.0
2819.0 0.0
2820.0 0.0
2821.0 0.0
2822.0 0.0
2823.0 0.0
2824.0 0.0
2825.0 0.0
2826.0 0.0
2827.0 0.0
2828.0 0.0
2829.0 0.0
2830.0 0.0
2831.0 0.0
2832.0 0.0
2833.0 0.0
2834.0 0.0
2835.0 0.0
2836.0 0.0
2837.0 0.0
2838.0 0.0
2839.0 0.0
2840.0 0.0
2841.0 0.0
2842.0 0.0
2843.0 0.0
2844.0 0.0
2845.0 0.0
2846.0 0.0
2847.0 0.0
2848.0 0.0
2849.0 0.0
2850.0 0.0
2851.0 0.0
2852.0 0.0
2853.0 0.0
2854.0 0.0
2855.0 0.0
2856.0 0.0
2857.0 0.0
2858.0 0.0
2859.0 0.0
2860.0 0.0
2861.0 0.0
2862.0 0.0
2863.0 0.0
2864.0 0.0
2865.0 0.0
2866.0 0.0
2867.0 0.0
2868.0 0.0
2869.0 0.0
2870.0 0.0
2871.0 0.0
2872.0 0.0
2873.0 0.0
2874.0 0.0
2875.0 0.0
2876.0 0.0
2877.0 0.0
2878.0 0.0
2879.0 0.0
2880.0 0.0
2881.0 0.0
2882.0 0.0
2883.0 0.0
2884.0 0.0
2885.0 0.0
2886.0 0.0
2887.0 0.0
2888.0 0.0
2889.0 0.0
2890.0 0.0
2891.0 0.0
2892.0 0.0
2893.0 0.0
2894.0 0.0
2895.0 0.0
2896.0 0.0
2897.0 0.0
2898.0 0.0
2899.0 0.0
2900.0 0.0
2901.0 0.0
2902.0 0.0
2903.0 0.0
2904.0 0.0
2905.0 0.0
2906.0 0.0
2907.0 0.0
2908.0 0.0
2909.0 0.0
2910.0 0.0
2911.0 0.0
2912.0 0.0
2913.0 0.0
2914.0 0.0
2915.0 0.0
2916.0 0.0
2917.0 0.0
2918.0 0.0
2919.0 0.0
2920.0 0.0
2921.0 0.0
2922.0 0.0
2923.0 0.0
2924.0 0.0
2925.0 0.0
2926.0 0.0
2927.0 0.0
2928.0 0.0
2929.0 0.0
2930.0 0.0
2931.0 0.0
2932.0 0.0
2933.0 0.0
2934.0 0.0
2935.0 0.0
2936.0 0.0
2937.0 0.0
2938.0 0.0
2939.0 0.0
2940.0 0.0
2941.0 0.0
2942.0 0.0
2943.0 0.0
2944.0 0.0
2945.0 0.0
2946.0 0.0
2947.0 0.0
2948.0 0.0
2949.0 0.0
2950.0 0.0
2951.0 0.0
2952.0 0.0
2953.0 0.0
2954.0 0.0
2955.0 0.0
2956.0 0.0
2957.0 0.0
2958.0 0.0
2959.0 0.0
2960.0 0.0
2961.0 0.0
2962.0 0.0
2963.0 0.0
2964.0 0.0
2965.0 0.0
2966.0 0.0
2967.0 0.0
2968.0 0.0
2969.0 0.0
2970.0 0.0
2971.0 0.0
2972.0 0.0
2973.0 0.0
2974.0 0.0
2975.0 0.0
2976.0 0.0
2977.0 0.0
2978.0 0.0
2979.0 0.0
2980.0 0.0
2981.0 0.0
2982.0 0.0
2983.0 0.0
2984.0 0.0
2985.0 0.0
2986.0 0.0
2987.0 0.0
2988.0 0.0
2989.0 0.0
2990.0 0.0
2991.0 0.0
2992.0 0.0
2993.0 0.0
2994.0 0.0
2995.0 0.0
2996.0 0.0
2997.0 0.0
2998.0 0.0
2999.0 0.0
3000.0 0.0
3001.0 0.0
3002.0 0.0
3003.0 0.0
3004.0 0.0
3005.0 0.0
3006.0 0.0
3007.0 0.0
3008.0 0.0
3009.0 0.0
3010.0 0.0
3011.0 0.0
3012.0 0.0
3013.0 0.0
3014.0 0.0
3015.0 0.0
3016.0 0.0
3017.0 0.0
3018.0 0.0
3019.0 0.0
3020.0 0.0
3021.0 0.0
3022.0 0.0
3023.0 0.0
3024.0 0.0
3025.0 0.0
3026.0 0.0
3027.0 0.0
3028.0 0.0
3029.0 0.0
3030.0 0.0
3031.0 0.0
3032.0 0.0
3033.0 0.0
3034.0 0.0
3035.0 0.0
3036.0 0.0
3037.0 0.0
3038.0 0.0
3039.0 0.0
3040.0 0.0
3041.0 0.0
3042.0 0.0
3043.0 0.0
3044.0 0.0
3045.0 0.0
3046.0 0.0
3047.0 0.0
3048.0 0.0
3049.0 0.0
3050.0 0.0
3051.0 0.0
3052.0 0.0
3053.0 0.0
3054.0 0.0
3055.0 0.0
3056.0 0.0
3057.0 0.0
3058.0 0.0
3059.0 0.0
3060.0 0.0
3061.0 0.0
3062.0 0.0
3063.0 0.0
3064.0 0.0
3065.0 0.0
3066.0 0.0
3067.0 0.0
3068.0 0.0
3069.0 0.0
3070.0 0.0
3071.0 0.0
3072.0 0.0
3073.0 0.0
3074.0 0.0
3075.0 0.0
3076.0 0.0
3077.0 0.0
3078.0 0.0
3079.0 0.0
3080.0 0.0
3081.0 0.0
3082.0 0.0
3083.0 0.0
3084.0 0.0
3085.0 0.0
3086.0 0.0
3087.0 0.0
3088.0 0.0
3089.0 0.0
3090.0 0.0
3091.0 0.0
3092.0 0.0
3093.0 0.0
3094.0 0.0
3095.0 0.0
3096.0 0.0
3097.0 0.0
3098.0 0.0
3099.0 0.0
3100.0 0.0
3101.0 0.0
3102.0 0.0
3103.0 0.0
3104.0 0.0
3105.0 0.0
3106.0 0.0
3107.0 0.0
3108.0 0.0
3109.0 0.0
3110.0 0.0
3111.0 0.0
3112.0 0.0
3113.0 0.0
3114.0 0.0
3115.0 0.0
3116.0 0.0
3117.0 0.0
3118.0 0.0
3119.0 0.0
3120.0 0.0
3121.0 0.0
3122.0 0.0
3123.0 0.0
3124.0 0.0
3125.0 0.0
3126.0 0.0
3127.0 0.0
3128.0 0.0
3129.0 0.0
3130.0 0.0
3131.0 0.0
3132.0 0.0
3133.0 0.0
3134.0 0.0
3135.0 0.0
3136.0 0.0
3137.0 0.0
3138.0 0.0
3139.0 0.0
3140.0 0.0
3141.0 0.0
3142.0 0.0
3143.0 0.0
3144.0 0.0
3145.0 0.0
3146.0 0.0
3147.0 0.0
3148.0 0.0
3149.0 0.0
3150.0 0.0
3151.0 0.0
3152.0 0.0
3153.0 0.0
3154.0 0.0
3155.0 0.0
3156.0 0.0
3157.0 0.0
3158.0 0.0
3159.0 0.0
3160.0 0.0
3161.0 0.0
3162.0 0.0
3163.0 0.0
3164.0 0.0
3165.0 0.0
3166.0 0.0
3167.0 0.0
3168.0 0.0
3169.0 0.0
3170.0 0.0
3171.0 0.0
3172.0 0.0
3173.0 0.0
3174.0 0.0
3175.0 0.0
3176.0 0.0
3177.0 0.0
3178.0 0.0
3179.0 0.0
3180.0 0.0
3181.0 0.0
3182.0 0.0
3183.0 0.0
3184.0 0.0
3185.0 0.0
3186.0 0.0
3187.0 0.0
3188.0 0.0
3189.0 0.0
3190.0 0.0
3191.0 0.0
3192.0 0.0
3193.0 0.0
3194.0 0.0
3195.0 0.0
3196.0 0.0
3197.0 0.0
3198.0 0.0
3199.0 0.0
3200.0 0.0
3201.0 0.0
3202.0 0.0
3203.0 0.0
3204.0 0.0
3205.0 0.0
3206.0 0.0
3207.0 0.0
3208.0 0.0
3209.0 0.0
3210.0 0.0
3211.0 0.0
3212.0 0.0
3213.0 0.0
3214.0 0.0
3215.0 0.0
3216.0 0.0
3217.0 0.0
3218.0 0.0
3219.0 0.0
3220.0 0.0
3221.0 0.0
3222.0 0.0
3223.0 0.0
3224.0 0.0
3225.0 0.0
3226.0 0.0
3227.0 0.0
3228.0 0.0
3229.0 0.0
3230.0 0.0
3231.0 0.0
3232.0 0.0
3233.0 0.0
3234.0 0.0
3235.0 0.0
3236.0 0.0
3237.0 0.0
3238.0 0.0
3239.0 0.0
3240.0 0.0
3241.0 0.0
3242.0 0.0
3243.0 0.0
3244.0 0.0
3245.0 0.0
3246.0 0.0
3247.0 0.0
3248.0 0.0
3249.0 0.0
3250.0 0.0
3251.0 0.0
3252.0 0.0
3253.0 0.0
3254.0 0.0
3255.0 0.0
3256.0 0.0
3257.0 0.0
3258.0 0.0
3259.0 0.0
3260.0 0.0
3261.0 0.0
3262.0 0.0
3263.0 0.0
3264.0 0.0
3265.0 0.0
3266.0 0.0
3267.0 0.0
3268.0 0.0
3269.0 0.0
3270.0 0.0
3271.0 0.0
3272.0 0.0
3273.0 0.0
3274.0 0.0
3275.0 0.0
3276.0 0.0
3277.0 0.0
3278.0 0.0
3279.0 0.0
3280.0 0.0
3281.0 0.0
3282.0 0.0
3283.0 0.0
3284.0 0.0
3285.0 0.0
3286.0 0.0
3287.0 0.0
3288.0 0.0
3289.0 0.0
3290.0 0.0
3291.0 0.0
3292.0 0.0
3293.0 0.0
3294.0 0.0
3295.0 0.0
3296.0 0.0
3297.0 0.0
3298.0 0.0
3299.0 0.0
3300.0 0.0
3301.0 0.0
3302.0 0.0
3303.0 0.0
3304.0 0.0
3305.0 0.0
3306.0 0.0
3307.0 0.0
3308.0 0.0
3309.0 0.0
3310.0 0.0
3311.0 0.0
3312.0 0.0
3313.0 0.0
3314.0 0.0
3315.0 0.0
3316.0 0.0
3317.0 0.0
3318.0 0.0
3319.0 0.0
3320.0 0.0
3321.0 0.0
3322.0 0.0
3323.0 0.0
3324.0 0.0
3325.0 0.0
3326.0 0.0
3327.0 0.0
3328.0 0.0
3329.0 0.0
3330.0 0.0
3331.0 0.0
3332.0 0.0
3333.0 0.0
3334.0 0.0
3335.0 0.0
3336.0 0.0
3337.0 0.0
3338.0 0.0
3339.0 0.0
3340.0 0.0
3341.0 0.0
3342.0 0.0
3343.0 0.0
3344.0 0.0
3345.0 0.0
3346.0 0.0
3347.0 0.0
3348.0 0.0
3349.0 0.0
3350.0 0.0
3351.0 0.0
3352.0 0.0
3353.0 0.0
3354.0 0.0
3355.0 0.0
3356.0 0.0
3357.0 0.0
3358.0 0.0
3359.0 0.0
3360.0 0.0
3361.0 0.0
3362.0 0.0
3363.0 0.0
3364.0 0.0
3365.0 0.0
3366.0 0.0
3367.0 0.0
3368.0 0.0
3369.0 0.0
3370.0 0.0
3371.0 0.0
3372.0 0.0
3373.0 0.0
3374.0 0.0
3375.0 0.0
3376.0 0.0
3377.0 0.0
3378.0 0.0
3379.0 0.0
3380.0 0.0
3381.0 0.0
3382.0 0.0
3383.0 0.0
3384.0 0.0
3385.0 0.0
3386.0 0.0
3387.0 0.0
3388.0 0.0
3389.0 0.0
3390.0 0.0
3391.0 0.0
3392.0 0.0
3393.0 0.0
3394.0 0.0
3395.0 0.0
3396.0 0.0
3397.0 0.0
3398.0 0.0
3399.0 0.0
3400.0 0.0
3401.0 0.0
3402.0 0.0
3403.0 0.0
3404.0 0.0
3405.0 0.0
3406.0 0.0
3407.0 0.0
3408.0 0.0
3409.0 0.0
3410.0 0.0
3411.0 0.0
3412.0 0.0
3413.0 0.0
3414.0 0.0
3415.0 0.0
3416.0 0.0
3417.0 0.0
3418.0 0.0
3419.0 0.0
3420.0 0.0
3421.0 0.0
3422.0 0.0
3423.0 0.0
3424.0 0.0
3425.0 0.0
3426.0 0.0
3427.0 0.0
3428.0 0.0
3429.0 0.0
3430.0 0.0
3431.0 0.0
3432.0 0.0
3433.0 0.0
3434.0 0.0
3435.0 0.0
3436.0 0.0
3437.0 0.0
3438.0 0.0
3439.0 0.0
3440.0 0.0
3441.0 0.0
3442.0 0.0
3443.0 0.0
3444.0 0.0
3445.0 0.0
3446.0 0.0
3447.0 0.0
3448.0 0.0
3449.0 0.0
3450.0 0.0
3451.0 0.0
3452.0 0.0
3453.0 0.0
3454.0 0.0
3455.0 0.0
3456.0 0.0
3457.0 0.0
3458.0 0.0
3459.0 0.0
3460.0 0.0
3461.0 0.0
3462.0 0.0
3463.0 0.0
3464.0 0.0
3465.0 0.0
3466.0 0.0
3467.0 0.0
3468.0 0.0
3469.0 0.0
3470.0 0.0
3471.0 0.0
3472.0 0.0
3473.0 0.0
3474.0 0.0
3475.0 0.0
3476.0 0.0
3477.0 0.0
3478.0 0.0
3479.0 0.0
3480.0 0.0
3481.0 0.0
3482.0 0.0
3483.0 0.0
3484.0 0.0
3485.0 0.0
3486.0 0.0
3487.0 0.0
3488.0 0.0
3489.0 0.0
3490.0 0.0
3491.0 0.0
3492.0 0.0
3493.0 0.0
3494.0 0.0
3495.0 0.0
3496.0 0.0
3497.0 0.0
3498.0 0.0
3499.0 0.0
3500.0 0.0
3501.0 0.0
3502.0 0.0
3503.0 0.0
3504.0 0.0
3505.0 0.0
3506.0 0.0
3507.0 0.0
3508.0 0.0
3509.0 0.0
3510.0 0.0
3511.0 0.0
3512.0 0.0
3513.0 0.0
3514.0 0.0
3515.0 0.0
3516.0 0.0
3517.0 0.0
3518.0 0.0
3519.0 0.0
3520.0 0.0
3521.0 0.0
3522.0 0.0
3523.0 0.0
3524.0 0.0
3525.0 0.0
3526.0 0.0
3527.0 0.0
3528.0 0.0
3529.0 0.0
3530.0 0.0
3531.0 0.0
3532.0 0.0
3533.0 0.0
3534.0 0.0
3535.0 0.0
3536.0 0.0
3537.0 0.0
3538.0 0.0
3539.0 0.0
3540.0 0.0
3541.0 0.0
3542.0 0.0
3543.0 0.0
3544.0 0.0
3545.0 0.0
3546.0 0.0
3547.0 0.0
3548.0 0.0
3549.0 0.0
3550.0 0.0
3551.0 0.0
3552.0 0.0
3553.0 0.0
3554.0 0.0
3555.0 0.0
3556.0 0.0
3557.0 0.0
3558.0 0.0
3559.0 0.0
3560.0 0.0
3561.0 0.0
3562.0 0.0
3563.0 0.0
3564.0 0.0
3565.0 0.0
3566.0 0.0
3567.0 0.0
3568.0 0.0
3569.0 0.0
3570.0 0.0
3571.0 0.0
3572.0 0.0
3573.0 0.0
3574.0 0.0
3575.0 0.0
3576.0 0.0
3577.0 0.0
3578.0 0.0
3579.0 0.0
3580.0 0.0
3581.0 0.0
3582.0 0.0
3583.0 0.0
3584.0 0.0
3585.0 0.0
3586.0 0.0
3587.0 0.0
3588.0 0.0
3589.0 0.0
3590.0 0.0
3591.0 0.0
3592.0 0.0
3593.0 0.0
3594.0 0.0
3595.0 0.0
3596.0 0.0
3597.0 0.0
3598.0 0.0
3599.0 0.0
3600.0 0.0
3601.0 0.0
3602.0 0.0
3603.0 0.0
3604.0 0.0
3605.0 0.0
3606.0 0.0
3607.0 0.0
3608.0 0.0
3609.0 0.0
3610.0 0.0
3611.0 0.0
3612.0 0.0
3613.0 0.0
3614.0 0.0
3615.0 0.0
3616.0 0.0
3617.0 0.0
3618.0 0.0
3619.0 0.0
3620.0 0.0
3621.0 0.0
3622.0 0.0
3623.0 0.0
3624.0 0.0
3625.0 0.0
3626.0 0.0
3627.0 0.0
3628.0 0.0
3629.0 0.0
3630.0 0.0
3631.0 0.0
3632.0 0.0
3633.0 0.0
3634.0 0.0
3635.0 0.0
3636.0 0.0
3637.0 0.0
3638.0 0.0
3639.0 0.0
3640.0 0.0
3641.0 0.0
3642.0 0.0
3643.0 0.0
3644.0 0.0
3645.0 0.0
3646.0 0.0
3647.0 0.0
3648.0 0.0
3649.0 0.0
3650.0 0.0
3651.0 0.0
3652.0 0.0
3653.0 0.0
3654.0 0.0
3655.0 0.0
3656.0 0.0
3657.0 0.0
3658.0 0.0
3659.0 0.0
3660.0 0.0
3661.0 0.0
3662.0 0.0
3663.0 0.0
3664.0 0.0
3665.0 0.0
3666.0 0.0
3667.0 0.0
3668.0 0.0
3669.0 0.0
3670.0 0.0
3671.0 0.0
3672.0 0.0
3673.0 0.0
3674.0 0.0
3675.0 0.0
3676.0 0.0
3677.0 0.0
3678.0 0.0
3679.0 0.0
3680.0 0.0
3681.0 0.0
3682.0 0.0
3683.0 0.0
3684.0 0.0
3685.0 0.0
3686.0 0.0
3687.0 0.0
3688.0 0.0
3689.0 0.0
3690.0 0.0
3691.0 0.0
3692.0 0.0
3693.0 0.0
3694.0 0.0
3695.0 0.0
3696.0 0.0
3697.0 0.0
3698.0 0.0
3699.0 0.0
3700.0 0.0
3701.0 0.0
3702.0 0.0
3703.0 0.0
3704.0 0.0
3705.0 0.0
3706.0 0.0
3707.0 0.0
3708.0 0.0
3709.0 0.0
3710.0 0.0
3711.0 0.0
3712.0 0.0
3713.0 0.0
3714.0 0.0
3715.0 0.0
3716.0 0.0
3717.0 0.0
3718.0 0.0
3719.0 0.0
3720.0 0.0
3721.0 0.0
3722.0 0.0
3723.0 0.0
3724.0 0.0
3725.0 0.0
3726.0 0.0
3727.0 0.0
3728.0 0.0
3729.0 0.0
3730.0 0.0
3731.0 0.0
3732.0 0.0
3733.0 0.0
3734.0 0.0
3735.0 0.0
3736.0 0.0
3737.0 0.0
3738.0 0.0
3739.0 0.0
3740.0 0.0
3741.0 0.0
3742.0 0.0
3743.0 0.0
3744.0 0.0
3745.0 0.0
3746.0 0.0
3747.0 0.0
3748.0 0.0
3749.0 0.0
3750.0 0.0
3751.0 0.0
3752.0 0.0
3753.0 0.0
3754.0 0.0
3755.0 0.0
3756.0 0.0
3757.0 0.0
3758.0 0.0
3759.0 0.0
3760.0 0.0
3761.0 0.0
3762.0 0.0
3763.0 0.0
3764.0 0.0
3765.0 0.0
3766.0 0.0
3767.0 0.0
3768.0 0.0
3769.0 0.0
3770.0 0.0
3771.0 0.0
3772.0 0.0
3773.0 0.0
3774.0 0.0
3775.0 0.0
3776.0 0.0
3777.0 0.0
3778.0 0.0
3779.0 0.0
3780.0 0.0
3781.0 0.0
3782.0 0.0
3783.0 0.0
3784.0 0.0
3785.0 0.0
3786.0 0.0
3787.0 0.0
3788.0 0.0
3789.0 0.0
3790.0 0.0
3791.0 0.0
3792.0 0.0
3793.0 0.0
3794.0 0.0
3795.0 0.0
3796.0 0.0
3797.0 0.0
3798.0 0.0
3799.0 0.0
3800.0 0.0
3801.0 0.0
3802.0 0.0
3803.0 0.0
3804.0 0.0
3805.0 0.0
3806.0 0.0
3807.0 0.0
3808.0 0.0
3809.0 0.0
3810.0 0.0
3811.0 0.0
3812.0 0.0
3813.0 0.0
3814.0 0.0
3815.0 0.0
3816.0 0.0
3817.0 0.0
3818.0 0.0
3819.0 0.0
3820.0 0.0
3821.0 0.0
3822.0 0.0
3823.0 0.0
3824.0 0.0
3825.0 0.0
3826.0 0.0
3827.0 0.0
3828.0 0.0
3829.0 0.0
3830.0 0.0
3831.0 0.0
3832.0 0.0
3833.0 0.0
3834.0 0.0
3835.0 0.0
3836.0 0.0
3837.0 0.0
3838.0 0.0
3839.0 0.0
3840.0 0.0
3841.0 0.0
3842.0 0.0
3843.0 0.0
3844.0 0.0
3845.0 0.0
3846.0 0.0
3847.0 0.0
3848.0 0.0
3849.0 0.0
3850.0 0.0
3851.0 0.0
3852.0 0.0
3853.0 0.0
3854.0 0.0
3855.0 0.0
3856.0 0.0
3857.0 0.0
3858.0 0.0
3859.0 0.0
3860.0 0.0
3861.0 0.0
3862.0 0.0
3863.0 0.0
3864.0 0.0
3865.0 0.0
3866.0 0.0
3867.0 0.0
3868.0 0.0
3869.0 0.0
3870.0 0.0
3871.0 0.0
3872.0 0.0
3873.0 0.0
3874.0 0.0
3875.0 0.0
3876.0 0.0
3877.0 0.0
3878.0 0.0
3879.0 0.0
3880.0 0.0
3881.0 0.0
3882.0 0.0
3883.0 0.0
3884.0 0.0
3885.0 0.0
3886.0 0.0
3887.0 0.0
3888.0 0.0
3889.0 0.0
3890.0 0.0
3891.0 0.0
3892.0 0.0
3893.0 0.0
3894.0 0.0
3895.0 0.0
3896.0 0.0
3897.0 0.0
3898.0 0.0
3899.0 0.0
3900.0 0.0
3901.0 0.0
3902.0 0.0
3903.0 0.0
3904.0 0.0
3905.0 0.0
3906.0 0.0
3907.0 0.0
3908.0 0.0
3909.0 0.0
3910.0 0.0
3911.0 0.0
3912.0 0.0
3913.0 0.0
3914.0 0.0
3915.0 0.0
3916.0 0.0
3917.0 0.0
3918.0 0.0
3919.0 0.0
3920.0 0.0
3921.0 0.0
3922.0 0.0
3923.0 0.0
3924.0 0.0
3925.0 0.0
3926.0 0.0
3927.0 0.0
3928.0 0.0
3929.0 0.0
3930.0 0.0
3931.0 0.0
3932.0 0.0
3933.0 0.0
3934.0 0.0
3935.0 0.0
3936.0 0.0
3937.0 0.0
3938.0 0.0
3939.0 0.0
3940.0 0.0
3941.0 0.0
3942.0 0.0
3943.0 0.0
3944.0 0.0
3945.0 0.0
3946.0 0.0
3947.0 0.0
3948.0 0.0
3949.0 0.0
3950.0 0.0
3951.0 0.0
3952.0 0.0
3953.0 0.0
3954.0 0.0
3955.0 0.0
3956.0 0.0
3957.0 0.0
3958.0 0.0
3959.0 0.0
3960.0 0.0
3961.0 0.0
3962.0 0.0
3963.0 0.0
3964.0 0.0
3965.0 0.0
3966.0 0.0
3967.0 0.0
3968.0 0.0
3969.0 0.0
3970.0 0.0
3971.0 0.0
3972.0 0.0
3973.0 0.0
3974.0 0.0
3975.0 0.0
3976.0 0.0
3977.0 0.0
3978.0 0.0
3979.0 0.0
3980.0 0.0
3981.0 0.0
3982.0 0.0
3983.0 0.0
3984.0 0.0
3985.0 0.0
3986.0 0.0
3987.0 0.0
3988.0 0.0
3989.0 0.0
3990.0 0.0
3991.0 0.0
3992.0 0.0
3993.0 0.0
3994.0 0.0
3995.0 0.0
3996.0 0.0
3997.0 0.0
3998.0 0.0
3999.0 0.0
4000.0 0.0
4001.0 0.0
4002.0 0.0
4003.0 0.0
4004.0 0.0
4005.0 0.0
4006.0 0.0
4007.0 0.0
4008.0 0.0
4009.0 0.0
4010.0 0.0
4011.0 0.0
4012.0 0.0
4013.0 0.0
4014.0 0.0
4015.0 0.0
4016.0 0.0
4017.0 0.0
4018.0 0.0
4019.0 0.0
4020.0 0.0
4021.0 0.0
4022.0 0.0
4023.0 0.0
4024.0 0.0
4025.0 0.0
4026.0 0.0
4027.0 0.0
4028.0 0.0
4029.0 0.0
4030.0 0.0
4031.0 0.0
4032.0 0.0
4033.0 0.0
4034.0 0.0
4035.0 0.0
4036.0 0.0
4037.0 0.0
4038.0 0.0
4039.0 0.0
4040.0 0.0
