1.0 3395.33212890625
2.0 3390.125537109375
3.0 3384.758544921875
4.0 3394.163232421875
5.0 3358.372265625
6.0 3375.740185546875
7.0 3378.375390625
8.0 3389.54140625
9.0 3389.73505859375
10.0 3387.67333984375
11.0 3373.077880859375
12.0 3352.54541015625
13.0 3346.441845703125
14.0 3331.82529296875
15.0 3332.94619140625
16.0 3340.73388671875
17.0 3345.316162109375
18.0 3357.436181640625
19.0 3360.55654296875
20.0 3359.38330078125
21.0 3359.20830078125
22.0 3358.860205078125
23.0 3346.15478515625
24.0 3349.808349609375
25.0 3336.6423828125
26.0 3343.13798828125
27.0 3341.940771484375
28.0 3345.877734375
29.0 3337.488720703125
30.0 3325.770361328125
31.0 3303.1373046875
32.0 3273.451025390625
33.0 3246.853759765625
34.0 3204.737646484375
35.0 3181.57255859375
36.0 3161.553564453125
37.0 3137.908740234375
38.0 3119.1904296875
39.0 3100.572900390625
40.0 3099.73125
41.0 3091.040185546875
42.0 3079.756396484375
43.0 3086.531640625
44.0 3083.22548828125
45.0 3095.125244140625
46.0 3112.3908203125
47.0 3131.5130859375
48.0 3139.19775390625
49.0 3160.744091796875
50.0 3155.0171875
51.0 3155.1755859375
52.0 3137.0630859375
53.0 3118.98935546875
54.0 3106.83388671875
55.0 3111.5521484375
56.0 3094.064599609375
57.0 3139.272900390625
58.0 3162.86396484375
59.0 3183.70126953125
60.0 3190.09306640625
61.0 3185.744091796875
62.0 3169.3041015625
63.0 3175.051708984375
64.0 3173.3697265625
65.0 3144.90263671875
66.0 3151.93359375
67.0 3128.04287109375
68.0 3116.754296875
69.0 3102.48681640625
70.0 3104.91923828125
71.0 3106.7400390625
72.0 3106.60048828125
73.0 3101.5873046875
74.0 3131.55849609375
75.0 3135.5685546875
76.0 3148.329296875
77.0 3167.812841796875
78.0 3189.734228515625
79.0 3212.09248046875
80.0 3247.0984375
81.0 3288.048388671875
82.0 3321.18603515625
83.0 3411.119677734375
84.0 3391.344189453125
85.0 3385.12646484375
86.0 3363.92568359375
87.0 3340.640673828125
88.0 3311.388037109375
89.0 3282.946435546875
90.0 3256.21796875
91.0 3249.41474609375
92.0 3246.437353515625
93.0 3249.00673828125
94.0 3265.465478515625
95.0 3274.8892578125
96.0 3285.71181640625
97.0 3309.941064453125
98.0 3333.309375
99.0 3356.903369140625
100.0 3377.4341796875
101.0 3391.7328125
102.0 3400.315673828125
103.0 3403.83193359375
104.0 3400.179541015625
105.0 3387.32451171875
106.0 3374.595068359375
107.0 3350.94443359375
108.0 3325.532666015625
109.0 3226.13994140625
110.0 3204.20654296875
111.0 3179.703173828125
112.0 3157.45458984375
113.0 3139.27412109375
114.0 3141.28408203125
115.0 3143.1037109375
116.0 3165.73642578125
117.0 3154.578173828125
118.0 3174.84736328125
119.0 3207.861962890625
120.0 3216.063330078125
121.0 3218.06484375
122.0 3219.66572265625
123.0 3203.970166015625
124.0 3175.887744140625
125.0 3165.134716796875
126.0 3110.762841796875
127.0 3092.51884765625
128.0 3080.051025390625
129.0 3082.798779296875
130.0 3095.89384765625
131.0 3128.273291015625
132.0 3165.761376953125
133.0 3205.95810546875
134.0 3232.396826171875
135.0 3267.097412109375
136.0 3289.064697265625
137.0 3305.229443359375
138.0 3322.79052734375
139.0 3341.8705078125
140.0 3349.490185546875
141.0 3360.067822265625
142.0 3361.75380859375
143.0 3383.039453125
144.0 3374.80126953125
145.0 3376.41591796875
146.0 3370.452978515625
147.0 3360.18818359375
148.0 3365.251953125
149.0 3365.036962890625
150.0 3370.421044921875
151.0 3396.340087890625
152.0 3369.81767578125
153.0 3379.041015625
154.0 3396.145361328125
155.0 3420.126025390625
156.0 3432.5244140625
157.0 3442.39580078125
158.0 3458.46162109375
159.0 3484.075390625
160.0 3483.9708984375
161.0 3494.3537109375
162.0 3518.975634765625
163.0 3540.973046875
164.0 3557.254296875
165.0 3568.62431640625
166.0 3603.419482421875
167.0 3634.8984375
168.0 3666.76484375
169.0 3666.703564453125
170.0 3699.969091796875
171.0 3720.945751953125
172.0 3735.196826171875
173.0 3745.32236328125
174.0 3744.3939453125
175.0 3738.24580078125
176.0 3732.1201171875
177.0 3717.78291015625
178.0 3699.776904296875
179.0 3705.403173828125
180.0 3700.500244140625
181.0 3693.451708984375
182.0 3687.434033203125
183.0 3673.307666015625
184.0 3669.190673828125
185.0 3664.959326171875
186.0 3643.152734375
187.0 3645.0169921875
188.0 3656.581787109375
189.0 3655.31552734375
190.0 3651.0275390625
191.0 3657.775390625
192.0 3647.130078125
193.0 3640.19580078125
194.0 3634.579541015625
195.0 3594.493505859375
196.0 3578.100244140625
197.0 3568.0470703125
198.0 3566.44296875
199.0 3567.3787109375
200.0 3564.31572265625
201.0 3560.6033203125
202.0 3542.218212890625
203.0 3515.49677734375
204.0 3457.676611328125
205.0 3383.599169921875
206.0 3361.676953125
207.0 3349.07177734375
208.0 3337.603515625
209.0 3328.303369140625
210.0 3326.93232421875
211.0 3326.796484375
212.0 3311.213818359375
213.0 3291.162109375
214.0 3278.702978515625
215.0 3261.2310546875
216.0 3243.0580078125
217.0 3217.523046875
218.0 3193.42509765625
219.0 3185.898388671875
220.0 3180.1828125
221.0 3159.5818359375
222.0 3162.89658203125
223.0 3152.09423828125
224.0 3150.277294921875
225.0 3142.3646484375
226.0 3133.335986328125
227.0 3133.155322265625
228.0 3120.99296875
229.0 3139.8009765625
230.0 3140.290625
231.0 3150.00302734375
232.0 3146.40966796875
233.0 3133.193115234375
234.0 3124.347802734375
235.0 3136.355615234375
236.0 3117.5388671875
237.0 3103.47265625
238.0 3109.191845703125
239.0 3124.786865234375
240.0 3149.040478515625
241.0 3176.86083984375
242.0 3252.1091796875
243.0 3382.85634765625
244.0 3588.234423828125
245.0 4001.009521484375
246.0 4885.425
247.0 9319.139892578125
248.0 13708.88447265625
249.0 16381.434716796875
250.0 14580.159033203125
251.0 9352.0287109375
252.0 6152.056591796875
253.0 4355.808837890625
254.0 3472.7736328125
255.0 3142.739111328125
256.0 2750.459765625
257.0 2544.1830078125
258.0 2429.664892578125
259.0 2348.5765625
260.0 2286.075732421875
261.0 2238.692919921875
262.0 2212.897119140625
263.0 2189.892822265625
264.0 2149.73740234375
265.0 2100.764111328125
266.0 2059.0960205078127
267.0 2014.8661865234376
268.0 1984.11064453125
269.0 1973.7357421875
270.0 1968.3760498046875
271.0 1959.6956787109375
272.0 1939.947265625
273.0 1921.2901123046875
274.0 1930.894775390625
275.0 1922.8167236328125
276.0 1918.5146240234376
277.0 1917.603759765625
278.0 1911.9582763671874
279.0 1901.0346923828124
280.0 1882.0860107421875
281.0 1853.107177734375
282.0 1837.8586181640626
283.0 1817.5357666015625
284.0 1796.1492919921875
285.0 1782.2460693359376
286.0 1763.1538818359375
287.0 1746.1681640625
288.0 1737.326220703125
289.0 1737.1914794921875
290.0 1714.8688720703126
291.0 1719.8684326171874
292.0 1713.06435546875
293.0 1728.6759765625
294.0 1733.8135986328125
295.0 1765.1317138671875
296.0 1806.0725341796874
297.0 1884.34755859375
298.0 2018.6693603515625
299.0 2026.0460205078125
300.0 1942.1257568359374
301.0 1834.5162841796875
302.0 1781.104638671875
303.0 1755.8470703125
304.0 1753.672021484375
305.0 1746.9868408203124
306.0 1741.9140625
307.0 1739.5405517578124
308.0 1742.344677734375
309.0 1735.750439453125
310.0 1728.9698486328125
311.0 1728.848681640625
312.0 1718.634912109375
313.0 1713.156005859375
314.0 1706.5423095703125
315.0 1704.7798828125
316.0 1716.2881591796875
317.0 1720.32939453125
318.0 1723.2610595703125
319.0 1720.9064453125
320.0 1718.7184814453126
321.0 1723.4967041015625
322.0 1722.6365234375
323.0 1726.5491455078125
324.0 1732.183642578125
325.0 1727.9507080078124
326.0 1727.8591796875
327.0 1724.7988525390624
328.0 1729.424365234375
329.0 1730.7184814453126
330.0 1728.0847900390625
331.0 1721.1255126953124
332.0 1720.9375732421875
333.0 1726.217822265625
334.0 1739.0041748046874
335.0 1747.862548828125
336.0 1738.31494140625
337.0 1733.257177734375
338.0 1733.0156005859376
339.0 1729.9976806640625
340.0 1723.1148193359375
341.0 1709.8397216796875
342.0 1716.074072265625
343.0 1721.934228515625
344.0 1724.154248046875
345.0 1723.262841796875
346.0 1727.15185546875
347.0 1727.9751708984375
348.0 1729.155908203125
349.0 1722.985693359375
350.0 1719.4558837890625
351.0 1712.7466064453124
352.0 1724.2093994140625
353.0 1725.3794189453124
354.0 1736.863916015625
355.0 1743.058056640625
356.0 1747.45166015625
357.0 1758.4739013671874
358.0 1766.7039306640625
359.0 1744.5397216796875
360.0 1744.8649169921875
361.0 1748.8449951171874
362.0 1763.7936767578126
363.0 1755.8295166015625
364.0 1764.182421875
365.0 1772.2481201171875
366.0 1770.086328125
367.0 1774.9316650390624
368.0 1774.7596435546875
369.0 1786.2793212890624
370.0 1779.6030517578124
371.0 1771.7260986328124
372.0 1779.2984619140625
373.0 1768.5847412109374
374.0 1777.1001220703124
375.0 1766.285009765625
376.0 1769.84033203125
377.0 1776.1964111328125
378.0 1764.02431640625
379.0 1767.51591796875
380.0 1773.9682373046876
381.0 1772.0361328125
382.0 1783.1718017578125
383.0 1782.511572265625
384.0 1777.7242431640625
385.0 1782.1722412109375
386.0 1788.82509765625
387.0 1797.7074951171876
388.0 1802.0855224609375
389.0 1795.016357421875
390.0 1804.581884765625
391.0 1804.9925048828125
392.0 1799.3396240234374
393.0 1800.3190673828126
394.0 1802.9585693359375
395.0 1804.979150390625
396.0 1806.1889404296876
397.0 1814.961767578125
398.0 1810.7580810546874
399.0 1800.04697265625
400.0 1806.725732421875
401.0 1798.085791015625
402.0 1791.8393798828124
403.0 1787.0912109375
404.0 1787.1091796875
405.0 1787.2320556640625
406.0 1781.954443359375
407.0 1770.928369140625
408.0 1768.421484375
409.0 1780.0901123046874
410.0 1776.99716796875
411.0 1774.637939453125
412.0 1767.378515625
413.0 1771.509423828125
414.0 1778.6457275390626
415.0 1758.263330078125
416.0 1770.2072021484375
417.0 1773.2661376953124
418.0 1762.0187744140626
419.0 1756.135107421875
420.0 1747.2722412109374
421.0 1750.473583984375
422.0 1739.990478515625
423.0 1731.134033203125
424.0 1730.533447265625
425.0 1730.7139404296875
426.0 1723.9651611328125
427.0 1733.1696044921875
428.0 1720.038330078125
429.0 1723.182275390625
430.0 1722.5342529296875
431.0 1716.41142578125
432.0 1717.573193359375
433.0 1715.1580322265625
434.0 1711.0639404296876
435.0 1712.3016357421875
436.0 1705.0950439453125
437.0 1710.467431640625
438.0 1706.7378173828124
439.0 1718.549072265625
440.0 1709.10166015625
441.0 1708.21708984375
442.0 1699.7813720703125
443.0 1705.409375
444.0 1692.6359375
445.0 1689.9335693359376
446.0 1689.72294921875
447.0 1674.7715576171875
448.0 1680.7734619140624
449.0 1673.42275390625
450.0 1669.2177001953125
451.0 1664.8693115234375
452.0 1655.4065673828125
453.0 1663.5396484375
454.0 1646.677734375
455.0 1648.9328125
456.0 1638.52314453125
457.0 1641.9768798828125
458.0 1628.6333984375
459.0 1637.9419921875
460.0 1636.1534912109375
461.0 1641.6177490234375
462.0 1629.4282958984375
463.0 1623.057373046875
464.0 1625.5087890625
465.0 1614.7742431640625
466.0 1626.4825927734375
467.0 1624.2654296875
468.0 1620.6142578125
469.0 1618.5456298828126
470.0 1623.2707275390626
471.0 1617.830078125
472.0 1605.313623046875
473.0 1610.81494140625
474.0 1605.2696044921875
475.0 1610.5198974609375
476.0 1598.7908203125
477.0 1596.5818359375
478.0 1603.035009765625
479.0 1599.917626953125
480.0 1596.7574951171875
481.0 1597.0259765625
482.0 1591.83515625
483.0 1587.774169921875
484.0 1585.0261474609374
485.0 1592.5671142578126
486.0 1595.9765869140624
487.0 1602.93662109375
488.0 1595.599072265625
489.0 1583.3581298828126
490.0 1587.65693359375
491.0 1584.11376953125
492.0 1578.4248046875
493.0 1577.2229248046874
494.0 1589.0375
495.0 1583.4877685546876
496.0 1581.8220947265625
497.0 1580.1564208984375
498.0 1572.8045166015625
499.0 1572.2572265625
500.0 1566.5494873046875
501.0 1565.383837890625
502.0 1556.670361328125
503.0 1553.4724365234374
504.0 1553.6612548828125
505.0 1544.41298828125
506.0 1543.365869140625
507.0 1544.8052734375
508.0 1544.35078125
509.0 1533.7384765625
510.0 1531.9757080078125
511.0 1539.8572998046875
512.0 1531.880908203125
513.0 1538.0578369140626
514.0 1534.7464599609375
515.0 1524.946142578125
516.0 1528.9548828125
517.0 1530.0167236328125
518.0 1530.6642578125
519.0 1532.401513671875
520.0 1523.4947998046875
521.0 1525.3579833984375
522.0 1518.83916015625
523.0 1515.5151611328124
524.0 1521.1205322265625
525.0 1519.3473388671875
526.0 1518.4943603515626
527.0 1517.37783203125
528.0 1517.3516357421875
529.0 1508.314697265625
530.0 1500.91123046875
531.0 1489.6486083984375
532.0 1488.1037353515626
533.0 1487.76171875
534.0 1490.5066650390625
535.0 1482.0375732421876
536.0 1476.6023681640625
537.0 1481.1107666015625
538.0 1482.0322998046875
539.0 1465.754931640625
540.0 1464.81884765625
541.0 1460.9306396484376
542.0 1460.5532470703124
543.0 1453.5962158203124
544.0 1450.899462890625
545.0 1451.5867431640625
546.0 1442.7309814453124
547.0 1440.3071533203124
548.0 1441.0011474609375
549.0 1426.0800048828125
550.0 1426.5164306640625
551.0 1429.674853515625
552.0 1425.1178466796875
553.0 1423.734326171875
554.0 1420.367822265625
555.0 1429.793310546875
556.0 1427.0291259765625
557.0 1423.0939208984375
558.0 1413.32568359375
559.0 1417.832958984375
560.0 1419.44658203125
561.0 1415.6656982421875
562.0 1416.416455078125
563.0 1416.424462890625
564.0 1421.2159423828125
565.0 1412.923193359375
566.0 1415.078564453125
567.0 1415.9081298828125
568.0 1413.71787109375
569.0 1416.8242431640624
570.0 1424.110009765625
571.0 1421.769189453125
572.0 1412.785107421875
573.0 1414.02421875
574.0 1420.0166015625
575.0 1423.446826171875
576.0 1429.5189697265625
577.0 1422.085107421875
578.0 1428.729833984375
579.0 1427.7196044921875
580.0 1426.1745361328126
581.0 1427.2964111328124
582.0 1424.5740234375
583.0 1423.0765380859375
584.0 1429.19345703125
585.0 1421.2730224609375
586.0 1422.6479736328124
587.0 1421.0862060546874
588.0 1424.8625732421874
589.0 1424.421923828125
590.0 1422.2626708984376
591.0 1421.9247802734376
592.0 1418.5980224609375
593.0 1416.3133544921875
594.0 1417.664794921875
595.0 1416.9564697265625
596.0 1410.1780029296874
597.0 1411.8866455078125
598.0 1410.825244140625
599.0 1415.401904296875
600.0 1405.85478515625
601.0 1413.5359619140625
602.0 1410.7179931640626
603.0 1410.1187255859375
604.0 1415.7860595703125
605.0 1416.7007568359375
606.0 1416.406884765625
607.0 1423.452099609375
