1.0 308.7648067474365
2.0 310.5399284362793
3.0 312.14216804504395
4.0 313.13268089294434
5.0 314.2707824707031
6.0 315.1290817260742
7.0 314.98389053344727
8.0 314.9444828033447
9.0 315.1175346374512
10.0 315.04799461364746
11.0 315.0797996520996
12.0 315.11796379089355
13.0 314.95519256591797
14.0 313.9538631439209
15.0 312.30480194091797
16.0 309.8913860321045
17.0 308.9517631530762
18.0 308.3270969390869
19.0 307.3402042388916
20.0 307.94710540771484
21.0 308.97702407836914
22.0 309.9375534057617
23.0 311.23458099365234
24.0 313.90913009643555
25.0 316.8953666687012
26.0 316.5025806427002
27.0 315.2974910736084
28.0 313.30026626586914
29.0 311.35326957702637
30.0 309.4492244720459
31.0 308.5427303314209
32.0 308.1211109161377
33.0 307.4730911254883
34.0 308.9761791229248
35.0 308.61973571777344
36.0 307.93513679504395
37.0 307.6151523590088
38.0 307.9905185699463
39.0 308.08329010009766
40.0 307.71511459350586
41.0 307.4749412536621
42.0 307.2613410949707
43.0 308.2444324493408
44.0 308.73737716674805
45.0 309.0872917175293
46.0 309.25147438049316
47.0 309.48216438293457
48.0 309.00510597229004
49.0 307.6902370452881
50.0 305.7658462524414
51.0 304.54917907714844
52.0 304.8453559875488
53.0 303.5091018676758
54.0 302.46216773986816
55.0 302.04189682006836
56.0 301.6534614562988
57.0 301.3844184875488
58.0 300.1531867980957
59.0 299.0607624053955
60.0 298.2583923339844
61.0 297.0505657196045
62.0 293.4880123138428
63.0 289.5266971588135
64.0 286.68336486816406
65.0 284.2137622833252
66.0 282.1673240661621
67.0 281.31939697265625
68.0 279.9248905181885
69.0 279.4436321258545
70.0 279.6271438598633
71.0 280.4495964050293
72.0 280.7486515045166
73.0 280.5076160430908
74.0 280.1205997467041
75.0 278.53711700439453
76.0 277.810604095459
77.0 277.3836917877197
78.0 278.9799404144287
79.0 279.24163246154785
80.0 281.2891445159912
81.0 282.97656440734863
82.0 284.0914707183838
83.0 285.37438011169434
84.0 287.0073719024658
85.0 288.27051544189453
86.0 289.11910247802734
87.0 290.17929458618164
88.0 290.90435791015625
89.0 292.0389938354492
90.0 293.3043575286865
91.0 294.9937286376953
92.0 295.3709297180176
93.0 294.526460647583
94.0 294.0091304779053
95.0 294.1339569091797
96.0 293.31139373779297
97.0 290.2770175933838
98.0 289.51001739501953
99.0 289.33717346191406
100.0 287.891357421875
101.0 287.6579895019531
102.0 286.83861541748047
103.0 285.51794624328613
104.0 284.35317611694336
105.0 283.8765697479248
106.0 283.8258514404297
107.0 284.61839866638184
108.0 285.60504722595215
109.0 287.8505573272705
110.0 287.4610710144043
111.0 287.01437759399414
112.0 285.4813041687012
113.0 285.05406188964844
114.0 284.4842929840088
115.0 282.1078453063965
116.0 281.4726028442383
117.0 281.1015567779541
118.0 281.0035457611084
119.0 280.31229400634766
120.0 279.2085437774658
121.0 278.16371154785156
122.0 277.2410182952881
123.0 274.7651309967041
124.0 272.01165199279785
125.0 270.95763778686523
126.0 269.52384757995605
127.0 269.45309829711914
128.0 271.692419052124
129.0 273.17940521240234
130.0 274.46679878234863
131.0 275.7441921234131
132.0 277.4430465698242
133.0 279.5324821472168
134.0 282.00987815856934
135.0 284.5393600463867
136.0 287.3439826965332
137.0 288.847225189209
138.0 289.01173210144043
139.0 289.2132205963135
140.0 288.3688907623291
141.0 287.38593673706055
142.0 286.91837882995605
143.0 286.06169509887695
144.0 285.63036155700684
145.0 285.4140396118164
146.0 284.8193550109863
147.0 284.6740837097168
148.0 285.0238380432129
149.0 284.1396732330322
150.0 283.0650520324707
151.0 282.94604301452637
152.0 282.07797050476074
153.0 280.3804531097412
154.0 279.7334098815918
155.0 279.5761547088623
156.0 278.90667152404785
157.0 277.7324752807617
158.0 276.42355728149414
159.0 277.1286220550537
160.0 274.25582122802734
161.0 272.61309814453125
162.0 271.1707592010498
163.0 268.6450386047363
164.0 265.04565811157227
165.0 262.8048334121704
166.0 262.9099884033203
167.0 263.38373279571533
168.0 264.0754642486572
169.0 264.259316444397
170.0 263.40197467803955
171.0 262.88839054107666
172.0 262.03194522857666
173.0 260.4869966506958
174.0 259.5698080062866
175.0 257.2861909866333
176.0 255.7640504837036
177.0 254.4671859741211
178.0 252.6722011566162
179.0 251.0919713973999
180.0 248.7691535949707
181.0 247.17877388000488
182.0 245.8593454360962
183.0 245.5602502822876
184.0 244.8484869003296
185.0 244.95629024505615
186.0 245.01825618743896
187.0 246.58959579467773
188.0 247.6220302581787
189.0 249.05684185028076
190.0 250.2684440612793
191.0 251.22174739837646
192.0 251.8408374786377
193.0 252.64379405975342
194.0 252.4450445175171
195.0 252.2454319000244
196.0 252.29331970214844
197.0 252.41267585754395
198.0 251.88859939575195
199.0 249.867693901062
200.0 248.12246417999268
201.0 246.71478366851807
202.0 244.77284812927246
203.0 244.02179050445557
204.0 244.73076725006104
205.0 245.0814323425293
206.0 245.14754581451416
207.0 245.46459484100342
208.0 245.49262619018555
209.0 246.29533672332764
210.0 248.61796379089355
211.0 250.21306324005127
212.0 250.01694869995117
213.0 248.38703441619873
214.0 246.12777137756348
215.0 244.82072257995605
216.0 243.62280082702637
217.0 242.59319305419922
218.0 242.82832050323486
219.0 244.18969631195068
220.0 244.71502780914307
221.0 245.6347894668579
222.0 248.40343570709229
223.0 249.38272666931152
224.0 250.00413417816162
225.0 251.29470252990723
226.0 252.3749485015869
227.0 252.5931100845337
228.0 251.6702537536621
229.0 249.72808265686035
230.0 247.6746711730957
231.0 248.08440685272217
232.0 249.44709396362305
233.0 249.63665676116943
234.0 249.35616397857666
235.0 248.7430362701416
236.0 248.61271381378174
237.0 251.06019592285156
238.0 254.11153316497803
239.0 256.4036455154419
240.0 260.27348804473877
241.0 263.10994052886963
242.0 263.68784523010254
243.0 264.53645610809326
244.0 264.9284772872925
245.0 266.2599935531616
246.0 267.2943992614746
247.0 269.47227573394775
248.0 270.75233459472656
249.0 275.72515773773193
250.0 278.0186958312988
251.0 278.9257068634033
252.0 280.67662811279297
253.0 282.14063453674316
254.0 282.5216121673584
255.0 283.24264907836914
256.0 283.0993022918701
257.0 281.08059310913086
258.0 281.1961669921875
259.0 278.7074165344238
260.0 277.07151222229004
261.0 273.97680854797363
262.0 269.8540258407593
263.0 266.1353425979614
264.0 263.48542881011963
265.0 260.100004196167
266.0 254.4423656463623
267.0 248.89081573486328
268.0 246.49350261688232
269.0 243.83214378356934
270.0 241.35725688934326
271.0 239.20126056671143
272.0 238.17899417877197
273.0 236.6245880126953
274.0 235.85091495513916
275.0 234.58212661743164
276.0 236.47815704345703
277.0 238.15426921844482
278.0 238.97272205352783
279.0 238.82741451263428
280.0 238.76347541809082
281.0 239.41789436340332
282.0 240.57734966278076
283.0 241.83884620666504
284.0 245.74906539916992
285.0 251.49280643463135
286.0 253.50130081176758
287.0 254.81258010864258
288.0 255.52544021606445
289.0 256.0531759262085
290.0 256.1875743865967
291.0 256.22105979919434
292.0 257.9086284637451
293.0 259.55789375305176
294.0 263.35049629211426
295.0 265.59289741516113
296.0 266.38937759399414
297.0 265.2794666290283
298.0 264.28849029541016
299.0 262.5030765533447
300.0 260.3414649963379
301.0 258.26487159729004
302.0 257.3451805114746
303.0 259.7865104675293
304.0 260.1319351196289
305.0 258.5239562988281
306.0 257.64025497436523
307.0 257.54816722869873
308.0 257.50435066223145
309.0 257.5091381072998
310.0 257.35466861724854
311.0 255.53999519348145
312.0 253.25257205963135
313.0 249.2746353149414
314.0 245.86656284332275
315.0 243.58565521240234
316.0 242.30964374542236
317.0 240.80327796936035
318.0 238.8679428100586
319.0 237.79667282104492
320.0 237.77260971069336
321.0 236.38021755218506
322.0 235.89709186553955
323.0 234.70682048797607
324.0 232.18417930603027
325.0 229.52167415618896
326.0 227.372802734375
327.0 225.6654052734375
328.0 223.19906902313232
329.0 220.90114974975586
330.0 217.6570110321045
331.0 215.30195808410645
332.0 211.92899417877197
333.0 209.48626327514648
334.0 207.67772483825684
335.0 205.99477767944336
336.0 204.212477684021
337.0 201.9798460006714
338.0 198.81087398529053
339.0 194.1197862625122
340.0 190.68125247955322
341.0 188.50288105010986
342.0 187.71416187286377
343.0 186.73949146270752
344.0 184.66166496276855
345.0 184.02040576934814
346.0 183.42080402374268
347.0 184.40076446533203
348.0 184.1385622024536
349.0 185.0146837234497
350.0 186.70099353790283
351.0 189.433518409729
352.0 192.2452220916748
353.0 195.64797401428223
354.0 198.38601303100586
355.0 202.103515625
356.0 205.2424430847168
357.0 207.87926769256592
358.0 210.6347255706787
359.0 212.7198610305786
360.0 214.67662143707275
361.0 216.70763206481934
362.0 217.77080726623535
363.0 217.04354858398438
364.0 215.45859146118164
365.0 214.171724319458
366.0 213.65886211395264
367.0 213.85643005371094
368.0 214.3406925201416
369.0 214.9459400177002
370.0 216.27173614501953
371.0 216.64129161834717
372.0 216.57516479492188
373.0 216.8294162750244
374.0 216.7353000640869
375.0 216.9451847076416
376.0 216.8056411743164
377.0 216.79631328582764
378.0 217.82256507873535
379.0 219.18609046936035
380.0 220.3455295562744
381.0 220.5230073928833
382.0 221.4685697555542
383.0 221.526704788208
384.0 220.28908729553223
385.0 220.43022346496582
386.0 219.5161838531494
387.0 218.0654172897339
388.0 217.17762851715088
389.0 216.9278440475464
390.0 217.310715675354
391.0 218.45012950897217
392.0 219.55547618865967
393.0 222.00506114959717
394.0 223.54605102539063
395.0 226.0438003540039
396.0 229.02378177642822
397.0 232.07849025726318
398.0 235.985857963562
399.0 239.27332210540771
400.0 242.23772430419922
401.0 243.7216157913208
402.0 249.59362888336182
403.0 252.44117641448975
404.0 255.46987438201904
405.0 258.76007080078125
406.0 261.9077978134155
407.0 263.80736923217773
408.0 266.15990447998047
409.0 268.57165145874023
410.0 272.1933002471924
411.0 276.15526962280273
412.0 279.4175491333008
413.0 280.9411792755127
414.0 282.5186023712158
415.0 284.2732620239258
416.0 284.94384384155273
417.0 284.37432861328125
418.0 284.545618057251
419.0 286.026912689209
420.0 287.8408393859863
421.0 288.2209014892578
422.0 288.3973636627197
423.0 290.74376487731934
424.0 292.5783443450928
425.0 293.241397857666
426.0 295.5496940612793
427.0 297.9625816345215
428.0 299.7880325317383
429.0 301.59357833862305
430.0 301.86413192749023
431.0 302.8451461791992
432.0 304.09985160827637
433.0 304.43835258483887
434.0 305.4651565551758
435.0 306.3264560699463
436.0 306.00054931640625
437.0 306.7972755432129
438.0 306.717924118042
439.0 307.17997550964355
440.0 308.2985668182373
441.0 308.20195388793945
442.0 309.07677459716797
443.0 309.37081718444824
444.0 310.3341770172119
445.0 311.7493324279785
446.0 314.81185150146484
447.0 316.7491054534912
448.0 319.7554988861084
449.0 323.25634574890137
450.0 327.29309844970703
451.0 331.38275146484375
452.0 335.12474250793457
453.0 337.7543430328369
454.0 339.48069190979004
455.0 342.2330856323242
456.0 340.96952056884766
457.0 342.67577362060547
458.0 344.170316696167
459.0 346.142879486084
460.0 347.7397861480713
461.0 348.9561290740967
462.0 349.43677139282227
463.0 348.6875820159912
464.0 348.12161445617676
465.0 345.90583419799805
466.0 346.85874938964844
467.0 349.43514251708984
468.0 351.9239082336426
469.0 354.13055419921875
470.0 356.7370796203613
471.0 359.1146297454834
472.0 359.4781188964844
473.0 359.61144828796387
474.0 358.5304660797119
475.0 359.93504905700684
476.0 360.4112548828125
477.0 359.06756591796875
478.0 355.9233818054199
479.0 352.4232864379883
480.0 349.77074813842773
481.0 347.58971786499023
482.0 346.5358695983887
483.0 346.6958770751953
484.0 347.6656494140625
485.0 346.655969619751
486.0 345.76250648498535
487.0 344.43211555480957
488.0 341.5092124938965
489.0 339.1071071624756
490.0 339.3187026977539
491.0 339.49951171875
492.0 339.7827033996582
493.0 340.6935348510742
494.0 341.8580741882324
495.0 343.4851665496826
496.0 345.89960289001465
497.0 346.7913646697998
498.0 348.1931552886963
499.0 349.5407962799072
500.0 358.0465774536133
501.0 353.90220642089844
502.0 345.8651580810547
503.0 348.6606903076172
504.0 348.7488136291504
505.0 349.5585517883301
506.0 350.2518501281738
507.0 349.7705593109131
508.0 349.2184028625488
509.0 347.72175788879395
510.0 346.79190254211426
511.0 347.25951194763184
512.0 349.72126388549805
513.0 353.51466941833496
514.0 358.70496940612793
515.0 363.4055805206299
516.0 367.9077434539795
517.0 370.45393562316895
518.0 372.7412872314453
519.0 372.81524658203125
520.0 374.0352973937988
521.0 374.1976127624512
522.0 374.100378036499
523.0 374.06648445129395
524.0 373.9899101257324
525.0 375.08733558654785
526.0 376.2723331451416
527.0 378.90423011779785
528.0 379.94523429870605
529.0 381.7002353668213
530.0 383.4938850402832
531.0 385.37661933898926
532.0 386.8688449859619
533.0 386.6804962158203
534.0 386.7183017730713
535.0 388.3716697692871
536.0 391.39178466796875
537.0 392.42301177978516
538.0 393.3063087463379
539.0 391.78754234313965
540.0 389.97851371765137
541.0 388.9091091156006
542.0 386.8203239440918
543.0 387.7869815826416
544.0 390.2973918914795
545.0 393.75140953063965
546.0 393.42109870910645
547.0 394.1647071838379
548.0 393.9824409484863
549.0 394.3971881866455
550.0 394.70962715148926
551.0 394.7909507751465
552.0 394.54261589050293
553.0 394.66047286987305
554.0 398.98131942749023
555.0 400.2295322418213
556.0 404.1265354156494
557.0 408.38793563842773
558.0 410.2288417816162
559.0 412.1064701080322
560.0 414.6980628967285
561.0 416.94164848327637
562.0 417.4766597747803
563.0 419.13623237609863
564.0 418.5337505340576
565.0 419.18396759033203
566.0 421.62510108947754
567.0 423.8577346801758
568.0 424.5115375518799
569.0 425.71750831604004
570.0 426.64135551452637
571.0 425.9968967437744
572.0 424.3963737487793
573.0 420.9686641693115
574.0 418.71711349487305
575.0 416.7914562225342
576.0 416.92910957336426
577.0 417.4379711151123
578.0 416.2600498199463
579.0 415.7145252227783
580.0 416.87524604797363
581.0 417.0079154968262
582.0 418.29134368896484
583.0 418.61284255981445
584.0 418.17786598205566
585.0 418.3780174255371
586.0 418.2648696899414
587.0 418.0146732330322
588.0 417.6366310119629
589.0 415.9671745300293
590.0 414.7391872406006
591.0 412.67794036865234
592.0 411.30338859558105
593.0 410.6305503845215
594.0 409.85513496398926
595.0 408.5998592376709
596.0 408.1900806427002
597.0 408.7613582611084
598.0 408.94766998291016
599.0 410.539888381958
600.0 410.45681381225586
601.0 410.56263732910156
602.0 409.7431812286377
603.0 409.3031482696533
604.0 408.0231056213379
605.0 407.5251064300537
606.0 406.2526111602783
607.0 404.75690841674805
608.0 402.9917049407959
609.0 399.4941291809082
610.0 395.9829902648926
611.0 392.65405464172363
612.0 390.8559398651123
613.0 389.1720447540283
614.0 386.80508041381836
615.0 384.8749485015869
616.0 384.55111503601074
617.0 384.122709274292
618.0 382.87812423706055
619.0 382.9676971435547
620.0 381.75124168395996
621.0 379.44361114501953
622.0 375.2425880432129
623.0 370.3971652984619
624.0 365.6461181640625
625.0 361.3936824798584
626.0 360.1908550262451
627.0 359.7775821685791
628.0 358.7401065826416
629.0 356.91773223876953
630.0 354.16382598876953
631.0 349.38988304138184
632.0 345.7529544830322
633.0 343.3857879638672
634.0 342.2442932128906
635.0 344.37478256225586
636.0 345.97436714172363
637.0 347.41040992736816
638.0 348.4140625
639.0 349.3717555999756
640.0 347.2490692138672
641.0 344.8071117401123
642.0 341.94273376464844
643.0 340.09861183166504
644.0 343.9456214904785
645.0 346.5747356414795
646.0 349.09318351745605
647.0 351.7094497680664
648.0 353.71356201171875
649.0 355.0060920715332
650.0 360.4452381134033
651.0 360.67017555236816
652.0 359.96582221984863
653.0 354.7322597503662
654.0 351.9109649658203
655.0 349.71963119506836
656.0 346.56369972229004
657.0 343.49711990356445
658.0 339.81652450561523
659.0 337.2011528015137
660.0 336.2468376159668
661.0 338.7959957122803
662.0 335.45327949523926
663.0 334.2975101470947
664.0 334.7526683807373
665.0 337.0128936767578
666.0 336.7913360595703
667.0 335.4090576171875
668.0 334.6794853210449
669.0 334.142032623291
670.0 333.27995681762695
671.0 328.00368881225586
672.0 327.2865619659424
673.0 326.26573181152344
674.0 324.08872413635254
675.0 321.365629196167
676.0 317.31549644470215
677.0 312.7233371734619
678.0 309.3364315032959
679.0 304.8849754333496
680.0 302.09253120422363
681.0 299.7255554199219
682.0 297.3965721130371
683.0 295.7615032196045
684.0 294.4529399871826
685.0 294.7634906768799
686.0 294.65752601623535
687.0 295.4244728088379
688.0 294.9373950958252
689.0 294.849666595459
690.0 294.39154624938965
691.0 293.6042957305908
692.0 293.16980743408203
693.0 294.78212547302246
694.0 295.8201599121094
695.0 295.47837829589844
696.0 295.13281631469727
697.0 296.7844543457031
698.0 297.0312728881836
699.0 296.4154281616211
700.0 295.5635395050049
701.0 294.1484851837158
702.0 293.4741401672363
703.0 291.2996139526367
704.0 288.78831481933594
705.0 285.6282138824463
706.0 282.59739112854004
707.0 281.399320602417
708.0 280.0986442565918
709.0 279.10373306274414
710.0 277.10341453552246
711.0 275.84030532836914
712.0 274.20162773132324
713.0 272.8041820526123
714.0 270.8804187774658
715.0 267.4211006164551
716.0 262.75172996520996
717.0 257.6675853729248
718.0 254.21133995056152
719.0 251.67746925354004
720.0 250.17203044891357
721.0 248.75144481658936
722.0 248.59081077575684
723.0 248.38511180877686
724.0 245.21699047088623
725.0 244.06379508972168
726.0 243.91819381713867
727.0 242.89416790008545
728.0 240.22602939605713
729.0 237.07995223999023
730.0 234.18371105194092
731.0 231.5910520553589
732.0 229.1662836074829
733.0 226.03099155426025
734.0 221.85699558258057
735.0 218.59436702728271
736.0 215.2920379638672
737.0 211.90255165100098
738.0 208.65490531921387
739.0 204.53654289245605
740.0 199.89241409301758
741.0 196.6056251525879
742.0 193.208646774292
743.0 189.9483757019043
744.0 188.35564422607422
745.0 186.68876266479492
746.0 186.06448459625244
747.0 184.57851600646973
748.0 181.73370552062988
749.0 179.1997709274292
750.0 174.43781852722168
751.0 166.77940273284912
752.0 159.2141637802124
753.0 154.9793586730957
754.0 151.45812606811523
755.0 148.1137285232544
756.0 145.47592163085938
757.0 144.35415887832642
758.0 142.3848419189453
759.0 139.0817995071411
760.0 134.4339828491211
761.0 129.91512537002563
762.0 126.48652172088623
763.0 122.01019716262817
764.0 118.32610177993774
765.0 114.6356315612793
766.0 110.39740991592407
767.0 106.81499814987183
768.0 102.76444101333618
769.0 98.03837776184082
770.0 96.33822774887085
771.0 95.41254472732544
772.0 93.81701231002808
773.0 92.13037157058716
774.0 89.83517074584961
775.0 88.09143400192261
776.0 86.60122299194336
777.0 84.68264818191528
778.0 81.93260860443115
779.0 81.35889339447021
780.0 80.34588956832886
781.0 79.55106973648071
782.0 79.82119798660278
783.0 79.50583505630493
784.0 79.15409898757935
785.0 79.11169672012329
786.0 78.60641670227051
787.0 78.35014390945435
788.0 77.42875909805298
789.0 76.71229076385498
790.0 75.48640775680542
791.0 74.10847806930542
792.0 72.85106182098389
793.0 71.23331212997437
794.0 69.04578113555908
795.0 67.32057428359985
796.0 65.72653651237488
797.0 63.30757236480713
798.0 61.92534255981445
799.0 61.171733379364014
800.0 60.063920974731445
801.0 59.28773045539856
802.0 58.519535064697266
803.0 57.84304857254028
804.0 56.70689797401428
805.0 54.98180389404297
806.0 53.68477988243103
807.0 52.71329426765442
808.0 52.41378593444824
809.0 52.333914041519165
810.0 52.614622354507446
811.0 52.96553826332092
812.0 52.69314193725586
813.0 52.76304864883423
814.0 52.49111270904541
815.0 52.126346588134766
816.0 52.05543065071106
817.0 51.90552520751953
818.0 51.7836480140686
819.0 52.47829508781433
820.0 52.74648475646973
821.0 52.95811724662781
822.0 53.117077350616455
823.0 52.869712591171265
824.0 52.553348779678345
825.0 52.27411103248596
826.0 52.191991090774536
827.0 51.960813999176025
828.0 51.53864860534668
829.0 51.42377161979675
830.0 51.293890714645386
831.0 50.644232749938965
832.0 49.60634660720825
833.0 48.86024332046509
834.0 48.96799278259277
835.0 49.24881672859192
836.0 49.20530033111572
837.0 49.11867666244507
838.0 49.95666480064392
839.0 50.356428384780884
840.0 50.14471912384033
841.0 49.346837520599365
842.0 49.088563203811646
843.0 48.86580562591553
844.0 48.28956913948059
845.0 47.58285689353943
846.0 47.21802043914795
847.0 46.60958290100098
848.0 45.877577781677246
849.0 44.737802505493164
850.0 43.64490532875061
851.0 43.02938938140869
852.0 42.77689218521118
853.0 42.20939922332764
854.0 41.32499027252197
855.0 40.726675510406494
856.0 40.64337635040283
857.0 40.204773902893066
858.0 39.451714277267456
859.0 38.96571969985962
860.0 38.34707570075989
861.0 37.99259924888611
862.0 37.14715099334717
863.0 36.11258006095886
864.0 35.3422167301178
865.0 34.47846531867981
866.0 33.714112281799316
867.0 33.0062518119812
868.0 32.358489751815796
869.0 32.19337725639343
870.0 32.518837690353394
871.0 32.60271596908569
872.0 32.644357204437256
873.0 32.61062836647034
874.0 32.468772530555725
875.0 32.07909321784973
876.0 31.494446277618408
877.0 30.8319571018219
878.0 30.254298448562622
879.0 29.9077250957489
880.0 29.675652503967285
881.0 29.319999933242798
882.0 29.03027033805847
883.0 29.281548738479614
884.0 29.855451464653015
885.0 30.29284429550171
886.0 30.812336683273315
887.0 31.508477568626404
888.0 31.80853772163391
889.0 31.592915773391724
890.0 30.99021553993225
891.0 30.329719066619873
892.0 29.994731187820435
893.0 29.742592692375183
894.0 29.089089512825012
895.0 28.275357246398926
896.0 27.915250658988953
897.0 28.084213972091675
898.0 28.038031816482544
899.0 28.235509753227234
900.0 28.48009955883026
901.0 29.110100865364075
902.0 29.781424403190613
903.0 30.260398149490356
904.0 30.744093537330627
905.0 31.078611135482788
906.0 31.05971884727478
907.0 30.906527042388916
908.0 31.333367586135864
909.0 32.22832405567169
910.0 32.97337996959686
911.0 33.33299255371094
912.0 33.89557754993439
913.0 34.65827560424805
914.0 35.13218379020691
915.0 35.39233875274658
916.0 35.654879331588745
917.0 35.77995586395264
918.0 35.985138177871704
919.0 36.353243827819824
920.0 37.023518800735474
921.0 37.13171100616455
922.0 37.01437830924988
923.0 37.33151030540466
924.0 37.4903507232666
925.0 37.235027551651
926.0 37.3513925075531
927.0 38.08365821838379
928.0 38.74882793426514
929.0 39.080930948257446
930.0 39.481287717819214
931.0 39.908687591552734
932.0 40.06516480445862
933.0 39.994818687438965
934.0 39.620511054992676
935.0 38.619925022125244
936.0 37.82134795188904
937.0 37.58620309829712
938.0 37.444096326828
939.0 37.102718114852905
940.0 36.440882444381714
941.0 36.228182792663574
942.0 36.0201997756958
943.0 35.03694796562195
944.0 34.46933650970459
945.0 34.34863471984863
946.0 33.90723943710327
947.0 33.80505132675171
948.0 33.53435492515564
949.0 33.222439765930176
950.0 33.01270544528961
951.0 32.9649373292923
952.0 33.010170578956604
953.0 32.96162819862366
954.0 32.7306125164032
955.0 32.73651909828186
956.0 32.52059066295624
957.0 32.41493582725525
958.0 32.88605332374573
959.0 32.98058867454529
960.0 33.46521174907684
961.0 34.316179037094116
962.0 34.86906671524048
963.0 35.520323753356934
964.0 35.83949398994446
965.0 36.248417139053345
966.0 36.51266622543335
967.0 36.509432554244995
968.0 36.7624135017395
969.0 37.06861996650696
970.0 37.72596001625061
971.0 37.56685733795166
972.0 37.080296754837036
973.0 37.2712607383728
974.0 37.34713697433472
975.0 37.0854651927948
976.0 36.9261908531189
977.0 37.37666392326355
978.0 37.227959632873535
979.0 36.9682514667511
980.0 37.33875751495361
981.0 37.576255321502686
982.0 37.653197050094604
983.0 37.95791959762573
984.0 38.105457067489624
985.0 37.83020639419556
986.0 37.63613176345825
987.0 37.8245964050293
988.0 37.385523557662964
989.0 36.905967473983765
990.0 37.05867290496826
991.0 38.11929202079773
992.0 39.334946155548096
993.0 40.2240731716156
994.0 40.39995884895325
995.0 40.41745042800903
996.0 40.254979848861694
997.0 40.22781777381897
998.0 40.10906791687012
999.0 39.76333832740784
1000.0 39.509127378463745
1001.0 39.2504243850708
1002.0 39.0399968624115
1003.0 39.27795672416687
1004.0 39.52157640457153
1005.0 39.379427671432495
1006.0 39.015743017196655
1007.0 39.57298970222473
1008.0 40.70787501335144
1009.0 41.45238447189331
1010.0 41.863067865371704
1011.0 42.154446601867676
1012.0 42.337783098220825
1013.0 42.95058083534241
1014.0 43.65928292274475
1015.0 44.236841440200806
1016.0 44.53900599479675
1017.0 44.21015739440918
1018.0 44.34785032272339
1019.0 44.86526417732239
1020.0 44.544591426849365
1021.0 44.42444586753845
1022.0 44.5121636390686
1023.0 44.20950627326965
1024.0 44.24224901199341
1025.0 44.49608492851257
1026.0 44.531476736068726
1027.0 44.4276340007782
1028.0 43.76678729057312
1029.0 43.20943760871887
1030.0 43.12526869773865
1031.0 43.343159914016724
1032.0 43.81422209739685
1033.0 44.33208870887756
1034.0 44.74117565155029
1035.0 45.39796447753906
1036.0 46.24108362197876
1037.0 46.26100182533264
1038.0 46.1349413394928
1039.0 46.24617385864258
1040.0 46.974343061447144
1041.0 46.9373574256897
1042.0 46.619224071502686
1043.0 47.11118841171265
1044.0 48.49287700653076
1045.0 49.82772994041443
1046.0 50.02202796936035
1047.0 50.17178559303284
1048.0 50.599223136901855
1049.0 50.457524061203
1050.0 49.45277762413025
1051.0 49.235047340393066
1052.0 49.246417760849
1053.0 49.10700082778931
1054.0 48.88985252380371
1055.0 49.31537938117981
1056.0 49.54367971420288
1057.0 49.58133792877197
1058.0 49.849050998687744
1059.0 49.82187008857727
1060.0 49.68924260139465
1061.0 50.052913427352905
1062.0 49.74145579338074
1063.0 49.52748918533325
1064.0 49.91663861274719
1065.0 50.04286432266235
1066.0 50.297603607177734
1067.0 50.75052523612976
1068.0 51.6181378364563
1069.0 51.933804750442505
1070.0 52.351476192474365
1071.0 53.54858350753784
1072.0 54.654792070388794
1073.0 55.71202301979065
1074.0 55.853294134140015
1075.0 55.82392120361328
1076.0 55.48973822593689
1077.0 54.9964804649353
1078.0 54.78275156021118
1079.0 55.18416976928711
1080.0 55.70280146598816
1081.0 55.8991060256958
1082.0 56.74782991409302
1083.0 56.94451093673706
1084.0 56.56590032577515
1085.0 56.484026193618774
1086.0 55.74343752861023
1087.0 54.55429697036743
1088.0 53.950764894485474
1089.0 53.49379205703735
1090.0 53.655537843704224
1091.0 53.807042837142944
1092.0 53.3252477645874
1093.0 52.652039766311646
1094.0 52.35207557678223
1095.0 52.3921639919281
1096.0 52.705381870269775
1097.0 53.83539867401123
1098.0 55.066632986068726
1099.0 55.72477173805237
1100.0 56.04431939125061
1101.0 56.45215582847595
1102.0 57.88120198249817
1103.0 59.55212163925171
1104.0 60.67030572891235
1105.0 61.61299180984497
1106.0 62.18521857261658
1107.0 63.27755117416382
1108.0 64.34701919555664
1109.0 64.7184829711914
1110.0 65.26483607292175
1111.0 66.8157639503479
1112.0 69.44134044647217
1113.0 71.50909423828125
1114.0 72.16279649734497
1115.0 74.05934715270996
1116.0 75.49869060516357
1117.0 77.29487895965576
1118.0 78.86035442352295
1119.0 78.25540685653687
1120.0 78.10308170318604
1121.0 78.1690936088562
1122.0 79.04345369338989
1123.0 79.00482845306396
1124.0 78.05854177474976
1125.0 78.36685371398926
1126.0 77.77933359146118
1127.0 78.40499448776245
1128.0 77.38838768005371
1129.0 76.54151678085327
1130.0 76.44316339492798
1131.0 77.11341428756714
1132.0 77.07066059112549
1133.0 76.42335271835327
1134.0 76.02397775650024
1135.0 76.79366302490234
1136.0 76.80332088470459
1137.0 76.30540466308594
1138.0 76.34474563598633
1139.0 77.49871492385864
1140.0 78.00804328918457
1141.0 77.86169385910034
1142.0 77.72421598434448
1143.0 77.71544361114502
1144.0 77.75182342529297
1145.0 77.6680760383606
1146.0 77.90550565719604
1147.0 78.31097364425659
1148.0 78.36396884918213
1149.0 77.92307424545288
1150.0 76.75987720489502
1151.0 76.07156038284302
1152.0 77.11794233322144
1153.0 78.75923728942871
1154.0 80.1120195388794
1155.0 82.05511045455933
1156.0 83.26767015457153
1157.0 84.8009901046753
1158.0 87.48992681503296
1159.0 88.4147629737854
1160.0 89.8684401512146
1161.0 91.29053258895874
1162.0 91.87299489974976
1163.0 92.08300638198853
1164.0 92.27864456176758
1165.0 94.03662347793579
1166.0 95.54502725601196
1167.0 96.81025838851929
1168.0 97.97501230239868
1169.0 98.55152559280396
1170.0 99.13851642608643
1171.0 99.59208059310913
1172.0 100.65972900390625
1173.0 100.86078405380249
1174.0 100.8326325416565
1175.0 101.2864203453064
1176.0 102.39993286132813
1177.0 102.76425886154175
1178.0 103.00191164016724
1179.0 104.60555219650269
1180.0 106.84268951416016
1181.0 108.79764986038208
1182.0 110.04478120803833
1183.0 110.90251684188843
1184.0 112.37717962265015
1185.0 113.54827213287354
1186.0 114.2872371673584
1187.0 114.80660390853882
1188.0 115.30847835540771
1189.0 115.78860998153687
1190.0 116.76854133605957
1191.0 117.31048154830933
1192.0 117.46556520462036
1193.0 117.98802614212036
1194.0 118.33728408813477
1195.0 118.53625822067261
1196.0 119.51353359222412
1197.0 119.77516794204712
1198.0 119.28587532043457
1199.0 119.64382314682007
1200.0 119.07652711868286
1201.0 119.13393783569336
1202.0 117.77790641784668
1203.0 116.47423791885376
1204.0 115.83943367004395
1205.0 117.25070905685425
1206.0 118.05992126464844
1207.0 118.14356565475464
1208.0 118.19500780105591
1209.0 117.26930952072144
1210.0 116.7470531463623
1211.0 116.14968824386597
1212.0 115.05039548873901
1213.0 113.93222618103027
1214.0 113.15783023834229
1215.0 113.10603713989258
1216.0 112.7013349533081
1217.0 112.86991214752197
1218.0 112.34310007095337
1219.0 112.71544599533081
1220.0 112.60863399505615
1221.0 112.91042995452881
1222.0 112.47215795516968
1223.0 113.08825731277466
1224.0 113.58552408218384
1225.0 113.54181861877441
1226.0 113.62811470031738
1227.0 114.01276922225952
1228.0 114.96296072006226
1229.0 114.84086561203003
1230.0 115.1343264579773
1231.0 116.15832710266113
1232.0 116.7054352760315
1233.0 116.31682205200195
1234.0 116.39677619934082
1235.0 116.95573806762695
1236.0 116.93367433547974
1237.0 118.33226776123047
1238.0 119.51820087432861
1239.0 119.97026777267456
1240.0 121.18871974945068
1241.0 121.52887916564941
1242.0 121.83031463623047
1243.0 121.69692420959473
1244.0 122.58604526519775
1245.0 122.66117715835571
1246.0 122.80963659286499
1247.0 122.86260175704956
1248.0 123.403883934021
1249.0 124.48007297515869
1250.0 124.7897367477417
1251.0 124.83873224258423
1252.0 123.58463764190674
1253.0 123.07399702072144
1254.0 124.1886510848999
1255.0 124.28704786300659
1256.0 124.6428861618042
1257.0 125.52427005767822
1258.0 126.23036336898804
1259.0 126.26224279403687
1260.0 126.57957744598389
1261.0 125.72214221954346
1262.0 125.88354682922363
1263.0 127.14122533798218
1264.0 126.47984409332275
1265.0 126.32987642288208
1266.0 127.18710899353027
1267.0 127.36340141296387
1268.0 127.27807188034058
1269.0 128.2513461112976
1270.0 127.85707473754883
1271.0 127.3117847442627
1272.0 127.5213828086853
1273.0 127.49662256240845
1274.0 127.62985467910767
1275.0 127.7948865890503
1276.0 127.7000207901001
1277.0 127.85079526901245
1278.0 127.8136339187622
1279.0 127.5185079574585
1280.0 127.6228837966919
1281.0 127.54778861999512
1282.0 126.98389720916748
1283.0 126.59027242660522
1284.0 126.51466083526611
1285.0 126.7767219543457
1286.0 126.56028747558594
1287.0 125.75768756866455
1288.0 125.0097804069519
1289.0 124.3021559715271
1290.0 123.21092939376831
1291.0 122.70660352706909
1292.0 122.03085279464722
1293.0 121.61291790008545
1294.0 121.05171823501587
1295.0 121.00127410888672
1296.0 120.531729221344
1297.0 119.78805446624756
1298.0 119.85775423049927
1299.0 119.34343433380127
1300.0 118.64926290512085
1301.0 117.83566045761108
1302.0 117.28375673294067
1303.0 116.73380756378174
1304.0 116.12635803222656
1305.0 115.68218612670898
1306.0 115.58350801467896
1307.0 114.86757564544678
1308.0 113.7720365524292
1309.0 112.57484531402588
1310.0 112.56367063522339
1311.0 112.833487033844
1312.0 112.43915939331055
1313.0 112.03098583221436
1314.0 111.69327926635742
1315.0 111.63872814178467
1316.0 111.62686061859131
1317.0 111.37356519699097
1318.0 111.52102851867676
1319.0 111.85402774810791
1320.0 112.1115403175354
1321.0 112.06752347946167
1322.0 112.35051584243774
1323.0 112.61935806274414
1324.0 113.0414514541626
1325.0 113.28003120422363
1326.0 113.53806829452515
1327.0 114.02733564376831
1328.0 113.04946613311768
1329.0 111.55244970321655
1330.0 110.62805891036987
1331.0 110.45856285095215
1332.0 110.78632926940918
1333.0 110.8666820526123
1334.0 111.59024477005005
1335.0 112.03419589996338
1336.0 111.66014528274536
1337.0 112.30219459533691
1338.0 113.0503396987915
1339.0 112.6581358909607
1340.0 112.36682987213135
1341.0 110.99709939956665
1342.0 109.7040548324585
1343.0 108.58636379241943
1344.0 108.81354188919067
1345.0 109.9369421005249
1346.0 110.49301815032959
1347.0 110.07959032058716
1348.0 109.58545255661011
1349.0 110.26196241378784
1350.0 111.31382703781128
1351.0 111.10219097137451
1352.0 110.3879747390747
1353.0 109.63371992111206
1354.0 109.76946210861206
1355.0 109.47833204269409
1356.0 109.347891330719
1357.0 109.45672416687012
1358.0 110.1112470626831
1359.0 110.21892929077148
1360.0 109.68875026702881
1361.0 109.67560148239136
1362.0 108.81570386886597
1363.0 108.5632677078247
1364.0 107.70728635787964
1365.0 106.73361921310425
1366.0 105.31743335723877
1367.0 104.79822635650635
1368.0 104.05903816223145
1369.0 103.43193578720093
1370.0 103.5937328338623
1371.0 103.3892970085144
1372.0 103.16648149490356
1373.0 102.81656980514526
1374.0 102.06511640548706
1375.0 101.74416303634644
1376.0 101.36152458190918
1377.0 101.70230627059937
1378.0 101.22185182571411
1379.0 100.89743947982788
1380.0 101.99433612823486
1381.0 101.31620359420776
1382.0 101.48794078826904
1383.0 101.6513991355896
1384.0 101.70433187484741
1385.0 101.11556816101074
1386.0 100.65409898757935
1387.0 100.73590183258057
1388.0 100.78526401519775
1389.0 100.93418598175049
1390.0 101.27572727203369
1391.0 101.4131178855896
1392.0 101.10620737075806
1393.0 100.87392091751099
1394.0 100.24330377578735
1395.0 100.29420185089111
1396.0 100.14708471298218
1397.0 99.52770328521729
1398.0 98.93049049377441
1399.0 98.57900428771973
1400.0 98.71393966674805
1401.0 98.74686050415039
1402.0 97.6992540359497
1403.0 97.49616527557373
1404.0 97.56896114349365
1405.0 96.75233030319214
1406.0 96.98046636581421
1407.0 97.22336769104004
1408.0 97.71645450592041
1409.0 97.52332067489624
1410.0 96.88862371444702
1411.0 97.33922481536865
1412.0 97.36325740814209
1413.0 96.76600313186646
1414.0 97.37220907211304
1415.0 97.5957088470459
1416.0 97.48035049438477
1417.0 97.36454486846924
1418.0 97.11729001998901
1419.0 97.15778160095215
1420.0 96.89894342422485
1421.0 96.25874090194702
1422.0 96.59627342224121
1423.0 96.12784385681152
1424.0 95.46502590179443
1425.0 96.03704261779785
1426.0 96.49007749557495
1427.0 97.27958154678345
1428.0 97.17063856124878
1429.0 97.36402797698975
1430.0 97.54801511764526
1431.0 97.31116199493408
1432.0 97.28857755661011
1433.0 97.7911319732666
1434.0 97.54236793518066
1435.0 97.0329532623291
1436.0 96.82178974151611
1437.0 96.75780534744263
1438.0 96.80800151824951
1439.0 96.39739990234375
1440.0 96.4576644897461
1441.0 96.88238191604614
1442.0 96.37710523605347
1443.0 95.90796661376953
1444.0 95.94336891174316
1445.0 96.027259349823
1446.0 96.39448690414429
1447.0 96.56235551834106
1448.0 96.78756856918335
1449.0 96.85145902633667
1450.0 96.74011421203613
1451.0 96.69542980194092
1452.0 96.32145547866821
1453.0 96.78353023529053
1454.0 96.66750383377075
1455.0 96.35967969894409
1456.0 96.40994215011597
1457.0 96.5629014968872
1458.0 96.83926439285278
1459.0 97.00768184661865
1460.0 96.72144508361816
1461.0 97.0015959739685
1462.0 97.21912288665771
1463.0 97.6298656463623
1464.0 97.75649213790894
1465.0 97.3122878074646
1466.0 97.08291578292847
1467.0 97.35600757598877
1468.0 97.42886257171631
1469.0 97.13874673843384
1470.0 97.19727182388306
1471.0 97.67830991744995
1472.0 97.68009614944458
1473.0 97.49340105056763
1474.0 97.45125436782837
1475.0 97.27841186523438
1476.0 97.53376197814941
1477.0 97.50515127182007
1478.0 97.8236985206604
1479.0 97.13532972335815
1480.0 96.73032283782959
1481.0 97.35027313232422
1482.0 98.02794790267944
1483.0 97.90941619873047
1484.0 97.26673936843872
1485.0 97.2506685256958
1486.0 97.38187265396118
1487.0 96.9733681678772
1488.0 96.05331087112427
1489.0 95.96301603317261
1490.0 95.76978778839111
1491.0 95.72897624969482
1492.0 95.40992879867554
1493.0 95.08490133285522
1494.0 95.45986127853394
1495.0 95.24492692947388
1496.0 95.35048532485962
1497.0 95.7692461013794
1498.0 95.74536275863647
1499.0 95.7095456123352
1500.0 95.41413736343384
1501.0 95.11088752746582
1502.0 95.26392602920532
1503.0 95.0791072845459
1504.0 94.76447486877441
1505.0 94.85793590545654
1506.0 94.4472827911377
1507.0 94.18332433700562
1508.0 94.04782772064209
1509.0 93.99166822433472
1510.0 93.34284400939941
1511.0 92.8308744430542
1512.0 92.69084310531616
1513.0 92.23925971984863
1514.0 92.01811361312866
1515.0 91.57757711410522
1516.0 91.14993953704834
1517.0 91.1139144897461
1518.0 90.7494215965271
1519.0 90.36968040466309
1520.0 90.06216478347778
1521.0 89.91040515899658
1522.0 89.99625444412231
1523.0 89.82414484024048
1524.0 89.11821126937866
1525.0 88.4867753982544
1526.0 88.38124465942383
1527.0 88.55761194229126
1528.0 88.50834512710571
1529.0 88.1758394241333
1530.0 87.92188453674316
1531.0 88.14689874649048
1532.0 88.2655143737793
1533.0 88.25471067428589
1534.0 87.80544948577881
1535.0 87.52823448181152
1536.0 87.73478507995605
1537.0 87.57187795639038
1538.0 87.27521657943726
1539.0 86.76902914047241
1540.0 86.78595161437988
1541.0 87.20129060745239
1542.0 87.10440015792847
1543.0 86.84093236923218
1544.0 86.68978977203369
1545.0 86.75250816345215
1546.0 86.35082674026489
1547.0 86.50886249542236
1548.0 86.50307655334473
1549.0 86.45074081420898
1550.0 86.74924278259277
1551.0 86.90905618667603
1552.0 86.7586579322815
1553.0 86.79944610595703
1554.0 86.57354307174683
1555.0 86.93969058990479
1556.0 87.50000143051147
1557.0 86.84365797042847
1558.0 86.20195531845093
1559.0 85.96345043182373
1560.0 85.99699401855469
1561.0 85.17536640167236
1562.0 85.34680509567261
1563.0 85.06954193115234
1564.0 85.0480842590332
1565.0 85.80959606170654
1566.0 85.67668294906616
1567.0 85.6633939743042
1568.0 85.32896327972412
1569.0 85.29934358596802
1570.0 85.1810188293457
1571.0 84.81408500671387
1572.0 84.96281385421753
1573.0 84.89602899551392
1574.0 84.66291856765747
1575.0 84.87194633483887
1576.0 84.61350393295288
1577.0 84.42006492614746
1578.0 84.19050979614258
1579.0 84.21832370758057
1580.0 84.55655097961426
1581.0 84.49581480026245
1582.0 84.33934736251831
1583.0 83.82575130462646
1584.0 83.93204355239868
1585.0 83.922278881073
1586.0 83.57664966583252
1587.0 83.69026136398315
1588.0 83.83236026763916
1589.0 83.85509300231934
1590.0 83.73629093170166
1591.0 83.26197576522827
1592.0 82.7017297744751
1593.0 82.59220695495605
1594.0 82.42123508453369
1595.0 82.5127182006836
1596.0 82.20819520950317
1597.0 81.787269115448
1598.0 81.8699951171875
1599.0 82.12432336807251
1600.0 81.60082387924194
1601.0 81.86525058746338
1602.0 82.14511919021606
1603.0 81.65126943588257
1604.0 82.04363632202148
1605.0 81.65542507171631
1606.0 81.07541370391846
1607.0 81.22472476959229
1608.0 81.27953386306763
1609.0 80.90086555480957
1610.0 80.26887464523315
1611.0 80.89765405654907
1612.0 81.03487634658813
1613.0 79.85119771957397
1614.0 79.45159864425659
1615.0 79.6597638130188
1616.0 79.73363542556763
1617.0 79.77535438537598
1618.0 80.01179027557373
1619.0 79.50805330276489
1620.0 79.57695770263672
1621.0 78.71746635437012
1622.0 78.23213768005371
1623.0 77.76047945022583
1624.0 77.37310028076172
1625.0 76.70754432678223
1626.0 76.5627293586731
1627.0 76.71990203857422
1628.0 76.50260782241821
1629.0 76.2330551147461
1630.0 75.99639987945557
1631.0 75.57281064987183
1632.0 75.27564668655396
1633.0 75.08759593963623
1634.0 75.0684027671814
1635.0 74.84177780151367
1636.0 74.59523868560791
1637.0 74.54572534561157
1638.0 74.50568962097168
1639.0 74.22719430923462
1640.0 74.00965118408203
1641.0 73.49781084060669
1642.0 72.9451379776001
1643.0 73.05014038085938
1644.0 73.1495132446289
1645.0 72.97459363937378
1646.0 72.39379167556763
1647.0 72.28763008117676
1648.0 72.3342695236206
1649.0 72.0387454032898
1650.0 71.64187002182007
1651.0 71.71968936920166
1652.0 71.60018825531006
1653.0 71.3747296333313
1654.0 71.28988695144653
1655.0 70.758225440979
1656.0 70.25406122207642
1657.0 69.82499361038208
1658.0 69.97604179382324
1659.0 69.99450063705444
1660.0 69.94187450408936
1661.0 70.12461280822754
1662.0 70.44117641448975
1663.0 69.82263422012329
1664.0 69.24708223342896
1665.0 69.03898859024048
1666.0 68.7769284248352
1667.0 68.57528734207153
1668.0 68.52244281768799
1669.0 68.60937261581421
1670.0 68.79000043869019
1671.0 68.41655921936035
1672.0 68.17901182174683
1673.0 68.49723052978516
1674.0 68.53583002090454
1675.0 68.05904960632324
1676.0 68.10606527328491
1677.0 68.33159589767456
1678.0 67.99633646011353
1679.0 67.78825664520264
1680.0 68.30262231826782
1681.0 68.68061828613281
1682.0 68.42247676849365
1683.0 67.8593602180481
1684.0 67.70001125335693
1685.0 68.14148330688477
1686.0 68.0534234046936
1687.0 67.5699872970581
1688.0 67.32146072387695
1689.0 66.82333469390869
1690.0 66.85516309738159
1691.0 67.02221965789795
1692.0 66.97861766815186
1693.0 66.4110598564148
1694.0 66.05840587615967
1695.0 65.9990348815918
1696.0 65.86243009567261
1697.0 65.77387142181396
1698.0 65.57190799713135
1699.0 64.74159288406372
1700.0 64.37553429603577
1701.0 64.74805545806885
1702.0 64.88627243041992
1703.0 65.12371015548706
1704.0 65.17494010925293
1705.0 65.03150963783264
1706.0 64.54567384719849
1707.0 64.38965797424316
1708.0 64.40182304382324
1709.0 64.53215980529785
1710.0 64.76978778839111
1711.0 64.56472539901733
1712.0 64.6308217048645
1713.0 64.42192482948303
1714.0 64.03370785713196
1715.0 63.952192544937134
1716.0 63.62740993499756
1717.0 63.51166772842407
1718.0 63.51071643829346
1719.0 63.76258659362793
1720.0 63.63054704666138
1721.0 63.80682182312012
1722.0 64.75592088699341
1723.0 64.57841610908508
1724.0 63.70965814590454
1725.0 63.59795784950256
1726.0 63.46125936508179
1727.0 63.59176993370056
1728.0 63.38240599632263
1729.0 63.49555039405823
1730.0 63.60205554962158
1731.0 63.11763000488281
1732.0 63.59698033332825
1733.0 63.544533491134644
1734.0 62.310811042785645
1735.0 62.57035803794861
1736.0 62.88049364089966
1737.0 62.84199571609497
1738.0 62.750226974487305
1739.0 62.88003063201904
1740.0 62.919034004211426
1741.0 63.15759205818176
1742.0 63.437931537628174
1743.0 63.07113862037659
1744.0 63.251710414886475
1745.0 63.1231324672699
1746.0 62.970372438430786
1747.0 62.9516019821167
1748.0 63.04748773574829
1749.0 63.31083083152771
1750.0 63.32930660247803
1751.0 63.607962131500244
1752.0 64.14452290534973
1753.0 64.42014241218567
1754.0 64.37858152389526
1755.0 65.10325121879578
1756.0 65.07441997528076
1757.0 64.73526453971863
1758.0 65.25202322006226
1759.0 66.1343846321106
1760.0 66.25517702102661
1761.0 65.94726061820984
1762.0 66.48824739456177
1763.0 66.42471146583557
1764.0 66.43557643890381
1765.0 66.52866220474243
1766.0 66.32127380371094
1767.0 66.15726232528687
1768.0 65.71070575714111
1769.0 66.78200006484985
1770.0 67.22556209564209
1771.0 66.68013572692871
1772.0 66.7657618522644
1773.0 66.70972394943237
1774.0 66.30681896209717
1775.0 65.97812604904175
1776.0 66.30876159667969
1777.0 66.4497537612915
1778.0 66.44138765335083
1779.0 66.09372186660767
1780.0 65.95102739334106
1781.0 66.12370491027832
1782.0 66.21413087844849
1783.0 66.3634340763092
1784.0 66.14815378189087
1785.0 66.41200518608093
1786.0 67.05200004577637
1787.0 67.05901432037354
1788.0 66.76902484893799
1789.0 66.92740535736084
1790.0 66.60878372192383
1791.0 66.13773584365845
1792.0 65.89114904403687
1793.0 66.33008575439453
1794.0 66.5368447303772
1795.0 66.45340585708618
1796.0 65.86108732223511
1797.0 66.05448961257935
1798.0 65.24895000457764
1799.0 65.23291230201721
1800.0 65.67681384086609
1801.0 65.35207486152649
1802.0 65.55605363845825
1803.0 65.64823627471924
1804.0 65.50628161430359
1805.0 65.20927715301514
1806.0 65.33076000213623
1807.0 65.48336839675903
1808.0 65.51276636123657
1809.0 65.33645629882813
1810.0 64.91011667251587
1811.0 64.98330307006836
1812.0 65.1396336555481
1813.0 65.05320048332214
1814.0 64.8620855808258
1815.0 64.76518487930298
1816.0 65.01070308685303
1817.0 64.93415260314941
1818.0 65.00388073921204
1819.0 64.12906122207642
1820.0 63.56066274642944
1821.0 64.05410432815552
1822.0 64.43458890914917
1823.0 64.00120544433594
1824.0 63.44388937950134
1825.0 63.06971454620361
1826.0 63.576987981796265
1827.0 64.03533363342285
1828.0 63.23799800872803
1829.0 62.89687991142273
1830.0 63.16459035873413
1831.0 63.154698610305786
1832.0 62.95106291770935
1833.0 62.876628160476685
1834.0 62.8162477016449
1835.0 62.882691383361816
1836.0 62.82398009300232
1837.0 62.39473843574524
1838.0 62.105772733688354
1839.0 61.97262215614319
