1.0 0.0
2.0 0.0
3.0 0.0
4.0 0.0
5.0 0.0
6.0 0.0
7.0 0.0
8.0 0.0
9.0 0.0
10.0 0.0
11.0 0.0
12.0 0.0
13.0 0.0
14.0 0.0
15.0 0.0
16.0 0.0
17.0 0.0
18.0 0.0
19.0 0.0
20.0 0.0
21.0 0.0
22.0 0.0
23.0 0.0
24.0 0.0
25.0 0.0
26.0 0.0
27.0 0.0
28.0 0.0
29.0 0.0
30.0 0.0
31.0 0.0
32.0 0.0
33.0 0.0
34.0 0.0
35.0 0.0
36.0 0.0
37.0 0.0
38.0 0.0
39.0 0.0
40.0 0.0
41.0 0.0
42.0 0.0
43.0 0.0
44.0 0.0
45.0 0.0
46.0 0.0
47.0 0.0
48.0 0.0
49.0 0.0
50.0 0.0
51.0 0.0
52.0 0.0
53.0 0.0
54.0 0.0
55.0 0.0
56.0 0.0
57.0 0.0
58.0 0.0
59.0 0.0
60.0 0.0
61.0 0.0
62.0 0.0
63.0 0.0
64.0 0.0
65.0 0.0
66.0 0.0
67.0 0.0
68.0 0.0
69.0 0.0
70.0 0.0
71.0 0.0
72.0 0.0
73.0 0.0
74.0 0.0
75.0 0.0
76.0 0.0
77.0 0.0
78.0 0.0
79.0 0.0
80.0 0.0
81.0 0.0
82.0 0.0
83.0 0.0
84.0 0.0
85.0 0.0
86.0 0.0
87.0 0.0
88.0 0.0
89.0 0.0
90.0 0.0
91.0 0.0
92.0 0.0
93.0 0.0
94.0 0.0
95.0 0.0
96.0 0.0
97.0 0.0
98.0 0.0
99.0 0.0
100.0 0.0
101.0 0.0
102.0 0.0
103.0 0.0
104.0 0.0
105.0 0.0
106.0 0.0
107.0 0.0
108.0 0.0
109.0 0.0
110.0 0.0
111.0 0.0
112.0 0.0
113.0 0.0
114.0 0.0
115.0 0.0
116.0 0.0
117.0 0.0
118.0 0.0
119.0 0.0
120.0 0.0
121.0 0.0
122.0 0.0
123.0 0.0
124.0 0.0
125.0 0.0
126.0 0.0
127.0 0.0
128.0 0.0
129.0 0.0
130.0 0.0
131.0 0.0
132.0 0.0
133.0 0.0
134.0 0.0
135.0 0.0
136.0 0.0
137.0 0.0
138.0 0.0
139.0 0.0
140.0 0.0
141.0 0.0
142.0 0.0
143.0 0.0
144.0 0.0
145.0 0.0
146.0 0.0
147.0 0.0
148.0 0.0
149.0 0.0
150.0 0.0
151.0 0.0
152.0 0.0
153.0 0.0
154.0 0.0
155.0 0.0
156.0 0.0
157.0 0.0
158.0 0.0
159.0 0.0
160.0 0.0
161.0 0.0
162.0 0.0
163.0 0.0
164.0 0.0
165.0 0.0
166.0 0.0
167.0 0.0
168.0 0.0
169.0 0.0
170.0 0.0
171.0 0.0
172.0 0.0
173.0 0.0
174.0 0.0
175.0 0.0
176.0 0.0
177.0 0.0
178.0 0.0
179.0 0.0
180.0 0.0
181.0 0.0
182.0 0.0
183.0 0.0
184.0 0.0
185.0 0.0
186.0 0.0
187.0 0.0
188.0 0.0
189.0 0.0
190.0 0.0
191.0 0.0
192.0 0.0
193.0 0.0
194.0 0.0
195.0 0.0
196.0 0.0
197.0 0.0
198.0 0.0
199.0 0.0
200.0 0.0
201.0 0.0
202.0 0.0
203.0 0.0
204.0 0.0
205.0 0.0
206.0 0.0
207.0 0.0
208.0 0.0
209.0 0.0
210.0 0.0
211.0 0.0
212.0 0.0
213.0 0.0
214.0 0.0
215.0 0.0
216.0 0.0
217.0 0.0
218.0 0.0
219.0 0.0
220.0 0.0
221.0 0.0
222.0 0.0
223.0 0.0
224.0 0.0
225.0 0.0
226.0 0.0
227.0 0.0
228.0 0.0
229.0 0.0
230.0 0.0
231.0 0.0
232.0 0.0
233.0 0.0
234.0 0.0
235.0 0.0
236.0 0.0
237.0 0.0
238.0 0.0
239.0 0.0
240.0 0.0
241.0 0.0
242.0 0.0
243.0 0.0
244.0 0.0
245.0 0.0
246.0 0.0
247.0 0.0
248.0 0.0
249.0 0.0
250.0 0.0
251.0 0.0
252.0 0.0
253.0 0.0
254.0 0.0
255.0 0.0
256.0 0.0
257.0 0.0
258.0 0.0
259.0 0.0
260.0 0.0
261.0 0.0
262.0 0.0
263.0 0.0
264.0 0.0
265.0 0.0
266.0 0.0
267.0 0.0
268.0 0.0
269.0 0.0
270.0 0.0
271.0 0.0
272.0 0.0
273.0 0.0
274.0 0.0
275.0 0.0
276.0 0.0
277.0 0.0
278.0 0.0
279.0 0.0
280.0 0.0
281.0 0.0
282.0 0.0
283.0 0.0
284.0 0.0
285.0 0.0
286.0 0.0
287.0 0.0
288.0 0.0
289.0 0.0
290.0 0.0
291.0 0.0
292.0 0.0
293.0 0.0
294.0 0.0
295.0 0.0
296.0 0.0
297.0 0.0
298.0 0.0
299.0 0.0
300.0 0.0
301.0 0.0
302.0 0.0
303.0 0.0
304.0 0.0
305.0 0.0
306.0 0.0
307.0 0.0
308.0 0.0
309.0 0.0
310.0 0.0
311.0 0.0
312.0 0.0
313.0 0.0
314.0 0.0
315.0 0.0
316.0 0.0
317.0 0.0
318.0 0.0
319.0 0.0
320.0 0.0
321.0 0.0
322.0 0.0
323.0 0.0
324.0 0.0
325.0 0.0
326.0 0.0
327.0 0.0
328.0 0.0
329.0 0.0
330.0 0.0
331.0 0.0
332.0 0.0
333.0 0.0
334.0 0.0
335.0 0.0
336.0 0.0
337.0 0.0
338.0 0.0
339.0 0.0
340.0 0.0
341.0 0.0
342.0 0.0
343.0 0.0
344.0 0.0
345.0 0.0
346.0 0.0
347.0 0.0
348.0 0.0
349.0 0.0
350.0 0.0
351.0 0.0
352.0 0.0
353.0 0.0
354.0 0.0
355.0 0.0
356.0 0.0
357.0 0.0
358.0 0.0
359.0 0.0
360.0 0.0
361.0 0.0
362.0 0.0
363.0 0.0
364.0 0.0
365.0 0.0
366.0 0.0
367.0 0.0
368.0 0.0
369.0 0.0
370.0 0.0
371.0 0.0
372.0 0.0
373.0 0.0
374.0 0.0
375.0 0.0
376.0 0.0
377.0 0.0
378.0 0.0
379.0 0.0
380.0 0.0
381.0 0.0
382.0 0.0
383.0 0.0
384.0 0.0
385.0 0.0
386.0 0.0
387.0 0.0
388.0 0.0
389.0 0.0
390.0 0.0
391.0 0.0
392.0 0.0
393.0 0.0
394.0 0.0
395.0 0.0
396.0 0.0
397.0 0.0
398.0 0.0
399.0 0.0
400.0 0.0
401.0 0.0
402.0 0.0
403.0 0.0
404.0 0.0
405.0 0.0
406.0 0.0
407.0 0.0
408.0 0.0
409.0 0.0
410.0 0.0
411.0 0.0
412.0 0.0
413.0 0.0
414.0 0.0
415.0 0.0
416.0 0.0
417.0 0.0
418.0 0.0
419.0 0.0
420.0 0.0
421.0 0.0
422.0 0.0
423.0 0.0
424.0 0.0
425.0 0.0
426.0 0.0
427.0 0.0
428.0 0.0
429.0 0.0
430.0 0.0
431.0 0.0
432.0 0.0
433.0 0.0
434.0 0.0
435.0 0.0
436.0 0.0
437.0 0.0
438.0 0.0
439.0 0.0
440.0 0.0
441.0 0.0
442.0 0.0
443.0 0.0
444.0 0.0
445.0 0.0
446.0 0.0
447.0 0.0
448.0 0.0
449.0 0.0
450.0 0.0
451.0 0.0
452.0 0.0
453.0 0.0
454.0 0.0
455.0 0.0
456.0 0.0
457.0 0.0
458.0 0.0
459.0 0.0
460.0 0.0
461.0 0.0
462.0 0.0
463.0 0.0
464.0 0.0
465.0 0.0
466.0 0.0
467.0 0.0
468.0 0.0
469.0 0.0
470.0 0.0
471.0 0.0
472.0 0.0
473.0 0.0
474.0 0.0
475.0 0.0
476.0 0.0
477.0 0.0
478.0 0.0
479.0 0.0
480.0 0.0
481.0 0.0
482.0 0.0
483.0 0.0
484.0 0.0
485.0 0.0
486.0 0.0
487.0 0.0
488.0 0.0
489.0 0.0
490.0 0.0
491.0 0.0
492.0 0.0
493.0 0.0
494.0 0.0
495.0 0.0
496.0 0.0
497.0 0.0
498.0 0.0
499.0 0.0
500.0 0.0
501.0 0.0
502.0 0.0
503.0 0.0
504.0 0.0
505.0 0.0
506.0 0.0
507.0 0.0
508.0 0.0
509.0 0.0
510.0 0.0
511.0 0.0
512.0 0.0
513.0 0.0
514.0 0.0
515.0 0.0
516.0 0.0
517.0 0.0
518.0 0.0
519.0 0.0
520.0 0.0
521.0 0.0
522.0 0.0
523.0 0.0
524.0 0.0
525.0 0.0
526.0 0.0
527.0 0.0
528.0 0.0
529.0 0.0
530.0 0.0
531.0 0.0
532.0 0.0
533.0 0.0
534.0 0.0
535.0 0.0
536.0 0.0
537.0 0.0
538.0 0.0
539.0 0.0
540.0 0.0
541.0 0.0
542.0 0.0
543.0 0.0
544.0 0.0
545.0 0.0
546.0 0.0
547.0 0.0
548.0 0.0
549.0 0.0
550.0 0.0
551.0 0.0
552.0 0.0
553.0 0.0
554.0 0.0
555.0 0.0
556.0 0.0
557.0 0.0
558.0 0.0
559.0 0.0
560.0 0.0
561.0 0.0
562.0 0.0
563.0 0.0
564.0 0.0
565.0 0.0
566.0 0.0
567.0 0.0
568.0 0.0
569.0 0.0
570.0 0.0
571.0 0.0
572.0 0.0
573.0 0.0
574.0 0.0
575.0 0.0
576.0 0.0
577.0 0.0
578.0 0.0
579.0 0.0
580.0 0.0
581.0 0.0
582.0 0.0
583.0 0.0
584.0 0.0
585.0 0.0
586.0 0.0
587.0 0.0
588.0 0.0
589.0 0.0
590.0 0.0
591.0 0.0
592.0 0.0
593.0 0.0
594.0 0.0
595.0 0.0
596.0 0.0
597.0 0.0
598.0 0.0
599.0 0.0
600.0 0.0
601.0 0.0
602.0 0.0
603.0 0.0
604.0 0.0
605.0 0.0
606.0 0.0
607.0 0.0
608.0 0.0
609.0 0.0
610.0 0.0
611.0 0.0
612.0 0.0
613.0 0.0
614.0 0.0
615.0 0.0
616.0 0.0
617.0 0.0
618.0 0.0
619.0 0.0
620.0 0.0
621.0 0.0
622.0 0.0
623.0 0.0
624.0 0.0
625.0 0.0
626.0 0.0
627.0 0.0
628.0 0.0
629.0 0.0
630.0 0.0
631.0 0.0
632.0 0.0
633.0 0.0
634.0 0.0
635.0 0.0
636.0 0.0
637.0 0.0
638.0 0.0
639.0 0.0
640.0 0.0
641.0 0.0
642.0 0.0
643.0 0.0
644.0 0.0
645.0 0.0
646.0 0.0
647.0 0.0
648.0 0.0
649.0 0.0
650.0 0.0
651.0 0.0
652.0 0.0
653.0 0.0
654.0 0.0
655.0 0.0
656.0 0.0
657.0 0.0
658.0 0.0
659.0 0.0
660.0 0.0
661.0 0.0
662.0 0.0
663.0 0.0
664.0 0.0
665.0 0.0
666.0 0.0
667.0 0.0
668.0 0.0
669.0 0.0
670.0 0.0
671.0 0.0
672.0 0.0
673.0 0.0
674.0 0.0
675.0 0.0
676.0 0.0
677.0 0.0
678.0 0.0
679.0 0.0
680.0 0.0
681.0 0.0
682.0 0.0
683.0 0.0
684.0 0.0
685.0 0.0
686.0 0.0
687.0 0.0
688.0 0.0
689.0 0.0
690.0 0.0
691.0 0.0
692.0 0.0
693.0 0.0
694.0 0.0
695.0 0.0
696.0 0.0
697.0 0.0
698.0 0.0
699.0 0.0
700.0 0.0
701.0 0.0
702.0 0.0
703.0 0.0
704.0 0.0
705.0 0.0
706.0 0.0
707.0 0.0
708.0 0.0
709.0 0.0
710.0 0.0
711.0 0.0
712.0 0.0
713.0 0.0
714.0 0.0
715.0 0.0
716.0 0.0
717.0 0.0
718.0 0.0
719.0 0.0
720.0 0.0
721.0 0.0
722.0 0.0
723.0 0.0
724.0 0.0
725.0 0.0
726.0 0.0
727.0 0.0
728.0 0.0
729.0 0.0
730.0 0.0
731.0 0.0
732.0 0.0
733.0 0.0
734.0 0.0
735.0 0.0
736.0 0.0
737.0 0.0
738.0 0.0
739.0 0.0
740.0 0.0
741.0 0.0
742.0 0.0
743.0 0.0
744.0 0.0
745.0 0.0
746.0 0.0
747.0 0.0
748.0 0.0
749.0 0.0
750.0 0.0
751.0 0.0
752.0 0.0
753.0 0.0
754.0 0.0
755.0 0.0
756.0 0.0
757.0 0.0
758.0 0.0
759.0 0.0
760.0 0.0
761.0 0.0
762.0 0.0
763.0 0.0
764.0 0.0
765.0 0.0
766.0 0.0
767.0 0.0
768.0 0.0
769.0 0.0
770.0 0.0
771.0 0.0
772.0 0.0
773.0 0.0
774.0 0.0
775.0 0.0
776.0 0.0
777.0 0.0
778.0 0.0
779.0 0.0
780.0 0.0
781.0 0.0
782.0 0.0
783.0 0.0
784.0 0.0
785.0 0.0
786.0 0.0
787.0 0.0
788.0 0.0
789.0 0.0
790.0 0.0
791.0 0.0
792.0 0.0
793.0 0.0
794.0 0.0
795.0 0.0
796.0 0.0
797.0 0.0
798.0 0.0
799.0 0.0
800.0 0.0
801.0 0.0
802.0 0.0
803.0 0.0
804.0 0.0
805.0 0.0
806.0 0.0
807.0 0.0
808.0 0.0
809.0 0.0
810.0 0.0
811.0 0.0
812.0 0.0
813.0 0.0
814.0 0.0
815.0 0.0
816.0 0.0
817.0 0.0
818.0 0.0
819.0 0.0
820.0 0.0
821.0 0.0
822.0 0.0
823.0 0.0
824.0 0.0
825.0 0.0
826.0 0.0
827.0 0.0
828.0 0.0
829.0 0.0
830.0 0.0
831.0 0.0
832.0 0.0
833.0 0.0
834.0 0.0
835.0 0.0
836.0 0.0
837.0 0.0
838.0 0.0
839.0 0.0
840.0 0.0
841.0 0.0
842.0 0.0
843.0 0.0
844.0 0.0
845.0 0.0
846.0 0.0
847.0 0.0
848.0 0.0
849.0 0.0
850.0 0.0
851.0 0.0
852.0 0.0
853.0 0.0
854.0 0.0
855.0 0.0
856.0 0.0
857.0 0.0
858.0 0.0
859.0 0.0
860.0 0.0
861.0 0.0
862.0 0.0
863.0 0.0
864.0 0.0
865.0 0.0
866.0 0.0
867.0 0.0
868.0 0.0
869.0 0.0
870.0 0.0
871.0 0.0
872.0 0.0
873.0 0.0
874.0 0.0
875.0 0.0
876.0 0.0
877.0 0.0
878.0 0.0
879.0 0.0
880.0 0.0
881.0 0.0
882.0 0.0
883.0 0.0
884.0 0.0
885.0 0.0
886.0 0.0
887.0 0.0
888.0 0.0
889.0 0.0
890.0 0.0
891.0 0.0
892.0 0.0
893.0 0.0
894.0 0.0
895.0 0.0
896.0 0.0
897.0 0.0
898.0 0.0
899.0 0.0
900.0 0.0
901.0 0.0
902.0 0.0
903.0 0.0
904.0 0.0
905.0 0.0
906.0 0.0
907.0 0.0
908.0 0.0
909.0 0.0
910.0 0.0
911.0 0.0
912.0 0.0
913.0 0.0
914.0 0.0
915.0 0.0
916.0 0.0
917.0 0.0
918.0 0.0
919.0 0.0
920.0 0.0
921.0 0.0
922.0 0.0
923.0 0.0
924.0 0.0
925.0 0.0
926.0 0.0
927.0 0.0
928.0 0.0
929.0 0.0
930.0 0.0
931.0 0.0
932.0 0.0
933.0 0.0
934.0 0.0
935.0 0.0
936.0 0.0
937.0 0.0
938.0 0.0
939.0 0.0
940.0 0.0
941.0 0.0
942.0 0.0
943.0 0.0
944.0 0.0
945.0 0.0
946.0 0.0
947.0 0.0
948.0 0.0
949.0 0.0
950.0 0.0
951.0 0.0
952.0 0.0
953.0 0.0
954.0 0.0
955.0 0.0
956.0 0.0
957.0 0.0
958.0 0.0
959.0 0.0
960.0 0.0
961.0 0.0
962.0 0.0
963.0 0.0
964.0 0.0
965.0 0.0
966.0 0.0
967.0 0.0
968.0 0.0
969.0 0.0
970.0 0.0
971.0 0.0
972.0 0.0
973.0 0.0
974.0 0.0
975.0 0.0
976.0 0.0
977.0 0.0
978.0 0.0
979.0 0.0
980.0 0.0
981.0 0.0
982.0 0.0
983.0 0.0
984.0 0.0
985.0 0.0
986.0 0.0
987.0 0.0
988.0 0.0
989.0 0.0
990.0 0.0
991.0 0.0
992.0 0.0
993.0 0.0
994.0 0.0
995.0 0.0
996.0 0.0
997.0 0.0
998.0 0.0
999.0 0.0
1000.0 0.0
1001.0 0.0
1002.0 0.0
1003.0 0.0
1004.0 0.0
1005.0 0.0
1006.0 0.0
1007.0 0.0
1008.0 0.0
1009.0 0.0
1010.0 0.0
1011.0 0.0
1012.0 0.0
1013.0 0.0
1014.0 0.0
1015.0 0.0
1016.0 0.0
1017.0 0.0
1018.0 0.0
1019.0 0.0
1020.0 0.0
1021.0 0.0
1022.0 0.0
1023.0 0.0
1024.0 0.0
1025.0 0.0
1026.0 0.0
1027.0 0.0
1028.0 0.0
1029.0 0.0
1030.0 0.0
1031.0 0.0
1032.0 0.0
1033.0 0.0
1034.0 0.0
1035.0 0.0
1036.0 0.0
1037.0 0.0
1038.0 0.0
1039.0 0.0
1040.0 0.0
1041.0 0.0
1042.0 0.0
1043.0 0.0
1044.0 0.0
1045.0 0.0
1046.0 0.0
1047.0 0.0
1048.0 0.0
1049.0 0.0
1050.0 0.0
1051.0 0.0
1052.0 0.0
1053.0 0.0
1054.0 0.0
1055.0 0.0
1056.0 0.0
1057.0 0.0
1058.0 0.0
1059.0 0.0
1060.0 0.0
1061.0 0.0
1062.0 0.0
1063.0 0.0
1064.0 0.0
1065.0 0.0
1066.0 0.0
1067.0 0.0
1068.0 0.0
1069.0 0.0
1070.0 0.0
1071.0 0.0
1072.0 0.0
1073.0 0.0
1074.0 0.0
1075.0 0.0
1076.0 0.0
1077.0 0.0
1078.0 0.0
1079.0 0.0
1080.0 0.0
1081.0 0.0
1082.0 0.0
1083.0 0.0
1084.0 0.0
1085.0 0.0
1086.0 0.0
1087.0 0.0
1088.0 0.0
1089.0 0.0
1090.0 0.0
1091.0 0.0
1092.0 0.0
1093.0 0.0
1094.0 0.0
1095.0 0.0
1096.0 0.0
1097.0 0.0
1098.0 0.0
1099.0 0.0
1100.0 0.0
1101.0 0.0
1102.0 0.0
1103.0 0.0
1104.0 0.0
1105.0 0.0
1106.0 0.0
1107.0 0.0
1108.0 0.0
1109.0 0.0
1110.0 0.0
1111.0 0.0
1112.0 0.0
1113.0 0.0
1114.0 0.0
1115.0 0.0
1116.0 0.0
1117.0 0.0
1118.0 0.0
1119.0 0.0
1120.0 0.0
1121.0 0.0
1122.0 0.0
1123.0 0.0
1124.0 0.0
1125.0 0.0
1126.0 0.0
1127.0 0.0
1128.0 0.0
1129.0 0.0
1130.0 0.0
1131.0 0.0
1132.0 0.0
1133.0 0.0
1134.0 0.0
1135.0 0.0
1136.0 0.0
1137.0 0.0
1138.0 0.0
1139.0 0.0
1140.0 0.0
1141.0 0.0
1142.0 0.0
1143.0 0.0
1144.0 0.0
1145.0 0.0
1146.0 0.0
1147.0 0.0
1148.0 0.0
1149.0 0.0
1150.0 0.0
1151.0 0.0
1152.0 0.0
1153.0 0.0
1154.0 0.0
1155.0 0.0
1156.0 0.0
1157.0 0.0
1158.0 0.0
1159.0 0.0
1160.0 0.0
1161.0 0.0
1162.0 0.0
1163.0 0.0
1164.0 0.0
1165.0 0.0
1166.0 0.0
1167.0 0.0
1168.0 0.0
1169.0 0.0
1170.0 0.0
1171.0 0.0
1172.0 0.0
1173.0 0.0
1174.0 0.0
1175.0 0.0
1176.0 0.0
1177.0 0.0
1178.0 0.0
1179.0 0.0
1180.0 0.0
1181.0 0.0
1182.0 0.0
1183.0 0.0
1184.0 0.0
1185.0 0.0
1186.0 0.0
1187.0 0.0
1188.0 0.0
1189.0 0.0
1190.0 0.0
1191.0 0.0
1192.0 0.0
1193.0 0.0
1194.0 0.0
1195.0 0.0
1196.0 0.0
1197.0 0.0
1198.0 0.0
1199.0 0.0
1200.0 0.0
1201.0 0.0
1202.0 0.0
1203.0 0.0
1204.0 0.0
1205.0 0.0
1206.0 0.0
1207.0 0.0
1208.0 0.0
1209.0 0.0
1210.0 0.0
1211.0 0.0
1212.0 0.0
1213.0 0.0
1214.0 0.0
1215.0 0.0
1216.0 0.0
1217.0 0.0
1218.0 0.0
1219.0 0.0
1220.0 0.0
1221.0 0.0
1222.0 0.0
1223.0 0.0
1224.0 0.0
1225.0 0.0
1226.0 0.0
1227.0 0.0
1228.0 0.0
1229.0 0.0
1230.0 0.0
1231.0 0.0
1232.0 0.0
1233.0 0.0
1234.0 0.0
1235.0 0.0
1236.0 0.0
1237.0 0.0
1238.0 0.0
1239.0 0.0
1240.0 0.0
1241.0 0.0
1242.0 0.0
1243.0 0.0
1244.0 0.0
1245.0 0.0
1246.0 0.0
1247.0 0.0
1248.0 0.0
1249.0 0.0
1250.0 0.0
1251.0 0.0
1252.0 0.0
1253.0 0.0
1254.0 0.0
1255.0 0.0
1256.0 0.0
1257.0 0.0
1258.0 0.0
1259.0 0.0
1260.0 0.0
1261.0 0.0
1262.0 0.0
1263.0 0.0
1264.0 0.0
1265.0 0.0
1266.0 0.0
1267.0 0.0
1268.0 0.0
1269.0 0.0
1270.0 0.0
1271.0 0.0
1272.0 0.0
1273.0 0.0
1274.0 0.0
1275.0 0.0
1276.0 0.0
1277.0 0.0
1278.0 0.0
1279.0 0.0
1280.0 0.0
1281.0 0.0
1282.0 0.0
1283.0 0.0
1284.0 0.0
1285.0 0.0
1286.0 0.0
1287.0 0.0
1288.0 0.0
1289.0 0.0
1290.0 0.0
1291.0 0.0
1292.0 0.0
1293.0 0.0
1294.0 0.0
1295.0 0.0
1296.0 0.0
1297.0 0.0
1298.0 0.0
1299.0 0.0
1300.0 0.0
1301.0 0.0
1302.0 0.0
1303.0 0.0
1304.0 0.0
1305.0 0.0
1306.0 0.0
1307.0 0.0
1308.0 0.0
1309.0 0.0
1310.0 0.0
1311.0 0.0
1312.0 0.0
1313.0 0.0
1314.0 0.0
1315.0 0.0
1316.0 0.0
1317.0 0.0
1318.0 0.0
1319.0 0.0
1320.0 0.0
1321.0 0.0
1322.0 0.0
1323.0 0.0
1324.0 0.0
1325.0 0.0
1326.0 0.0
1327.0 0.0
1328.0 0.0
1329.0 0.0
1330.0 0.0
1331.0 0.0
1332.0 0.0
1333.0 0.0
1334.0 0.0
1335.0 0.0
1336.0 0.0
1337.0 0.0
1338.0 0.0
1339.0 0.0
1340.0 0.0
1341.0 0.0
1342.0 0.0
1343.0 0.0
1344.0 0.0
1345.0 0.0
1346.0 0.0
1347.0 0.0
1348.0 0.0
1349.0 0.0
1350.0 0.0
1351.0 0.0
1352.0 0.0
1353.0 0.0
1354.0 0.0
1355.0 0.0
1356.0 0.0
1357.0 0.0
1358.0 0.0
1359.0 0.0
1360.0 0.0
1361.0 0.0
1362.0 0.0
1363.0 0.0
1364.0 0.0
1365.0 0.0
1366.0 0.0
1367.0 0.0
1368.0 0.0
1369.0 0.0
1370.0 0.0
1371.0 0.0
1372.0 0.0
1373.0 0.0
1374.0 0.0
1375.0 0.0
1376.0 0.0
1377.0 0.0
1378.0 0.0
1379.0 0.0
1380.0 0.0
1381.0 0.0
1382.0 0.0
1383.0 0.0
1384.0 0.0
1385.0 0.0
1386.0 0.0
1387.0 0.0
1388.0 0.0
1389.0 0.0
1390.0 0.0
1391.0 0.0
1392.0 0.0
1393.0 0.0
1394.0 0.0
1395.0 0.0
1396.0 0.0
1397.0 0.0
1398.0 0.0
1399.0 0.0
1400.0 0.0
1401.0 0.0
1402.0 0.0
1403.0 0.0
1404.0 0.0
1405.0 0.0
1406.0 0.0
1407.0 0.0
1408.0 0.0
1409.0 0.0
1410.0 0.0
1411.0 0.0
1412.0 0.0
1413.0 0.0
1414.0 0.0
1415.0 0.0
1416.0 0.0
1417.0 0.0
1418.0 0.0
1419.0 0.0
1420.0 0.0
1421.0 0.0
1422.0 0.0
1423.0 0.0
1424.0 0.0
1425.0 0.0
1426.0 0.0
1427.0 0.0
1428.0 0.0
1429.0 0.0
1430.0 0.0
1431.0 0.0
1432.0 0.0
1433.0 0.0
1434.0 0.0
1435.0 0.0
1436.0 0.0
1437.0 0.0
1438.0 0.0
1439.0 0.0
1440.0 0.0
1441.0 0.0
1442.0 0.0
1443.0 0.0
1444.0 0.0
1445.0 0.0
1446.0 0.0
1447.0 0.0
1448.0 0.0
1449.0 0.0
1450.0 0.0
1451.0 0.0
1452.0 0.0
1453.0 0.0
1454.0 0.0
1455.0 0.0
1456.0 0.0
1457.0 0.0
1458.0 0.0
1459.0 0.0
1460.0 0.0
1461.0 0.0
1462.0 0.0
1463.0 0.0
1464.0 0.0
1465.0 0.0
1466.0 0.0
1467.0 0.0
1468.0 0.0
1469.0 0.0
1470.0 0.0
1471.0 0.0
1472.0 0.0
1473.0 0.0
1474.0 0.0
1475.0 0.0
1476.0 0.0
1477.0 0.0
1478.0 0.0
1479.0 0.0
1480.0 0.0
1481.0 0.0
1482.0 0.0
1483.0 0.0
1484.0 0.0
1485.0 0.0
1486.0 0.0
1487.0 0.0
1488.0 0.0
1489.0 0.0
1490.0 0.0
1491.0 0.0
1492.0 0.0
1493.0 0.0
1494.0 0.0
1495.0 0.0
1496.0 0.0
1497.0 0.0
1498.0 0.0
1499.0 0.0
1500.0 0.0
1501.0 0.0
1502.0 0.0
1503.0 0.0
1504.0 0.0
1505.0 0.0
1506.0 0.0
1507.0 0.0
1508.0 0.0
1509.0 0.0
1510.0 0.0
1511.0 0.0
1512.0 0.0
1513.0 0.0
1514.0 0.0
1515.0 0.0
1516.0 0.0
1517.0 0.0
1518.0 0.0
1519.0 0.0
1520.0 0.0
1521.0 0.0
1522.0 0.0
1523.0 0.0
1524.0 0.0
1525.0 0.0
1526.0 0.0
1527.0 0.0
1528.0 0.0
1529.0 0.0
1530.0 0.0
1531.0 0.0
1532.0 0.0
1533.0 0.0
1534.0 0.0
1535.0 0.0
1536.0 0.0
1537.0 0.0
1538.0 0.0
1539.0 0.0
1540.0 0.0
1541.0 0.0
1542.0 0.0
1543.0 0.0
1544.0 0.0
1545.0 0.0
1546.0 0.0
1547.0 0.0
1548.0 0.0
1549.0 0.0
1550.0 0.0
1551.0 0.0
1552.0 0.0
1553.0 0.0
1554.0 0.0
1555.0 0.0
1556.0 0.0
1557.0 0.0
1558.0 0.0
1559.0 0.0
1560.0 0.0
1561.0 0.0
1562.0 0.0
1563.0 0.0
1564.0 0.0
1565.0 0.0
1566.0 0.0
1567.0 0.0
1568.0 0.0
1569.0 0.0
1570.0 0.0
1571.0 0.0
1572.0 0.0
1573.0 0.0
1574.0 0.0
1575.0 0.0
1576.0 0.0
1577.0 0.0
1578.0 0.0
1579.0 0.0
1580.0 0.0
1581.0 0.0
1582.0 0.0
1583.0 0.0
1584.0 0.0
1585.0 0.0
1586.0 0.0
1587.0 0.0
1588.0 0.0
1589.0 0.0
1590.0 0.0
1591.0 0.0
1592.0 0.0
1593.0 0.0
1594.0 0.0
1595.0 0.0
1596.0 0.0
1597.0 0.0
1598.0 0.0
1599.0 0.0
1600.0 0.0
1601.0 0.0
1602.0 0.0
1603.0 0.0
1604.0 0.0
1605.0 0.0
1606.0 0.0
1607.0 0.0
1608.0 0.0
1609.0 0.0
1610.0 0.0
1611.0 0.0
1612.0 0.0
1613.0 0.0
1614.0 0.0
1615.0 0.0
1616.0 0.0
1617.0 0.0
1618.0 0.0
1619.0 0.0
1620.0 0.0
1621.0 0.0
1622.0 0.0
1623.0 0.0
1624.0 0.0
1625.0 0.0
1626.0 0.0
1627.0 0.0
1628.0 0.0
1629.0 0.0
1630.0 0.0
1631.0 0.0
1632.0 0.0
1633.0 0.0
1634.0 0.0
1635.0 0.0
1636.0 0.0
1637.0 0.0
1638.0 0.0
1639.0 0.0
1640.0 0.0
1641.0 0.0
1642.0 0.0
1643.0 0.0
1644.0 0.0
1645.0 0.0
1646.0 0.0
1647.0 0.0
1648.0 0.0
1649.0 0.0
1650.0 0.0
1651.0 0.0
1652.0 0.0
1653.0 0.0
1654.0 0.0
1655.0 0.0
1656.0 0.0
1657.0 0.0
1658.0 0.0
1659.0 0.0
1660.0 0.0
1661.0 0.0
1662.0 0.0
1663.0 0.0
1664.0 0.0
1665.0 0.0
1666.0 0.0
1667.0 0.0
1668.0 0.0
1669.0 0.0
1670.0 0.0
1671.0 0.0
1672.0 0.0
1673.0 0.0
1674.0 0.0
1675.0 0.0
1676.0 0.0
1677.0 0.0
1678.0 0.0
1679.0 0.0
1680.0 0.0
1681.0 0.008050584367343358
1682.0 0.011935896107128688
1683.0 0.018494323321751185
1684.0 0.02361198216676712
1685.0 0.029077434752668652
1686.0 0.03436339305979865
1687.0 0.04248848983219692
1688.0 0.05240732644285474
1689.0 0.060459006684167045
1690.0 0.06573457100561687
1691.0 0.07132051118782588
1692.0 0.0804034771663802
1693.0 0.08751588932105474
1694.0 0.09450660347938537
1695.0 0.10282880003963198
1696.0 0.11829228145735604
1697.0 0.11775398296969278
1698.0 0.12094353160687855
1699.0 0.13113622473818914
1700.0 0.13617722583668573
1701.0 0.13572761714458464
1702.0 0.13579096432243074
1703.0 0.13836102272783007
1704.0 0.14134339754070555
1705.0 0.1395783060363361
1706.0 0.13776663541793824
1707.0 0.1363299154809543
1708.0 0.1406020068696567
1709.0 0.1398686225925173
1710.0 0.13657914506537575
1711.0 0.1366863910640989
1712.0 0.13506474324635098
1713.0 0.12916201416935238
1714.0 0.1301238796540669
1715.0 0.13107160606554577
1716.0 0.1323699768100466
1717.0 0.1384103189621653
1718.0 0.14056681053979056
1719.0 0.13742368370294572
1720.0 0.13657331487962177
1721.0 0.13101487840924944
1722.0 0.13007979627166474
1723.0 0.13903193303516934
1724.0 0.1403120368719101
1725.0 0.1377864060657365
1726.0 0.13042211383581162
1727.0 0.12239790026630674
1728.0 0.12828301446778434
1729.0 0.13325877806970052
1730.0 0.13462596046073097
1731.0 0.13122836479118893
1732.0 0.12892071029969623
1733.0 0.1233286474432264
1734.0 0.1137613737157413
1735.0 0.11052841544151307
1736.0 0.1095198501433645
1737.0 0.11441827714443206
1738.0 0.11908639797142574
1739.0 0.11770707815885544
1740.0 0.11689402014017106
1741.0 0.11368900388479233
1742.0 0.10781930472169604
1743.0 0.10734963502202716
1744.0 0.11024433544703892
1745.0 0.10907470498766218
1746.0 0.10842078285557884
1747.0 0.10513960740395954
1748.0 0.10373165022049631
1749.0 0.10834450870752335
1750.0 0.10587931605322021
1751.0 0.1065313284950597
1752.0 0.11182673786367689
1753.0 0.10956696953092303
1754.0 0.10373832157679967
1755.0 0.10022710136004857
1756.0 0.09619563168713025
1757.0 0.09980901117835726
1758.0 0.10034087257725852
1759.0 0.09596798185791289
1760.0 0.09409967405455454
1761.0 0.09517484988485064
1762.0 0.09472896839891161
1763.0 0.09353451601096562
1764.0 0.09581544292824609
1765.0 0.09447429605892727
1766.0 0.09072316012212209
1767.0 0.09241817252976554
1768.0 0.09622229933738709
1769.0 0.0942147508263588
1770.0 0.09599356779030391
1771.0 0.10042886819158281
1772.0 0.10255422123840877
1773.0 0.09386220233780997
1774.0 0.08376698791980744
1775.0 0.0851786243064063
1776.0 0.09366864774908339
1777.0 0.09401782123105866
1778.0 0.09321041500994137
1779.0 0.09157966609512057
1780.0 0.09379666543432645
1781.0 0.09493968614510127
1782.0 0.09045676610299519
1783.0 0.08846028511013304
1784.0 0.0923182372535978
1785.0 0.0939163442168917
1786.0 0.09048689752817154
1787.0 0.08881935157946177
1788.0 0.08879928823028292
1789.0 0.09202439348612512
1790.0 0.09909234408821378
1791.0 0.10022937847035272
1792.0 0.09818347085799489
1793.0 0.09404789890561785
1794.0 0.08703752628394536
1795.0 0.08638022520712443
1796.0 0.08817891968148095
1797.0 0.0887266252722059
1798.0 0.08872281802552087
1799.0 0.08790276423096657
1800.0 0.08942710959485599
1801.0 0.09061709929789816
1802.0 0.0934573165008
1803.0 0.09832102613789695
1804.0 0.09869977171931948
1805.0 0.09304730296134948
1806.0 0.09277881916080202
1807.0 0.09785938624824797
1808.0 0.09844673041786467
1809.0 0.09101791701146535
1810.0 0.08655439391732216
1811.0 0.0891080648771354
1812.0 0.09117233433893748
1813.0 0.09298635774425097
1814.0 0.09632859528064727
1815.0 0.09514041606869017
1816.0 0.08782977983355522
1817.0 0.08733580144388335
1818.0 0.09461084284952709
1819.0 0.09445961596710341
1820.0 0.09138859499778067
1821.0 0.08884135984948703
1822.0 0.08661198541522026
1823.0 0.0873269712286336
1824.0 0.08686738099370683
1825.0 0.08533438869885036
1826.0 0.08718308114579745
1827.0 0.09067490484033312
1828.0 0.09151847256081445
1829.0 0.09393001411642347
1830.0 0.09330206758209637
1831.0 0.0896126637501376
1832.0 0.09132331439426968
1833.0 0.0952474271612508
1834.0 0.0899243389921529
1835.0 0.08393836681331907
1836.0 0.0868420731808458
1837.0 0.08923000139849527
1838.0 0.09095837026834488
1839.0 0.08969027868338994
1840.0 0.0880034402012825
1841.0 0.08644583246537617
1842.0 0.08445124519722802
1843.0 0.08557969161442348
1844.0 0.085220389600311
1845.0 0.08083128875919751
1846.0 0.08309154946889197
1847.0 0.08910766041704586
1848.0 0.09052919170686177
1849.0 0.08579500328217234
1850.0 0.08241529794675963
1851.0 0.08404841657195772
1852.0 0.08519270824534553
1853.0 0.08168173975178174
1854.0 0.08033592104911805
1855.0 0.07936260125466756
1856.0 0.08086878327386719
1857.0 0.08287511585014207
1858.0 0.08213448151946068
1859.0 0.08348889180592128
1860.0 0.08312029870493072
1861.0 0.07685594186186791
1862.0 0.07693191670945712
1863.0 0.08144217474120004
1864.0 0.07924192271062307
1865.0 0.07642334241952214
1866.0 0.07794573456048966
1867.0 0.0800973817706108
1868.0 0.07891959218042237
1869.0 0.08072892938341414
1870.0 0.08119473957589694
1871.0 0.07684742414525576
1872.0 0.07945613786578179
1873.0 0.07952344939112663
1874.0 0.07545938715338707
1875.0 0.07764520261968885
1876.0 0.08202191250664848
1877.0 0.08459667925323759
1878.0 0.0820227814572198
1879.0 0.07941983661481312
1880.0 0.07817737353699548
1881.0 0.07777187675237655
1882.0 0.07469490628157344
1883.0 0.0755782248718398
1884.0 0.07768571036202566
1885.0 0.07742290784205709
1886.0 0.07625390685030392
1887.0 0.07385457594479833
1888.0 0.07217967073832239
1889.0 0.07145829764860016
1890.0 0.07067042312451771
1891.0 0.07162807168705122
1892.0 0.07120370545557567
1893.0 0.06946399435400963
1894.0 0.06939624047705105
1895.0 0.06954410044210298
1896.0 0.06871063826339585
1897.0 0.0688509284385613
1898.0 0.06597895547747612
1899.0 0.06622238042099135
1900.0 0.06761128402182034
1901.0 0.06923434691769736
1902.0 0.0648018119590623
1903.0 0.05888490229845047
1904.0 0.05922148387346949
1905.0 0.060888891560690744
1906.0 0.061376080342701506
1907.0 0.06337720964636122
1908.0 0.06767965882484402
1909.0 0.07240444677216666
1910.0 0.07260040332164083
1911.0 0.061662018937723974
1912.0 0.05749553974185671
1913.0 0.06072687804698944
1914.0 0.06579987151282174
1915.0 0.0688890910574368
1916.0 0.06710574456623622
1917.0 0.06761346193296569
1918.0 0.06934745705553463
1919.0 0.06883631816932133
1920.0 0.06591682125415121
1921.0 0.05979255459138325
1922.0 0.05941221565008163
1923.0 0.06475507702146258
1924.0 0.06868310570716858
1925.0 0.06806921501244817
1926.0 0.06345434273992266
1927.0 0.06179167298333985
1928.0 0.06053140312433243
1929.0 0.055665179874215806
1930.0 0.05518217608332634
1931.0 0.05699517503380776
1932.0 0.0577331437596253
1933.0 0.05946195061717715
1934.0 0.05796540411455291
1935.0 0.05635258246745382
1936.0 0.059421819129160475
1937.0 0.06245470611112458
1938.0 0.06336428299546241
1939.0 0.07050740527255195
1940.0 0.07313275837472506
1941.0 0.07059415727853775
1942.0 0.06720370756728308
1943.0 0.06447643307702881
1944.0 0.06008781822664397
1945.0 0.060348334908485415
1946.0 0.0699073032609054
1947.0 0.07488337563616888
1948.0 0.0665634603372642
1949.0 0.06083581734980856
1950.0 0.05778032530631338
1951.0 0.056373290185417445
1952.0 0.05961272375924247
1953.0 0.06381915946091925
1954.0 0.062296259296791896
1955.0 0.061863991618156436
1956.0 0.06251934053642409
1957.0 0.05937848250780787
1958.0 0.059226793689387186
1959.0 0.059468804725578854
1960.0 0.061301322387797494
1961.0 0.06627558767795563
1962.0 0.06436008896146501
1963.0 0.06265021221978324
1964.0 0.06063422816140311
1965.0 0.05542174641575132
1966.0 0.05481612905859947
1967.0 0.051250985371215
1968.0 0.05039716208619731
1969.0 0.05249014204101903
1970.0 0.05828673578798771
1971.0 0.06609444863029888
1972.0 0.06189725430948394
1973.0 0.05680340134671756
1974.0 0.05746704127107348
1975.0 0.060356070207698
1976.0 0.060359638822930196
1977.0 0.059825040506465095
1978.0 0.05785206982067653
1979.0 0.05689758908535753
1980.0 0.055014948387231144
1981.0 0.05718493568045752
1982.0 0.057893792539834975
1983.0 0.05371408292225429
1984.0 0.057237391413322514
1985.0 0.06724113896489144
1986.0 0.06979789936116763
1987.0 0.06675412324922425
1988.0 0.0631176050220217
1989.0 0.059664475651723996
1990.0 0.06191610747150012
1991.0 0.0634775304368564
1992.0 0.06354694717696735
1993.0 0.06516950790371213
1994.0 0.06468532096062388
1995.0 0.06013922606195722
1996.0 0.05492311641573906
1997.0 0.05782148029123034
1998.0 0.06315770745277405
1999.0 0.06347903470907892
2000.0 0.06680096930691175
2001.0 0.06632867849298886
2002.0 0.06125515965478761
2003.0 0.06143853813409805
2004.0 0.06587097378713744
2005.0 0.06986632740923336
2006.0 0.07121531314083508
2007.0 0.06691331916621752
2008.0 0.06065261363983154
2009.0 0.06471708651099886
2010.0 0.0735768980213574
2011.0 0.07030577382871082
2012.0 0.06395766639283725
2013.0 0.05969653565968786
2014.0 0.05737537337200982
2015.0 0.062003603684050695
2016.0 0.06619433015584945
2017.0 0.06689566703779357
2018.0 0.06287117259843009
2019.0 0.06011934919016702
2020.0 0.061389386441026414
2021.0 0.06582301078098161
2022.0 0.07094787689191955
2023.0 0.07308155968785286
2024.0 0.07096678295305797
2025.0 0.07026072602186884
2026.0 0.0743593367082732
2027.0 0.07389131848301206
2028.0 0.06633720674685069
2029.0 0.06426740810275078
2030.0 0.06694784462451935
2031.0 0.06706130302378109
2032.0 0.0688523360661098
2033.0 0.06937151891844613
2034.0 0.0702013658625739
2035.0 0.07248752191662788
2036.0 0.07172066143580845
2037.0 0.0739180444606713
2038.0 0.07674707727772849
2039.0 0.07706541536109789
2040.0 0.07705963594572884
2041.0 0.0737692341208458
2042.0 0.0726657326732363
2043.0 0.07315026947430202
2044.0 0.0735528082719871
2045.0 0.07276917674711772
2046.0 0.07162451052239963
2047.0 0.07093893848359585
2048.0 0.07211588067667825
2049.0 0.06884125109229769
2050.0 0.06560924478939602
2051.0 0.06613641508987972
2052.0 0.06792430047477994
2053.0 0.06632291009383542
2054.0 0.06598183725561414
2055.0 0.07128929463880403
2056.0 0.07158807963132859
2057.0 0.06421113413359437
2058.0 0.05938037330550807
2059.0 0.057820523264152664
2060.0 0.06256044709256717
2061.0 0.06415810883045196
2062.0 0.06703556887805462
2063.0 0.06679803542792798
2064.0 0.06343609041401319
2065.0 0.06397331804037094
2066.0 0.05943211851907628
2067.0 0.05703278978554798
2068.0 0.05593360550701618
2069.0 0.04934626124699467
2070.0 0.04789368145367397
2071.0 0.05102388534162726
2072.0 0.05415636742753642
2073.0 0.05886926528598581
2074.0 0.05614978117602212
2075.0 0.05451963001063892
2076.0 0.05554603625621114
2077.0 0.053376323649925846
2078.0 0.04292893283335226
2079.0 0.043197335755186424
2080.0 0.054250469667437885
2081.0 0.0628260790769543
2082.0 0.07299879901111125
2083.0 0.05437979059559958
2084.0 0.03903228289314679
2085.0 0.0596233390803848
2086.0 0.06890300703900201
2087.0 0.06271659848945481
2088.0 0.05468526982835361
2089.0 0.056656862955008234
2090.0 0.07295113429427147
2091.0 0.06776891957436289
2092.0 0.07448918239346572
2093.0 0.06321980564721993
2094.0 0.055589263886213304
2095.0 0.05944224345896925
2096.0 0.05549555378300803
2097.0 0.04273060496364321
2098.0 0.039065965265035626
2099.0 0.033767282643488473
2100.0 0.04835220170872552
2101.0 0.056237286382487844
2102.0 0.06106600862528597
2103.0 0.03651576002261468
2104.0 0.03549254573881626
2105.0 0.054923244565725324
2106.0 0.0710774649466787
2107.0 0.06593122759035655
2108.0 0.0473702428064176
2109.0 0.05916753650775978
2110.0 0.06383053745542254
2111.0 0.05451150738767215
2112.0 0.050250944604964126
2113.0 0.0571520528623036
2114.0 0.05846747931625162
2115.0 0.05544266796537808
2116.0 0.04945955026362624
2117.0 0.06029737160674163
2118.0 0.05467801519802638
2119.0 0.04868189782968589
2120.0 0.057981663729463305
2121.0 0.06008009921227183
2122.0 0.05388272340808596
2123.0 0.06084634108202798
2124.0 0.07137962175267083
2125.0 0.0689658906842981
2126.0 0.05550986719982964
2127.0 0.053273376503161024
2128.0 0.05849565299493926
2129.0 0.06855536603501865
2130.0 0.06394682260496276
2131.0 0.06837726490838188
2132.0 0.06484155138688429
2133.0 0.07588244059256145
2134.0 0.07626405070934977
2135.0 0.07665406502783298
2136.0 0.07015810651438577
2137.0 0.06879959095801626
2138.0 0.07417103052139282
2139.0 0.06301867610641888
2140.0 0.05832703039050102
2141.0 0.06278610293354307
2142.0 0.06341180737529482
2143.0 0.0659632964857987
2144.0 0.06334390342235566
2145.0 0.06729349089520319
2146.0 0.07348036276442664
2147.0 0.07333969995379448
2148.0 0.0746408903173038
2149.0 0.07496822785053935
2150.0 0.0736058458685875
2151.0 0.07229723089507648
2152.0 0.07476132256644112
2153.0 0.07475054295999663
2154.0 0.07195662238768169
2155.0 0.07777504665510995
2156.0 0.08127087780407496
2157.0 0.07986632702606065
2158.0 0.07268089950084686
2159.0 0.07083477548190525
2160.0 0.07351169777767999
2161.0 0.07084955019610269
2162.0 0.06829187497496605
2163.0 0.0716053812631539
2164.0 0.07497018703392573
2165.0 0.07752371015293258
2166.0 0.08066494028483118
2167.0 0.08205574240003313
2168.0 0.07973518669605255
2169.0 0.06919755094817706
2170.0 0.0665909394621849
2171.0 0.07234523839184216
2172.0 0.07199147152049201
2173.0 0.07039488873311452
2174.0 0.07267349820051874
2175.0 0.07125320828386715
2176.0 0.07009409070014953
2177.0 0.06869570293596812
2178.0 0.06627765542694501
2179.0 0.07410449289849826
2180.0 0.08064402544072696
2181.0 0.07635374707835062
2182.0 0.06874469795397349
2183.0 0.0712172086749758
2184.0 0.0761847774897303
2185.0 0.07443061321973801
2186.0 0.07029227507965906
2187.0 0.06841669550963811
2188.0 0.07685250001294272
2189.0 0.0771371739251273
2190.0 0.07624193685395377
2191.0 0.08221179300120898
2192.0 0.08117385794009481
2193.0 0.07406345925160816
2194.0 0.07496895619801112
2195.0 0.07615579185741288
2196.0 0.07652803457209043
2197.0 0.0782180670116629
2198.0 0.07563127460224288
2199.0 0.07330678265009608
2200.0 0.06888198841895377
2201.0 0.06775117367506027
2202.0 0.07436916860086577
2203.0 0.07649815572159631
2204.0 0.07318924048117229
2205.0 0.07095474749803543
2206.0 0.07633908678378377
2207.0 0.08030837125011853
2208.0 0.07783860255564962
2209.0 0.07421087792941503
2210.0 0.07631235143968038
2211.0 0.08137065161551749
2212.0 0.08175743137087141
2213.0 0.07751901298761368
2214.0 0.07639104851654598
2215.0 0.07702221018927438
2216.0 0.07310329260570662
2217.0 0.07549236501966204
2218.0 0.07696677542158535
2219.0 0.07540280488984925
2220.0 0.07555801900369781
2221.0 0.07469541898795537
2222.0 0.08075873692120825
2223.0 0.08350309921162469
2224.0 0.0800866750734193
2225.0 0.07598526988710676
2226.0 0.07729376096810614
2227.0 0.08234058884637696
2228.0 0.08145186166678156
2229.0 0.07708406725100109
2230.0 0.0758081757596561
2231.0 0.07681061519043786
2232.0 0.0807745635509491
2233.0 0.08147673670734679
2234.0 0.08309888765215874
2235.0 0.08194359008755003
2236.0 0.08326332994869777
2237.0 0.08186393550464086
2238.0 0.08128563261457852
2239.0 0.07860690568174634
2240.0 0.07387749190841403
2241.0 0.07788974302155631
2242.0 0.08101255606327738
2243.0 0.07896120686616216
2244.0 0.08505602542843138
2245.0 0.07925567499228886
2246.0 0.07871250680514745
2247.0 0.0807192030761923
2248.0 0.07894390033824103
2249.0 0.08010961604969842
2250.0 0.08011875695415906
2251.0 0.08334101374660219
2252.0 0.08397618202226502
2253.0 0.08039654067584447
2254.0 0.07812198592083795
2255.0 0.07932953504579408
2256.0 0.07736624330282212
2257.0 0.07554597822683198
2258.0 0.07645352365715163
2259.0 0.0816564523747989
2260.0 0.08756626461233412
2261.0 0.08542862662247248
2262.0 0.07881197610071727
2263.0 0.07745482793876103
2264.0 0.0817189171910286
2265.0 0.08085581181304795
2266.0 0.07683438754507474
2267.0 0.0780034108885697
2268.0 0.07804673558899335
2269.0 0.07539920594011035
2270.0 0.07738819835441453
2271.0 0.0794031374156475
2272.0 0.08354958753500666
2273.0 0.08482514492103031
2274.0 0.0794152030987399
2275.0 0.0769206553697586
2276.0 0.08354334213903972
2277.0 0.0878320078764643
2278.0 0.08386066321815763
2279.0 0.08271802067756653
2280.0 0.07990834085004671
2281.0 0.08310334065130778
2282.0 0.08560567700437137
2283.0 0.07872461282781192
2284.0 0.07511915947709764
2285.0 0.07737780830689839
2286.0 0.08009710844073976
2287.0 0.0826701568705695
2288.0 0.08369539550372533
2289.0 0.07907629183360508
2290.0 0.07761901233877455
2291.0 0.08231081749711718
2292.0 0.0832230778677123
2293.0 0.08113119751214981
2294.0 0.08210498381938253
2295.0 0.08413003204124314
2296.0 0.08145744225808553
2297.0 0.08305140563419887
2298.0 0.08821612532649721
2299.0 0.08824754038027355
2300.0 0.08275481930800847
2301.0 0.08005108663014003
2302.0 0.08409558055656297
2303.0 0.0853483925972666
2304.0 0.0828626142016479
2305.0 0.08227823887552534
2306.0 0.08247331913028444
2307.0 0.08239547014236451
2308.0 0.08607805797031948
2309.0 0.08514731185776847
2310.0 0.08048995988709585
2311.0 0.08123838688646044
2312.0 0.08311635277100972
2313.0 0.08986105067389352
2314.0 0.09592017552682332
2315.0 0.09087204209395817
2316.0 0.0841088844197137
2317.0 0.08026285937854222
2318.0 0.08491857615964753
2319.0 0.08556304978472846
2320.0 0.0822710428919111
2321.0 0.08302859823618616
2322.0 0.0821184767144067
2323.0 0.08124243978943144
2324.0 0.08289057314395905
2325.0 0.07951225159423692
2326.0 0.07859938676868167
2327.0 0.08241471935595784
2328.0 0.08436771854758263
2329.0 0.08162523337772915
2330.0 0.07989823754344667
2331.0 0.07509175336786679
2332.0 0.07309274183852332
2333.0 0.07742078293647085
2334.0 0.07998300173452923
2335.0 0.08389890545180866
2336.0 0.08492842891386577
2337.0 0.0812409727701119
2338.0 0.08116594893591744
2339.0 0.08496384727103369
2340.0 0.08185913147670883
2341.0 0.0796458478484835
2342.0 0.0792164618415492
2343.0 0.07797216038618769
2344.0 0.07929448591811317
2345.0 0.08435668253472874
2346.0 0.08528402947953768
2347.0 0.07791266867092678
2348.0 0.07710480530347143
2349.0 0.08407048242432731
2350.0 0.08581400471074241
2351.0 0.08534225991794041
2352.0 0.08597412322248732
2353.0 0.08551534861326218
2354.0 0.085820976964065
2355.0 0.0899678315435137
2356.0 0.0942782631942204
2357.0 0.09342886486223766
2358.0 0.09200144793306078
2359.0 0.0926149953688894
2360.0 0.09022797090666634
2361.0 0.08427860981651715
2362.0 0.08324603534170559
2363.0 0.08579925713794571
2364.0 0.08661734014749527
2365.0 0.08718468089188848
2366.0 0.08391867737684931
2367.0 0.08709034877164024
2368.0 0.08874234812600272
2369.0 0.08912772493703025
2370.0 0.09111910824264799
2371.0 0.08979846749986921
2372.0 0.09088373790894236
2373.0 0.09183581982340132
2374.0 0.0897822662123612
2375.0 0.08916098549962044
2376.0 0.08773430032389505
2377.0 0.08914049863815307
2378.0 0.094197821191379
2379.0 0.09062609896063804
2380.0 0.08946642939533506
2381.0 0.08805453372853143
2382.0 0.0895280095083373
2383.0 0.09730034555707659
2384.0 0.09602046034165791
2385.0 0.08680659745420728
2386.0 0.08379303185003144
2387.0 0.08743302736963544
2388.0 0.08780566304922104
2389.0 0.08853313050099781
2390.0 0.09147548377513885
2391.0 0.09234032843794142
2392.0 0.0968520238995552
2393.0 0.09800532289913723
2394.0 0.09126320204564503
2395.0 0.09436382459742683
2396.0 0.10004246490342276
2397.0 0.09566606027739388
2398.0 0.08786147918019976
2399.0 0.08541313580104283
2400.0 0.08866098267691476
2401.0 0.09043336829968861
2402.0 0.08962137166942868
2403.0 0.08694491279976709
2404.0 0.08794536292552949
2405.0 0.09288892362798963
2406.0 0.09102783990757805
2407.0 0.08650426045060158
2408.0 0.0851727042879377
2409.0 0.08901960168566023
2410.0 0.08952384325010436
2411.0 0.09233387623514448
2412.0 0.09269105643033981
2413.0 0.0896914399095944
2414.0 0.0907391424689974
2415.0 0.09178378709724971
2416.0 0.09056346969945091
2417.0 0.0849472952740533
2418.0 0.08493431231805257
2419.0 0.09267680219241552
2420.0 0.09554323979786464
2421.0 0.0922953480056354
2422.0 0.08664313618625913
2423.0 0.08813984000257083
2424.0 0.09241641823734556
2425.0 0.09108591292585645
2426.0 0.09106613227299282
2427.0 0.09205171934195927
2428.0 0.09638260113341468
2429.0 0.09629153460264206
2430.0 0.08935111165046691
2431.0 0.08746390725885118
2432.0 0.08811122860227312
2433.0 0.08944705533129828
2434.0 0.0916949488222599
2435.0 0.09320319348147937
2436.0 0.09377703709261757
2437.0 0.09329696553094047
2438.0 0.0946743750146457
2439.0 0.09820344341652734
2440.0 0.09688565752335958
2441.0 0.100219407251903
2442.0 0.10129110153232301
2443.0 0.10182135977915355
2444.0 0.0991250583103725
2445.0 0.09852022379636764
2446.0 0.1027894628899438
2447.0 0.10608267188072204
2448.0 0.10360832405941826
2449.0 0.10067896246910095
2450.0 0.10281996216092791
2451.0 0.10572572222777775
2452.0 0.10516793770449502
2453.0 0.10395810497658593
2454.0 0.11024246088096074
2455.0 0.11246637680700847
2456.0 0.10338451904909951
2457.0 0.09865491496665137
2458.0 0.10311492213181087
2459.0 0.10601177854197366
2460.0 0.10789172053337097
2461.0 0.10761269096817289
2462.0 0.11109808789832251
2463.0 0.11491892976420266
2464.0 0.11368231645652226
2465.0 0.11357424003737314
2466.0 0.11044321485928127
2467.0 0.11120811147349222
2468.0 0.10760948764426367
2469.0 0.10354691679988588
2470.0 0.1067133298942021
2471.0 0.10812222510576248
2472.0 0.10691894612142018
2473.0 0.10741333131279264
2474.0 0.10716106295585633
2475.0 0.10433386798415865
2476.0 0.09844790654523032
2477.0 0.09956358043210847
2478.0 0.10158605809722628
2479.0 0.10226766488381794
2480.0 0.1057991806949888
2481.0 0.10683381727763584
2482.0 0.10627156304461616
2483.0 0.10382756548268454
2484.0 0.10274506913764136
2485.0 0.10489503443241119
2486.0 0.10603066022906985
2487.0 0.10627691277435848
2488.0 0.10652245432138444
2489.0 0.10082990548440389
2490.0 0.09744221823556083
2491.0 0.1069398820400238
2492.0 0.11267224252223969
2493.0 0.11174857297113963
2494.0 0.10868613081318991
2495.0 0.108819166464465
2496.0 0.10769841713564736
2497.0 0.10535557504211153
2498.0 0.10127673000097275
2499.0 0.09800396433898381
2500.0 0.09981393132890974
2501.0 0.10308810940810613
2502.0 0.10606327908379691
2503.0 0.10536555009228843
2504.0 0.098773207621915
2505.0 0.09958861597946712
2506.0 0.10791827248675483
2507.0 0.10715894124337605
2508.0 0.10154911364827837
2509.0 0.10140922452722277
2510.0 0.10213460049458913
2511.0 0.1030937990971974
2512.0 0.10481852676187242
2513.0 0.10465661457606724
2514.0 0.1009762955563409
2515.0 0.09904791361519269
2516.0 0.10224371744053705
2517.0 0.09992368796042034
2518.0 0.10121662318706512
2519.0 0.10713366504226413
2520.0 0.1105213795389448
2521.0 0.11092804457460131
2522.0 0.10836984536477498
2523.0 0.10734947494098118
2524.0 0.10784983251776015
2525.0 0.10461426611457553
2526.0 0.09940180906227657
2527.0 0.09382885949952262
2528.0 0.09608121663331985
2529.0 0.10363187385456903
2530.0 0.10680332077401025
2531.0 0.10410142349345343
2532.0 0.10059320096458707
2533.0 0.09840797718082156
2534.0 0.10152961462736129
2535.0 0.10665069435323987
2536.0 0.10936387628316879
2537.0 0.11172031398330416
2538.0 0.11018033006361552
2539.0 0.10823997173990522
2540.0 0.11085857131651469
2541.0 0.11255386088575636
2542.0 0.10959429272583553
2543.0 0.10569662813629423
2544.0 0.1079771584698132
2545.0 0.11021450694118227
2546.0 0.1096087498324258
2547.0 0.11210932497467313
2548.0 0.11304251338754381
2549.0 0.10866658112832478
2550.0 0.10787954862628664
2551.0 0.11180675625801087
2552.0 0.11647618647132602
2553.0 0.11554498991795949
2554.0 0.1135388427547046
2555.0 0.11169251054525375
2556.0 0.10763111114501953
2557.0 0.10690469699246542
2558.0 0.11477012421403612
2559.0 0.11690249634640558
2560.0 0.11214873726878848
2561.0 0.11263164728879929
2562.0 0.11808135956525803
2563.0 0.11838784686156682
2564.0 0.11709889365094049
2565.0 0.11740121905292783
2566.0 0.11615510284900665
2567.0 0.12218228301831655
2568.0 0.12070826483624322
2569.0 0.1148180142045021
2570.0 0.11309258426938738
2571.0 0.11851616288934436
2572.0 0.12222910672426224
2573.0 0.12214933974402291
2574.0 0.11915747949055262
2575.0 0.12160965289388384
2576.0 0.11628007207598005
2577.0 0.11079183135713849
2578.0 0.11374198113168989
2579.0 0.11341321702514376
2580.0 0.11399838307074138
2581.0 0.1155864132302148
2582.0 0.11056972805942808
2583.0 0.10807417035102844
2584.0 0.11373102792671748
2585.0 0.11748808239187514
2586.0 0.11963380575180053
2587.0 0.12313714325428009
2588.0 0.12162155253546579
2589.0 0.11802849237407957
2590.0 0.12306477746793203
2591.0 0.12527494579553605
2592.0 0.1183768657701356
2593.0 0.11542123705148696
2594.0 0.11577749912227903
2595.0 0.11766464071614402
2596.0 0.11780177801847458
2597.0 0.1192217543721199
2598.0 0.12369249420506613
2599.0 0.12529019904988153
2600.0 0.1279842902507101
2601.0 0.12910889919315066
2602.0 0.12462022943156106
2603.0 0.12512762738125666
2604.0 0.12975929294313704
2605.0 0.1291870960167476
2606.0 0.1271162062883377
2607.0 0.12414058127573559
2608.0 0.12190886714628764
2609.0 0.12382581446852003
2610.0 0.1299869905625071
2611.0 0.13390802485602243
2612.0 0.12743162448917117
2613.0 0.12388420850038528
2614.0 0.12248348316976003
2615.0 0.1207144143325942
2616.0 0.11758791442428317
2617.0 0.12001431435346603
2618.0 0.12481140217610769
2619.0 0.12198482964720045
2620.0 0.12080159591776984
2621.0 0.11997921999011721
2622.0 0.1242188885807991
2623.0 0.12573933941977364
2624.0 0.12381797986371176
2625.0 0.12273075112274714
2626.0 0.12357413598469326
2627.0 0.12684181204863956
2628.0 0.12477951922586986
2629.0 0.12182507812976837
2630.0 0.12000857336180551
2631.0 0.1188196069427899
2632.0 0.12028555891343526
2633.0 0.12089789424623762
2634.0 0.12090682259627751
2635.0 0.11940807316984449
2636.0 0.12040068124021802
2637.0 0.12391824168818337
2638.0 0.12752990829093117
2639.0 0.1267953308565276
2640.0 0.12317703749452319
2641.0 0.11825472371918815
2642.0 0.12190489045211247
2643.0 0.1286476030945778
2644.0 0.12889235551868167
2645.0 0.12611254240785327
2646.0 0.12774450310638974
2647.0 0.13182754537888935
2648.0 0.1321895480155945
2649.0 0.12685933794294085
2650.0 0.12496996011052813
2651.0 0.12804406647171293
2652.0 0.12627542849097934
2653.0 0.12465362186942781
2654.0 0.12858983810458866
2655.0 0.1284693283694131
2656.0 0.1318171631012644
2657.0 0.13430227168968745
2658.0 0.12563695439270564
2659.0 0.11774765508515495
2660.0 0.11950348104749407
2661.0 0.12495978623628616
2662.0 0.12885286382266453
2663.0 0.12837016688925879
2664.0 0.12538969750915255
2665.0 0.12700894262109483
2666.0 0.1267153175813811
2667.0 0.12513480080025538
2668.0 0.12793424725532532
2669.0 0.12630042412451337
2670.0 0.12285145627600806
2671.0 0.11899273246526718
2672.0 0.11588264341865268
2673.0 0.11770112535783223
2674.0 0.12088690251111985
2675.0 0.1251313967364175
2676.0 0.1251270477260862
2677.0 0.12191016972064972
2678.0 0.1224887775523322
2679.0 0.12528364211320878
2680.0 0.12659932374954225
2681.0 0.12544373912470683
2682.0 0.12562566122838428
2683.0 0.12575543714421136
2684.0 0.11994560531207493
2685.0 0.11504281546388354
2686.0 0.11883500154529299
2687.0 0.12335079567773001
2688.0 0.12193811642272132
2689.0 0.12040128452437264
2690.0 0.11912598418337958
2691.0 0.12013951327119554
2692.0 0.12562844519104277
2693.0 0.13023326013769423
2694.0 0.1264379143714905
2695.0 0.12166276297398976
2696.0 0.12198427149227688
2697.0 0.1201923457639558
2698.0 0.11989072178091321
2699.0 0.11632869648081916
2700.0 0.11571197786501476
2701.0 0.12107403916972025
2702.0 0.11939590168850762
2703.0 0.11699199633938925
2704.0 0.12109677600009101
2705.0 0.12165390551090241
2706.0 0.12145244841064726
2707.0 0.12063645081860679
2708.0 0.117716141470841
2709.0 0.1161494580762727
2710.0 0.11426665931940079
2711.0 0.11591132496084486
2712.0 0.1235799069915499
2713.0 0.12463593866143907
2714.0 0.12571815167154585
2715.0 0.12184668928384781
2716.0 0.11504609669957842
2717.0 0.11959739753178188
2718.0 0.13039944533790862
2719.0 0.13166177506957735
2720.0 0.12579702479498728
2721.0 0.12227219343185425
2722.0 0.12493032557623727
2723.0 0.12483492259468351
2724.0 0.12051239503281456
2725.0 0.11730438896587916
2726.0 0.11909203422921044
2727.0 0.11927717945405415
2728.0 0.12143360206059046
2729.0 0.12456271158797401
2730.0 0.12760347851685117
2731.0 0.12495729007891246
2732.0 0.1202696334038462
2733.0 0.11473860314914158
2734.0 0.11499751806259155
2735.0 0.1221052376287324
2736.0 0.12605441042355128
2737.0 0.12370930973972594
2738.0 0.1203543878027371
2739.0 0.11916449410574777
2740.0 0.1197104669042996
2741.0 0.12452346767698015
2742.0 0.127789734516825
2743.0 0.1270133608153888
2744.0 0.12642670550516674
2745.0 0.12606952147824424
2746.0 0.1255102385367666
2747.0 0.12994532521281923
2748.0 0.1261113607457706
2749.0 0.11741588818175452
2750.0 0.11652749436242239
2751.0 0.1203864832009588
2752.0 0.12021742271525519
2753.0 0.12035659232309887
2754.0 0.12395504755633217
2755.0 0.12288769909313747
2756.0 0.12221564097063882
2757.0 0.12033853041274208
2758.0 0.12411696527685438
2759.0 0.12603963592222758
2760.0 0.12361445682389395
2761.0 0.12210446979318346
2762.0 0.13059375137090684
2763.0 0.1310780039855412
2764.0 0.12527296457971845
2765.0 0.12387361249753408
2766.0 0.12264292921338762
2767.0 0.11784047590834754
2768.0 0.11931349358388356
2769.0 0.12377905419894628
2770.0 0.13075841792992182
2771.0 0.12832993886300495
2772.0 0.1217167718069894
2773.0 0.12194799461535046
2774.0 0.1229101185287748
2775.0 0.12529951397861752
2776.0 0.12645617702177592
2777.0 0.1276169649192265
2778.0 0.12554289890187129
2779.0 0.12277827199016299
2780.0 0.12823327098573958
2781.0 0.13296747995274408
2782.0 0.12888762652873992
2783.0 0.12364446009908403
2784.0 0.11834842243364879
2785.0 0.11880287740911756
2786.0 0.12104371211358479
2787.0 0.1223832539149693
2788.0 0.12094656846352986
2789.0 0.12531071198838098
2790.0 0.12696249591452735
2791.0 0.1253022402524948
2792.0 0.12470253386667797
2793.0 0.12729915082454682
2794.0 0.1289707892707416
2795.0 0.12492998944861548
2796.0 0.12339210084506444
2797.0 0.1244946037020002
2798.0 0.1219216070004872
2799.0 0.12510631531476973
2800.0 0.12567383348941802
2801.0 0.12442701544080462
2802.0 0.1247279697230884
2803.0 0.1194170898624829
2804.0 0.11854495044265474
2805.0 0.12420278936624526
2806.0 0.1260183219398771
2807.0 0.12716638360704693
2808.0 0.12226636431046894
2809.0 0.11701144320624216
2810.0 0.11892338607992445
2811.0 0.12076240756681987
2812.0 0.12505314903599876
2813.0 0.12251034379005432
2814.0 0.11900012556995665
2815.0 0.12240239828824998
2816.0 0.12298106167997633
2817.0 0.11563346513680049
2818.0 0.11707676265920912
2819.0 0.12523122898169925
2820.0 0.1253916425364358
2821.0 0.12523853714976993
2822.0 0.12506822092192513
2823.0 0.1242982355611665
2824.0 0.12610507905483245
2825.0 0.12401462942361832
2826.0 0.117977788405759
2827.0 0.11663611765418734
2828.0 0.11803774854966573
2829.0 0.12081271665436881
2830.0 0.12173880913427898
2831.0 0.12199328605617796
2832.0 0.12078303567000798
2833.0 0.11523330977984837
2834.0 0.11532571124179022
2835.0 0.11329255146639687
2836.0 0.11670511439442635
2837.0 0.12173096750463758
2838.0 0.12489357441663743
2839.0 0.12560753545590808
2840.0 0.11827898472547531
2841.0 0.1167310716850417
2842.0 0.12215573319367
2843.0 0.12216962001153402
2844.0 0.12078283854893275
2845.0 0.11587842617716108
2846.0 0.110902986569064
2847.0 0.1133154992546354
2848.0 0.11818378950868334
2849.0 0.1200585316334452
2850.0 0.12016435478414808
2851.0 0.11930189494575773
2852.0 0.11065616863114493
2853.0 0.11022221126726696
2854.0 0.11412163547107151
2855.0 0.11888553159577506
2856.0 0.12026274651288986
2857.0 0.11714727452823094
2858.0 0.11679520862443106
2859.0 0.11651973788227354
2860.0 0.11596052135740008
2861.0 0.11581646267856871
2862.0 0.11485828863722937
2863.0 0.10794789131198611
2864.0 0.11008007505110332
2865.0 0.11691530964204243
2866.0 0.11665365610803877
2867.0 0.11489315607718059
2868.0 0.11243767610618047
2869.0 0.11348533843244825
2870.0 0.11794616196836744
2871.0 0.11509227561099189
2872.0 0.10849463258470808
2873.0 0.104790824758155
2874.0 0.10909691516842161
2875.0 0.11775296011141369
2876.0 0.12147611996957235
2877.0 0.11947908507926124
2878.0 0.11454394406505994
2879.0 0.1156958669424057
2880.0 0.11541735189301627
2881.0 0.11020850794655936
2882.0 0.11115490560020719
2883.0 0.10921835558755057
2884.0 0.10794788364853178
2885.0 0.11889329424926214
2886.0 0.12279974115746362
2887.0 0.11551576490913118
2888.0 0.11064301580190658
2889.0 0.11253150062901633
2890.0 0.1159038103052548
2891.0 0.11312291026115417
2892.0 0.11343421936035156
2893.0 0.1087938598224095
2894.0 0.10490184532744544
2895.0 0.11024903271879469
2896.0 0.11911286328520093
2897.0 0.12237513342073986
2898.0 0.12046775881733213
2899.0 0.1132555176104818
2900.0 0.10962902499096734
2901.0 0.11556132755109243
2902.0 0.11770950151341301
2903.0 0.1136974790266582
2904.0 0.11065833696297236
2905.0 0.11168761338506426
2906.0 0.11371646459613527
2907.0 0.11628678845507757
2908.0 0.11357927471399307
2909.0 0.10547864649977003
2910.0 0.10730598526341574
2911.0 0.11173031968729837
2912.0 0.11294021819319044
2913.0 0.11435007240091051
2914.0 0.11599814146757126
2915.0 0.11720218317849296
2916.0 0.11082301075969424
2917.0 0.10945061147212982
2918.0 0.10903487248080117
2919.0 0.10914834588766098
2920.0 0.11320852765015194
2921.0 0.11335664434092385
2922.0 0.11406750679016113
2923.0 0.11277261206081936
2924.0 0.1133372792175838
2925.0 0.11354606939213617
2926.0 0.11292548179626465
2927.0 0.11367700099945069
2928.0 0.11405464985540935
2929.0 0.11360543072223664
2930.0 0.1163473910519055
2931.0 0.11838312851531164
2932.0 0.11285523963826043
2933.0 0.1087703709091459
2934.0 0.11091645572866712
2935.0 0.1134107815367835
2936.0 0.11383333057165146
2937.0 0.11171324955565588
2938.0 0.11069917891706739
2939.0 0.10817660880940301
2940.0 0.11148832674537386
2941.0 0.11581082876239504
2942.0 0.11225072188036782
2943.0 0.10936784446239471
2944.0 0.11002969656671796
2945.0 0.10782149987561362
2946.0 0.10893380365201405
2947.0 0.11066714205912181
2948.0 0.11222755206482751
2949.0 0.1149848759174347
2950.0 0.11296501393829073
2951.0 0.11399279407092504
2952.0 0.11300950327089855
2953.0 0.10963571135486876
2954.0 0.11561773994139263
2955.0 0.12291043549776078
2956.0 0.11945843632732119
2957.0 0.11586374129567828
2958.0 0.11339662394353321
2959.0 0.10936126985720225
2960.0 0.10968949837344033
2961.0 0.11274227201938629
2962.0 0.11350139677524566
2963.0 0.11385852439062936
2964.0 0.11294300577470234
2965.0 0.10946922962154661
2966.0 0.10615440458059311
2967.0 0.10533431363957269
2968.0 0.10599955788680486
2969.0 0.1088106393814087
2970.0 0.1093661293387413
2971.0 0.10583961680531502
2972.0 0.10603401139378547
2973.0 0.10497363827058247
2974.0 0.10067424987043654
2975.0 0.10287351927586964
2976.0 0.10460070201328822
2977.0 0.10437902808189392
2978.0 0.10781777628830501
2979.0 0.11281620306628092
2980.0 0.11268931329250335
2981.0 0.10811183899641037
2982.0 0.10695675292185375
2983.0 0.10849808922835759
2984.0 0.10669609691415514
2985.0 0.11123884043523244
2986.0 0.11443920603820255
2987.0 0.10759242304733821
2988.0 0.09990981072187424
2989.0 0.10229757747479848
2990.0 0.11240981476647513
2991.0 0.11629899527345385
2992.0 0.11299590042659215
2993.0 0.11098862247807639
2994.0 0.1121184800352369
2995.0 0.10681964946644647
2996.0 0.10413877815008163
2997.0 0.10816984517233712
2998.0 0.10934062004089355
2999.0 0.10895241647958756
3000.0 0.1122541749051639
3001.0 0.11153180705649512
3002.0 0.10333581364580563
3003.0 0.10503289252519607
3004.0 0.11271603213889259
3005.0 0.11199669412204198
3006.0 0.10654354350907462
3007.0 0.09833336919546128
3008.0 0.0980536658849035
3009.0 0.10589984144483294
3010.0 0.10934134210859026
3011.0 0.10784539410046169
3012.0 0.10158325199569974
3013.0 0.09830533894045013
3014.0 0.09986086743218558
3015.0 0.10194133115666253
3016.0 0.10385816586869104
3017.0 0.10313451609441213
3018.0 0.1036545700260571
3019.0 0.10325226400579725
3020.0 0.10053618997335434
3021.0 0.10845291444233486
3022.0 0.1154387476188796
3023.0 0.1110079607793263
3024.0 0.1072863844888551
3025.0 0.10857802608183452
3026.0 0.10867565210376467
3027.0 0.10295431784221104
3028.0 0.09866436911480768
3029.0 0.09891114724533899
3030.0 0.10137124466044563
3031.0 0.10388121349470957
3032.0 0.10509223384516579
3033.0 0.10920547119208744
3034.0 0.11239889115095139
3035.0 0.11312210772718702
3036.0 0.10886893144675663
3037.0 0.10037084221839905
3038.0 0.09834471632327352
3039.0 0.10404053245271955
3040.0 0.10434885174036027
3041.0 0.1043609910777637
3042.0 0.10651051849126816
3043.0 0.1047857865691185
3044.0 0.0989213721028396
3045.0 0.10132620355912618
3046.0 0.10545689186879567
3047.0 0.10835942519562584
3048.0 0.10699630954435893
3049.0 0.1038933338863509
3050.0 0.10719361858708518
3051.0 0.10532445077385222
3052.0 0.10609783913408007
3053.0 0.1096995398402214
3054.0 0.10552036996398653
3055.0 0.1009853435414178
3056.0 0.10151644487466131
3057.0 0.10411028755562646
3058.0 0.10396581377301897
3059.0 0.10356243678501674
3060.0 0.10305545095886504
3061.0 0.10247759776456015
3062.0 0.10580246022769384
3063.0 0.10638369939156941
3064.0 0.10280989749091012
3065.0 0.10321596999253546
3066.0 0.1072495888386454
3067.0 0.10670124058212553
3068.0 0.10446862620966775
3069.0 0.10834302880934306
3070.0 0.10604762583971024
3071.0 0.10283391794988088
3072.0 0.10572092703410557
3073.0 0.10358363528336798
3074.0 0.09932524349008287
3075.0 0.09685452026980264
3076.0 0.09729764546666826
3077.0 0.10577057536159243
3078.0 0.10630575290748051
3079.0 0.10073864545140948
3080.0 0.10021604959453856
3081.0 0.10232627327953066
3082.0 0.10148267575672694
3083.0 0.10156126660960062
3084.0 0.10514951050281525
3085.0 0.11285652667284012
3086.0 0.11194458646433694
3087.0 0.09952784297721727
3088.0 0.09348661920854023
3089.0 0.09506466154541288
3090.0 0.10171573289803096
3091.0 0.1015932730266026
3092.0 0.09779646524361202
3093.0 0.09606580116919108
3094.0 0.09565852603742055
3095.0 0.09924452411276953
3096.0 0.10431364945002965
3097.0 0.10969273937599999
3098.0 0.1044581481388637
3099.0 0.10318863604749952
3100.0 0.10701733486992972
3101.0 0.1096298058118139
3102.0 0.103732630610466
3103.0 0.09813049605914524
3104.0 0.09572836139372416
3105.0 0.0965673593538148
3106.0 0.10098259959902083
3107.0 0.10361610246556145
3108.0 0.10127567137990678
3109.0 0.0961700833269528
3110.0 0.09520991785185677
3111.0 0.09622152830873217
3112.0 0.09684692110334124
3113.0 0.09834888300725392
3114.0 0.09767066495759147
3115.0 0.09428744103227343
3116.0 0.0938303679227829
3117.0 0.09500771782227925
3118.0 0.09869885231767382
3119.0 0.10029134218181883
3120.0 0.09808776250907353
3121.0 0.10052495534930911
3122.0 0.10396797720875059
3123.0 0.10071033601249968
3124.0 0.09783851589475359
3125.0 0.09467088963304247
3126.0 0.08919518653835569
3127.0 0.09007801275168147
3128.0 0.0977806663938931
3129.0 0.09843602584941047
3130.0 0.09605820583445686
3131.0 0.09691034385136195
3132.0 0.09721679357545716
3133.0 0.09430601596832275
3134.0 0.09335969952600343
3135.0 0.09832399317196437
3136.0 0.10052024956260408
3137.0 0.09828137712819236
3138.0 0.09716669214623315
3139.0 0.09783706420234271
3140.0 0.09917557899441037
3141.0 0.10123949072190694
3142.0 0.09949206944022859
3143.0 0.1018711718065398
3144.0 0.10423906530652727
3145.0 0.09926902204751968
3146.0 0.09726594622646059
3147.0 0.10165576211043767
3148.0 0.1069535955786705
3149.0 0.10724235900810787
3150.0 0.10260882100888662
3151.0 0.10092237698180336
3152.0 0.09709870559828622
3153.0 0.09391856406416212
3154.0 0.09539885712521416
3155.0 0.09649203419685363
3156.0 0.09701069071888924
3157.0 0.10169799902609417
3158.0 0.09978922052042825
3159.0 0.0951489691223417
3160.0 0.09384931304625102
3161.0 0.09572066707270487
3162.0 0.0970965502517564
3163.0 0.09452294260263443
3164.0 0.09304420415844236
3165.0 0.09273323246410915
3166.0 0.0957706766469138
3167.0 0.09794915063040598
3168.0 0.09974341520241328
3169.0 0.09870230981281826
3170.0 0.09782116349254336
3171.0 0.09840721764734812
3172.0 0.0956785649061203
3173.0 0.09345697505133492
3174.0 0.0954996800848416
3175.0 0.09443732904536384
3176.0 0.09624825822455542
3177.0 0.09445167439324516
3178.0 0.0960696211883
3179.0 0.09706280359200069
3180.0 0.0947990962437221
3181.0 0.09470068897519793
3182.0 0.09648283581648553
3183.0 0.10169008097478321
3184.0 0.1025758438876697
3185.0 0.10016936383077077
3186.0 0.09907969513109752
3187.0 0.09907033507313047
3188.0 0.09806605811629976
3189.0 0.09271634157214846
3190.0 0.0925457558461598
3191.0 0.09643219134637288
3192.0 0.09875362366437912
3193.0 0.09702872357198171
3194.0 0.09358342130269323
3195.0 0.09378117110048022
3196.0 0.09475172353642328
3197.0 0.09787805782897131
3198.0 0.10203610977956228
3199.0 0.10283051495041166
3200.0 0.09991274433476584
3201.0 0.09367951197283608
3202.0 0.09418896819864
3203.0 0.09844015283243997
3204.0 0.09902356543711253
3205.0 0.09699721740824836
3206.0 0.10018878536564964
3207.0 0.10242781511374882
3208.0 0.09676864594221116
3209.0 0.09388863167592458
3210.0 0.09971029098544802
3211.0 0.09991535650832313
3212.0 0.0932248151728085
3213.0 0.09334463413272585
3214.0 0.09168592137949808
3215.0 0.08961062793220792
3216.0 0.09119586731706347
3217.0 0.09504068217107228
3218.0 0.09849529053483691
3219.0 0.09889045038393565
3220.0 0.10070364751986095
3221.0 0.10347124295575279
3222.0 0.10128114989825658
3223.0 0.09674652708428247
3224.0 0.09399345836469106
3225.0 0.09645157371248518
3226.0 0.10081162708146231
3227.0 0.10227093994617462
3228.0 0.10151174387761525
3229.0 0.103072546848229
3230.0 0.09997341292245047
3231.0 0.09339290027107511
3232.0 0.09373629604067121
3233.0 0.0982754681791578
3234.0 0.09728226235934666
3235.0 0.09497584700584412
3236.0 0.09634097229157175
3237.0 0.09674853969897543
3238.0 0.09654448117528643
3239.0 0.09715925263507026
3240.0 0.10161638110876084
3241.0 0.09791253815804209
3242.0 0.09637778273650578
3243.0 0.09689518511295318
3244.0 0.0987790863428797
3245.0 0.100804289323943
3246.0 0.09804399886301586
3247.0 0.09122538460152489
3248.0 0.08853862413338252
3249.0 0.094656524594341
3250.0 0.09776091703346797
3251.0 0.10036198454243796
3252.0 0.10011666736432484
3253.0 0.0954521934900965
3254.0 0.09672626597540719
3255.0 0.10009581787245614
3256.0 0.09829683346407754
3257.0 0.09095360870872225
3258.0 0.09480934653963362
3259.0 0.0976007240159171
3260.0 0.09519074537924357
3261.0 0.09651614427566528
3262.0 0.09883802916322436
3263.0 0.10017201943056923
3264.0 0.10310698407036918
3265.0 0.10172038567917688
3266.0 0.09787632120507105
3267.0 0.09621277047055109
3268.0 0.09252642414399556
3269.0 0.0948887366269316
3270.0 0.09851501477616174
3271.0 0.097446366080216
3272.0 0.09427358933857509
3273.0 0.08999938145279884
3274.0 0.09092978068760463
3275.0 0.09001170077494212
3276.0 0.08805162864071982
3277.0 0.09222278488533837
3278.0 0.09589367806911468
3279.0 0.0999167753117425
3280.0 0.09771254190376827
3281.0 0.09415479983602251
3282.0 0.09535547792911529
3283.0 0.09835843188422067
3284.0 0.09962271239076342
3285.0 0.09424278395516532
3286.0 0.09416441129786628
3287.0 0.10154138484171459
3288.0 0.10354557058640888
3289.0 0.10010886064597539
3290.0 0.09933311619928904
3291.0 0.10081448001520975
3292.0 0.10160763412714005
3293.0 0.09930210986307689
3294.0 0.09595840935196195
3295.0 0.09345565842730659
3296.0 0.09279893381255014
3297.0 0.09351624048181943
3298.0 0.09565398544073105
3299.0 0.10060384358678545
3300.0 0.10260734792266574
3301.0 0.09809799854244505
3302.0 0.09318843909672328
3303.0 0.09435576157910483
3304.0 0.09701513073274068
3305.0 0.09513183108397892
3306.0 0.0941499039530754
3307.0 0.09716143991265978
3308.0 0.09618210409368788
3309.0 0.09530705043247768
3310.0 0.09401085589613234
3311.0 0.09073525326592581
3312.0 0.091998291015625
3313.0 0.09372726465974535
3314.0 0.09469860451562064
3315.0 0.09143279460924013
3316.0 0.0874665661581925
3317.0 0.09034381870712553
3318.0 0.09701408296823502
3319.0 0.10051690744502204
3320.0 0.09952944900308336
3321.0 0.09564305607761656
3322.0 0.09112999652113234
3323.0 0.09426122222627913
3324.0 0.10006194306271417
3325.0 0.0983090307031359
3326.0 0.09695891546351569
3327.0 0.09473725450890405
3328.0 0.09590545743703842
3329.0 0.09587229319981166
3330.0 0.09068586762462344
3331.0 0.0883556309555258
3332.0 0.08907470256090164
3333.0 0.08890531488827297
3334.0 0.08780376123530524
3335.0 0.08808805921248027
3336.0 0.09324627742171288
3337.0 0.09349936374596186
3338.0 0.09229009811367307
3339.0 0.09283196926116943
3340.0 0.09303911072867257
3341.0 0.09345656995262419
3342.0 0.09577004717929023
3343.0 0.093721090895789
3344.0 0.09029025690896171
3345.0 0.0913667625614575
3346.0 0.08998882344790868
3347.0 0.09077884405851364
3348.0 0.09109329921858651
3349.0 0.08479337798697607
3350.0 0.08335328112755502
3351.0 0.08339851764695985
3352.0 0.0827942545924868
3353.0 0.0888204419187137
3354.0 0.09161195148314749
3355.0 0.0869411643062319
3356.0 0.08952408369098391
3357.0 0.09192974290677479
3358.0 0.0923024235027177
3359.0 0.0924559945506709
3360.0 0.08843772187829017
3361.0 0.08714647335665567
3362.0 0.08835210182837078
3363.0 0.08966972955635616
3364.0 0.08924688962953431
3365.0 0.09498629889317921
3366.0 0.09485540028129305
3367.0 0.09392741514103753
3368.0 0.09109659280095782
3369.0 0.08903600360666003
3370.0 0.08722724722964423
3371.0 0.08470180992569243
3372.0 0.08517666501658304
3373.0 0.08624622289623533
3374.0 0.08879176037652152
3375.0 0.0903029997433935
3376.0 0.08783956127507346
3377.0 0.08555347685303007
3378.0 0.0850848451256752
3379.0 0.08653812940631594
3380.0 0.08774704677718026
3381.0 0.09058760127850941
3382.0 0.09337119055645807
3383.0 0.09112757103783743
3384.0 0.08428470896823066
3385.0 0.08383297877652304
3386.0 0.08452830633946827
3387.0 0.08654617305312838
3388.0 0.09166403732129506
3389.0 0.0896900332399777
3390.0 0.08707098811864852
3391.0 0.09188486827271325
3392.0 0.0960448654634612
3393.0 0.09520379539046969
3394.0 0.08601779171398707
3395.0 0.08237639218568801
3396.0 0.08859520320381437
3397.0 0.09233435243368149
3398.0 0.08354789604033742
3399.0 0.07725986316800118
3400.0 0.07807413701500211
3401.0 0.08130320268017906
3402.0 0.0846738090472562
3403.0 0.08625197964055198
3404.0 0.08951833588736398
3405.0 0.09137189154114042
3406.0 0.08749777036053794
3407.0 0.08436025051133973
3408.0 0.084867339687688
3409.0 0.08271655823503221
3410.0 0.08514559864997864
3411.0 0.0915314827646528
3412.0 0.09015900237219675
3413.0 0.08492027020880154
3414.0 0.08437479649271284
3415.0 0.0843349110867296
3416.0 0.08322882982236998
3417.0 0.0889151577438627
3418.0 0.09176353748355592
3419.0 0.08597531169652939
3420.0 0.07829783090523311
3421.0 0.08003432324954442
3422.0 0.08529557883739472
3423.0 0.07984167316130229
3424.0 0.07729710053120341
3425.0 0.08849768159644944
3426.0 0.09224661929266793
3427.0 0.09163002861397607
3428.0 0.08897222237927573
3429.0 0.08403579741716385
3430.0 0.08201970074857984
3431.0 0.0874180284993989
3432.0 0.09237031894070762
3433.0 0.09256278297730855
3434.0 0.09199819820267814
3435.0 0.086484109716756
3436.0 0.08100738589252744
3437.0 0.0845301798411778
3438.0 0.09004291764327459
3439.0 0.0882138298026153
3440.0 0.08762766484703337
3441.0 0.09185831887381417
3442.0 0.09440393650106021
3443.0 0.09085181845085961
3444.0 0.0880396740777152
3445.0 0.08871598605598723
3446.0 0.09074063684259143
3447.0 0.08914623388222286
3448.0 0.0889228486589023
3449.0 0.08844110007796968
3450.0 0.08761245874421937
3451.0 0.09022510296532087
3452.0 0.09213220572897367
3453.0 0.09063416634287152
3454.0 0.0877814165183476
3455.0 0.09194234928914478
3456.0 0.09113339281507901
3457.0 0.08370013066700527
3458.0 0.08004428989120892
3459.0 0.0786000557243824
3460.0 0.07746308892965317
3461.0 0.08052228412457875
3462.0 0.08564570162977492
3463.0 0.08727944876466479
3464.0 0.0879600071481296
3465.0 0.08436296113899776
3466.0 0.08618612928049905
3467.0 0.08780986709254128
3468.0 0.0883188899074282
3469.0 0.08891702847821371
3470.0 0.08612639627286366
3471.0 0.08447320141962596
3472.0 0.08905687151210649
3473.0 0.09139133170247078
3474.0 0.08555463775992393
3475.0 0.0823630792754037
3476.0 0.08714412599802017
3477.0 0.09118443535906928
3478.0 0.08914027980395726
3479.0 0.08727994412183762
3480.0 0.08401305664862906
3481.0 0.0808770416038377
3482.0 0.08531384574515478
3483.0 0.08551161204065595
3484.0 0.08485379304204668
3485.0 0.08687567678945406
3486.0 0.08500985034874507
3487.0 0.08630826686109816
3488.0 0.08879270596163613
3489.0 0.08904945722648076
3490.0 0.08692737306867326
3491.0 0.08223069650786263
3492.0 0.08120865204504558
3493.0 0.07915340662002564
3494.0 0.08254928439855576
3495.0 0.08861102014780045
3496.0 0.09448926597833633
3497.0 0.09322038080011096
3498.0 0.08759565630129405
3499.0 0.08339425878865378
3500.0 0.08640468737908773
3501.0 0.09140473242316927
3502.0 0.09037239551544189
3503.0 0.0857953769820077
3504.0 0.08488787742597716
3505.0 0.08535169363021851
3506.0 0.08304608815482685
3507.0 0.08505791649222375
3508.0 0.09186632058450155
3509.0 0.09275359447513308
3510.0 0.09002424691404615
3511.0 0.08901446759700775
3512.0 0.08495473265647888
3513.0 0.08391566382987159
3514.0 0.09105663555009025
3515.0 0.09157794096640177
3516.0 0.0882974807705198
3517.0 0.08399032290492739
3518.0 0.08299461496727807
3519.0 0.08900422656110354
3520.0 0.09512827460254941
3521.0 0.09297091450010027
3522.0 0.08561893084219524
3523.0 0.08251875032271658
3524.0 0.07637778222560883
3525.0 0.07772894693272454
3526.0 0.07797406507389885
3527.0 0.0783958725631237
3528.0 0.08528672254511288
3529.0 0.0839943593101842
3530.0 0.08180748479706901
3531.0 0.08373758611934526
3532.0 0.08362259545496532
3533.0 0.08525160146611077
3534.0 0.08643770388194492
3535.0 0.08998281019074576
3536.0 0.09181727468967438
3537.0 0.08559805942433221
3538.0 0.08562577004943575
3539.0 0.0841371737420559
3540.0 0.08097078640546118
3541.0 0.0830447494983673
3542.0 0.0814211477126394
3543.0 0.08339652525527137
3544.0 0.08736965038946697
3545.0 0.08263643341405051
3546.0 0.08057290304984366
3547.0 0.08236688652208873
3548.0 0.08707448350531714
3549.0 0.08606000755514417
3550.0 0.08318298267466681
3551.0 0.08186359639678682
3552.0 0.07810056539518492
3553.0 0.07849780704293932
3554.0 0.08625431656837464
3555.0 0.08652301473276956
3556.0 0.08368232739823205
3557.0 0.08199365032570703
3558.0 0.0807011610695294
3559.0 0.08181194184081896
3560.0 0.08227250607950347
3561.0 0.07916410969836371
3562.0 0.07672192667211805
3563.0 0.08258068444473403
3564.0 0.08735927428518023
3565.0 0.08652232991797583
3566.0 0.0836816519498825
3567.0 0.08374522307089396
3568.0 0.08336095905729703
3569.0 0.07904251175267356
3570.0 0.0744037569633552
3571.0 0.07464037739804813
3572.0 0.08107960947922298
3573.0 0.08258462931428637
3574.0 0.07943553104996681
3575.0 0.07665561959147453
3576.0 0.0774237619979041
3577.0 0.07571761331387929
3578.0 0.0750411834035601
3579.0 0.07995289212891034
3580.0 0.07917686360222953
3581.0 0.07379224758063044
3582.0 0.07918576364006315
3583.0 0.07920139644827162
3584.0 0.07742851110441344
3585.0 0.07655733259660857
3586.0 0.07641482534153121
3587.0 0.07797881928937776
3588.0 0.07442085753594126
3589.0 0.07133322379418781
3590.0 0.07454773975270135
3591.0 0.07427127616746085
3592.0 0.07133619726768561
3593.0 0.0603375575372151
3594.0 0.05724571160972118
3595.0 0.06678683858231775
3596.0 0.06349465604206281
3597.0 0.06426510462271316
3598.0 0.05736442037991115
3599.0 0.05827788073968675
3600.0 0.04633265817012996
3601.0 0.05131571279572589
3602.0 0.059457830619066954
3603.0 0.042251323728955216
3604.0 0.058828183529632434
3605.0 0.06785215091492448
3606.0 0.06386976109019347
3607.0 0.07787261682429485
3608.0 0.05338285790224161
3609.0 0.05096022152262906
3610.0 0.05736141381785274
3611.0 0.16162970611892108
3612.0 0.19521382411621743
3613.0 -0.042348419462463684
3614.0 0.19681944320701794
3615.0 0.04577394407242537
3616.0 0.5198592433439834
3617.0 0.7541765142764364
3618.0 0.2398518253649984
3619.0 -0.16735577375761101
3620.0 -0.12485138844266268
3621.0 -0.0375150051433593
3622.0 -0.06614471753460488
3623.0 0.1840936504171363
3624.0 0.09518804684547441
3625.0 0.31744823467784694
3626.0 0.5301122645714453
3627.0 0.21664447157111552
3628.0 0.1435155093137707
3629.0 0.15125970499689823
3630.0 0.47158565738105346
3631.0 0.17331689911495363
3632.0 -0.11217006647161075
3633.0 0.24022540931390332
3634.0 -0.048574173736519045
3635.0 0.05110115465441985
3636.0 0.4993049240005868
3637.0 0.3199279056961781
3638.0 0.46584722019199815
3639.0 0.3152930879167148
3640.0 0.004969832500708955
3641.0 0.0988926845203553
3642.0 0.20439808912841337
3643.0 0.48549986268792833
3644.0 0.3334542077034712
3645.0 0.16951797742928779
3646.0 0.231427265810115
3647.0 0.24769207712795052
3648.0 0.06834781829799924
3649.0 0.49498578530536697
3650.0 0.12343792317302099
3651.0 0.1519137617466705
3652.0 0.5247367625789983
3653.0 0.39475028996821493
3654.0 0.32389200517375555
3655.0 0.4021255211106369
3656.0 0.23635297630514418
3657.0 0.27325900617454735
3658.0 0.22291361990251712
3659.0 0.37822622448605087
3660.0 0.8498984642859017
3661.0 0.5373200564113046
3662.0 0.46448438593319485
3663.0 1.1546191801982266
3664.0 0.20077082924544812
3665.0 -0.14275477680244616
3666.0 0.14614731879638773
3667.0 0.07613817609963007
3668.0 0.059908528625965116
3669.0 -0.01665609223502023
3670.0 0.04388098631586347
3671.0 0.3955248049327305
3672.0 0.3189881767545428
3673.0 0.396456846169063
3674.0 0.1683126108986991
3675.0 -0.05008190699986049
3676.0 0.0
3677.0 0.0
3678.0 0.0
3679.0 0.0
3680.0 0.0
3681.0 0.0
3682.0 0.0
3683.0 0.0
3684.0 0.0
3685.0 0.0
3686.0 0.0
3687.0 0.0
3688.0 0.0
3689.0 0.0
3690.0 0.0
3691.0 0.0
3692.0 0.0
3693.0 0.0
3694.0 0.0
3695.0 0.0
3696.0 0.0
3697.0 0.0
3698.0 0.0
3699.0 0.0
3700.0 0.0
3701.0 0.0
3702.0 0.0
3703.0 0.0
3704.0 0.0
3705.0 0.0
3706.0 0.0
3707.0 0.0
3708.0 0.0
3709.0 0.0
3710.0 0.0
3711.0 0.0
3712.0 0.0
3713.0 0.0
3714.0 0.0
3715.0 0.0
3716.0 0.0
3717.0 0.0
3718.0 0.0
3719.0 0.0
3720.0 0.0
3721.0 0.0
3722.0 0.0
3723.0 0.0
3724.0 0.0
3725.0 0.0
3726.0 0.0
3727.0 0.0
3728.0 0.0
3729.0 0.0
3730.0 0.0
3731.0 0.0
3732.0 0.0
3733.0 0.0
3734.0 0.0
3735.0 0.0
3736.0 0.0
3737.0 0.0
3738.0 0.0
3739.0 0.0
3740.0 0.0
3741.0 0.0
3742.0 0.0
3743.0 0.0
3744.0 0.0
3745.0 0.0
3746.0 0.0
3747.0 0.0
3748.0 0.0
3749.0 0.0
3750.0 0.0
3751.0 0.0
3752.0 0.0
3753.0 0.0
3754.0 0.0
3755.0 0.0
3756.0 0.0
3757.0 0.0
3758.0 0.0
3759.0 0.0
3760.0 0.0
3761.0 0.0
3762.0 0.0
3763.0 0.0
3764.0 0.0
3765.0 0.0
3766.0 0.0
3767.0 0.0
3768.0 0.0
3769.0 0.0
3770.0 0.0
3771.0 0.0
3772.0 0.0
3773.0 0.0
3774.0 0.0
3775.0 0.0
3776.0 0.0
3777.0 0.0
3778.0 0.0
3779.0 0.0
3780.0 0.0
3781.0 0.0
3782.0 0.0
3783.0 0.0
3784.0 0.0
3785.0 0.0
3786.0 0.0
3787.0 0.0
3788.0 0.0
3789.0 0.0
3790.0 0.0
3791.0 0.0
3792.0 0.0
3793.0 0.0
3794.0 0.0
3795.0 0.0
3796.0 0.0
3797.0 0.0
3798.0 0.0
3799.0 0.0
3800.0 0.0
3801.0 0.0
3802.0 0.0
3803.0 0.0
3804.0 0.0
3805.0 0.0
3806.0 0.0
3807.0 0.0
3808.0 0.0
3809.0 0.0
3810.0 0.0
3811.0 0.0
3812.0 0.0
3813.0 0.0
3814.0 0.0
3815.0 0.0
3816.0 0.0
3817.0 0.0
3818.0 0.0
3819.0 0.0
3820.0 0.0
3821.0 0.0
3822.0 0.0
3823.0 0.0
3824.0 0.0
3825.0 0.0
3826.0 0.0
3827.0 0.0
3828.0 0.0
3829.0 0.0
3830.0 0.0
3831.0 0.0
3832.0 0.0
3833.0 0.0
3834.0 0.0
3835.0 0.0
3836.0 0.0
3837.0 0.0
3838.0 0.0
3839.0 0.0
3840.0 0.0
3841.0 0.0
3842.0 0.0
3843.0 0.0
3844.0 0.0
3845.0 0.0
3846.0 0.0
3847.0 0.0
3848.0 0.0
3849.0 0.0
3850.0 0.0
3851.0 0.0
3852.0 0.0
3853.0 0.0
3854.0 0.0
3855.0 0.0
3856.0 0.0
3857.0 0.0
3858.0 0.0
3859.0 0.0
3860.0 0.0
3861.0 0.0
3862.0 0.0
3863.0 0.0
3864.0 0.0
3865.0 0.0
3866.0 0.0
3867.0 0.0
3868.0 0.0
3869.0 0.0
3870.0 0.0
3871.0 0.0
3872.0 0.0
3873.0 0.0
3874.0 0.0
3875.0 0.0
3876.0 0.0
3877.0 0.0
3878.0 0.0
3879.0 0.0
3880.0 0.0
3881.0 0.0
3882.0 0.0
3883.0 0.0
3884.0 0.0
3885.0 0.0
3886.0 0.0
3887.0 0.0
3888.0 0.0
3889.0 0.0
3890.0 0.0
3891.0 0.0
3892.0 0.0
3893.0 0.0
3894.0 0.0
3895.0 0.0
3896.0 0.0
3897.0 0.0
3898.0 0.0
3899.0 0.0
3900.0 0.0
3901.0 0.0
3902.0 0.0
3903.0 0.0
3904.0 0.0
3905.0 0.0
3906.0 0.0
3907.0 0.0
3908.0 0.0
3909.0 0.0
3910.0 0.0
3911.0 0.0
3912.0 0.0
3913.0 0.0
3914.0 0.0
3915.0 0.0
3916.0 0.0
3917.0 0.0
3918.0 0.0
3919.0 0.0
3920.0 0.0
3921.0 0.0
3922.0 0.0
3923.0 0.0
3924.0 0.0
3925.0 0.0
3926.0 0.0
3927.0 0.0
3928.0 0.0
3929.0 0.0
3930.0 0.0
3931.0 0.0
3932.0 0.0
3933.0 0.0
3934.0 0.0
3935.0 0.0
3936.0 0.0
3937.0 0.0
3938.0 0.0
3939.0 0.0
3940.0 0.0
3941.0 0.0
3942.0 0.0
3943.0 0.0
3944.0 0.0
3945.0 0.0
3946.0 0.0
3947.0 0.0
3948.0 0.0
3949.0 0.0
3950.0 0.0
3951.0 0.0
3952.0 0.0
3953.0 0.0
3954.0 0.0
3955.0 0.0
3956.0 0.0
3957.0 0.0
3958.0 0.0
3959.0 0.0
3960.0 0.0
3961.0 0.0
3962.0 0.0
3963.0 0.0
3964.0 0.0
3965.0 0.0
3966.0 0.0
3967.0 0.0
3968.0 0.0
3969.0 0.0
3970.0 0.0
3971.0 0.0
3972.0 0.0
3973.0 0.0
3974.0 0.0
3975.0 0.0
3976.0 0.0
3977.0 0.0
3978.0 0.0
3979.0 0.0
3980.0 0.0
3981.0 0.0
3982.0 0.0
3983.0 0.0
3984.0 0.0
3985.0 0.0
3986.0 0.0
3987.0 0.0
3988.0 0.0
3989.0 0.0
3990.0 0.0
3991.0 0.0
3992.0 0.0
3993.0 0.0
3994.0 0.0
3995.0 0.0
3996.0 0.0
3997.0 0.0
3998.0 0.0
3999.0 0.0
4000.0 0.0
4001.0 0.0
4002.0 0.0
4003.0 0.0
4004.0 0.0
4005.0 0.0
4006.0 0.0
4007.0 0.0
4008.0 0.0
4009.0 0.0
4010.0 0.0
4011.0 0.0
4012.0 0.0
4013.0 0.0
4014.0 0.0
4015.0 0.0
4016.0 0.0
4017.0 0.0
4018.0 0.0
4019.0 0.0
4020.0 0.0
4021.0 0.0
4022.0 0.0
4023.0 0.0
4024.0 0.0
4025.0 0.0
4026.0 0.0
4027.0 0.0
4028.0 0.0
4029.0 0.0
4030.0 0.0
4031.0 0.0
4032.0 0.0
4033.0 0.0
4034.0 0.0
4035.0 0.0
4036.0 0.0
4037.0 0.0
4038.0 0.0
4039.0 0.0
4040.0 0.0
