1.0 0.06597167902759143
2.0 0.06445912016289575
3.0 0.06362658068537712
4.0 0.06355171320693834
5.0 0.06333568809287889
6.0 0.06371444261499813
7.0 0.06396503054669925
8.0 0.06413465525422778
9.0 0.06535622403025627
10.0 0.06580384469458035
11.0 0.06583212560841016
12.0 0.06562526396342687
13.0 0.06719054239136832
14.0 0.06842007573161807
15.0 0.06795758008956909
16.0 0.0663825056382588
17.0 0.06501051783561707
18.0 0.06558791388358388
19.0 0.06697904467582702
20.0 0.06720139682292939
21.0 0.06663249241454261
22.0 0.06618521032588823
23.0 0.06582064915980612
24.0 0.0666677747453962
25.0 0.06670677214860916
26.0 0.06677845248154231
27.0 0.06835161341088158
28.0 0.06809126756020954
29.0 0.06768208635704857
30.0 0.06772665573017937
31.0 0.0663372197321483
32.0 0.06480002254247666
33.0 0.06541188731789589
34.0 0.06734865669693266
35.0 0.06752034670540265
36.0 0.06580032674329621
37.0 0.06485631891659328
38.0 0.06562030698571886
39.0 0.0661232013787542
40.0 0.06678323511566435
41.0 0.06615277220095907
42.0 0.06471557670405932
43.0 0.06443459380950246
44.0 0.06351606036935534
45.0 0.06406483341540609
46.0 0.06548378680433546
47.0 0.06629360233034406
48.0 0.06592340022325516
49.0 0.06638410527791296
50.0 0.0667304593537535
51.0 0.06589088131274495
52.0 0.06551922761968204
53.0 0.06686075808746474
54.0 0.06682396116001266
55.0 0.06715304894106729
56.0 0.06653776594570705
57.0 0.06607812227947371
58.0 0.06645071485212871
59.0 0.06672217601111957
60.0 0.0668330620442118
61.0 0.06662094944289752
62.0 0.06696243797029768
63.0 0.06689087173768453
64.0 0.06695436409541539
65.0 0.0677756239260946
66.0 0.06812379424061094
67.0 0.06738262751272746
68.0 0.06649064591952733
69.0 0.06648792901209423
70.0 0.06579211162669318
71.0 0.06541202068328858
72.0 0.065941550050463
73.0 0.06624336732285363
74.0 0.06589302867650985
75.0 0.06557607225009374
76.0 0.06542224777596338
77.0 0.06524880528450012
78.0 0.06496637144259045
79.0 0.06593887720789228
80.0 0.06689408815332822
81.0 0.0663074109171118
82.0 0.0652930485350745
83.0 0.06492975194539342
84.0 0.06607856420533997
85.0 0.06724319213203021
86.0 0.06770203879901342
87.0 0.0669313452073506
88.0 0.06537107729486057
89.0 0.0650727363569396
90.0 0.06579265956367765
91.0 0.06679688606943403
92.0 0.06653684005141258
93.0 0.06452653982809611
94.0 0.06446390002965927
95.0 0.06543018966913224
96.0 0.0658759488591126
97.0 0.06618602286492076
98.0 0.06543199675423758
99.0 0.06454095425350326
100.0 0.06545697237764087
101.0 0.06557980765189443
102.0 0.06533121477280344
103.0 0.06625620563115392
104.0 0.06702161229082516
105.0 0.06640098903860364
106.0 0.06727463879755564
107.0 0.06674653951610837
108.0 0.06585074620587485
109.0 0.06704934015870094
110.0 0.06808534583875112
111.0 0.06832682309406145
112.0 0.06698490572827202
113.0 0.0663545059306281
114.0 0.06764511923704829
115.0 0.06767555773258209
116.0 0.06638180411287717
117.0 0.06629605133618627
118.0 0.0663480359528746
119.0 0.06740659549832344
120.0 0.06820673346519471
121.0 0.06730809073363031
122.0 0.06669378748961857
123.0 0.06787331753543445
124.0 0.06773101261683873
125.0 0.06782151002969061
126.0 0.06804108949644225
127.0 0.06731717384287289
128.0 0.06741187689559801
129.0 0.06945073210767337
130.0 0.06937223587717328
131.0 0.0683218919805118
132.0 0.06655369677713939
133.0 0.06634868873017175
134.0 0.06640339546969959
135.0 0.0668038832289832
136.0 0.0672658991600786
137.0 0.06744935661554337
138.0 0.06701000705361367
139.0 0.0665057792195252
140.0 0.06743299120238849
141.0 0.06872100468192782
142.0 0.06929348526256425
143.0 0.06814378819295339
144.0 0.06682507033858981
145.0 0.06730990963322776
146.0 0.06639103016683033
147.0 0.06390100823981422
148.0 0.06327566781214305
149.0 0.06404232648866517
150.0 0.06538785398006439
151.0 0.06542296026434218
152.0 0.06483656497938292
153.0 0.06543688944407872
154.0 0.06591755471059255
155.0 0.06533784099987575
156.0 0.06521403970462936
157.0 0.06613148993679456
158.0 0.06683324894734792
159.0 0.06678792046649115
160.0 0.0671940881226744
161.0 0.06720231675675938
162.0 0.06749227525932448
163.0 0.06690819976585252
164.0 0.06450549097997801
165.0 0.06405209441270147
166.0 0.06436749058110373
167.0 0.06461621618696621
168.0 0.06441925221255847
169.0 0.06389762109943799
170.0 0.06448297607047217
171.0 0.06439886050564902
172.0 0.06367481808577265
173.0 0.0637452217085021
174.0 0.06392814495733806
175.0 0.06366720497608185
176.0 0.06309137759464127
177.0 0.06314534981335912
178.0 0.06320680890764509
179.0 0.06344617051737649
180.0 0.06393527122480529
181.0 0.0634934446641377
182.0 0.06248280725308827
183.0 0.0628020065171378
184.0 0.06518995719296591
185.0 0.06576204161558832
186.0 0.06516585946083069
187.0 0.06436465371932303
188.0 0.06292522656066077
189.0 0.06314971010599818
190.0 0.06339920131223542
191.0 0.06383603353585515
192.0 0.06459025453243937
193.0 0.06484323920948165
194.0 0.06387874760798046
195.0 0.0639110053224223
196.0 0.06393969772117479
197.0 0.06414019816688128
198.0 0.06437206236379488
199.0 0.06455741545983723
200.0 0.06338979729584285
201.0 0.06247708350419998
202.0 0.06323945096560887
203.0 0.06469090208411217
204.0 0.0648236228951386
205.0 0.06423216536641121
206.0 0.06371651483433587
207.0 0.06327237391046116
208.0 0.0625439771584102
209.0 0.06208447856562478
210.0 0.06278204587953432
211.0 0.06337913924029895
212.0 0.06290590571505683
213.0 0.062461650265114646
214.0 0.0626403811786856
215.0 0.0631189199430602
216.0 0.06243178514497621
217.0 0.06223737757120814
218.0 0.06300640170063292
219.0 0.06310644043343408
220.0 0.06289225337760788
221.0 0.06289005843656403
222.0 0.06259255898850305
223.0 0.06320127568074635
224.0 0.06367870845964976
225.0 0.06284963712096214
226.0 0.06364273748227528
227.0 0.06407131659133093
228.0 0.06406086321387972
229.0 0.06535229001726423
230.0 0.0649314358830452
231.0 0.06323245231594359
232.0 0.06282942305718149
233.0 0.06294572544949395
234.0 0.06229693687387875
235.0 0.06289197419370923
236.0 0.06285601971404893
237.0 0.061836762300559456
238.0 0.06190856365220887
239.0 0.06251388181533132
240.0 0.06274770040597234
241.0 0.06272843671696526
242.0 0.06325153591377394
243.0 0.06417659904275622
244.0 0.06396874210664204
245.0 0.06325571238994598
246.0 0.06318426866616522
247.0 0.06275045509849275
248.0 0.06324801327926773
249.0 0.06403059767825263
250.0 0.0641340009868145
251.0 0.06357654482126236
252.0 0.062218910987888065
253.0 0.06110443781529154
254.0 0.06062897177679198
255.0 0.062377193037952694
256.0 0.06409686995404107
257.0 0.06411697481359754
258.0 0.06328952418906349
259.0 0.06359640774982316
260.0 0.06358347215822764
261.0 0.06374231374689511
262.0 0.06358949510114534
263.0 0.0638756207057408
264.0 0.06436922081879207
265.0 0.06374270426375525
266.0 0.06285229878766196
267.0 0.0629557080566883
268.0 0.0633436208324773
269.0 0.06332205342394966
270.0 0.06309067096029009
271.0 0.06247103586792946
272.0 0.06250234203679221
273.0 0.062101130613258906
274.0 0.061380451598337715
275.0 0.06149683232818331
276.0 0.06256574434893472
277.0 0.06231306684868676
278.0 0.06267339555280549
279.0 0.06290840751358441
280.0 0.061086719589574
281.0 0.06033256905419486
282.0 0.060562444691147126
283.0 0.06069863044789859
284.0 0.06108020895293781
285.0 0.06185145218457495
286.0 0.06269265147192138
287.0 0.06220685839653015
288.0 0.06176245691520827
289.0 0.06199286250131471
290.0 0.06260563284158707
291.0 0.062378750102860585
292.0 0.061929624527692795
293.0 0.061869097926786965
294.0 0.06180278924959046
295.0 0.06269062448825155
296.0 0.06324921484504427
297.0 0.06307427957654
298.0 0.06207404317600387
299.0 0.061363154436860766
300.0 0.06266862909708704
301.0 0.0632991605571338
302.0 0.06438739991613797
303.0 0.06432218051382474
304.0 0.06326211988925934
305.0 0.06310913094452449
306.0 0.06360570309417589
307.0 0.06364297749740737
308.0 0.06277807631662914
309.0 0.06291855222412518
310.0 0.06402990711586816
311.0 0.06528232842683793
312.0 0.06578211592776435
313.0 0.06582585349678993
314.0 0.06491440821971212
315.0 0.06427230121833938
316.0 0.06420248193400246
317.0 0.06425510091441018
318.0 0.06462460000600134
319.0 0.06556827298232487
320.0 0.06561491287180356
321.0 0.06476982161402703
322.0 0.06321703653250421
323.0 0.06333964073232241
324.0 0.06500081292220525
325.0 0.06497415538345064
326.0 0.06430602914520672
327.0 0.06418341174721717
328.0 0.06425015990223204
329.0 0.06565066054463387
330.0 0.06752432137727737
331.0 0.06719754380839212
332.0 0.06554436247263636
333.0 0.06518013296382767
334.0 0.06489928258316857
335.0 0.0651362270116806
336.0 0.06656190997787885
337.0 0.06580385831849915
338.0 0.06470447023000037
339.0 0.06560396552085876
340.0 0.06576440472687994
341.0 0.0646327952189105
342.0 0.06503748638289315
343.0 0.06619045745049204
344.0 0.06553700066038541
345.0 0.06485775911382266
346.0 0.06292732868875776
347.0 0.063211625708001
348.0 0.06484369986823627
349.0 0.06570792623928615
350.0 0.066268254922969
351.0 0.06599835487348693
352.0 0.06537505441478321
353.0 0.06496080702969007
354.0 0.06464342262063708
355.0 0.06442929293428148
356.0 0.06385113224387169
357.0 0.06358873886721475
358.0 0.06368033790162632
359.0 0.06357618517109326
360.0 0.0630583219230175
361.0 0.06320195964404515
362.0 0.0632497319153377
363.0 0.06307689185653415
364.0 0.06333823981029647
365.0 0.062440469967467445
366.0 0.061570842564105985
367.0 0.061403230684144154
368.0 0.06139496862888336
369.0 0.0625038178903716
370.0 0.0639848111995629
371.0 0.06438880126391139
372.0 0.0649934352508613
373.0 0.06599834273968425
374.0 0.06517473884991237
375.0 0.06380075684615544
376.0 0.06366469051156726
377.0 0.06487330560173307
378.0 0.06572677280221667
379.0 0.06647428806338991
380.0 0.0663981783602919
381.0 0.06655838191509247
382.0 0.06695551606161254
383.0 0.0677324857030596
384.0 0.06793717912265233
385.0 0.06716710893171174
386.0 0.06663867852517537
387.0 0.06509195789694786
388.0 0.064516367656844
389.0 0.06501556560397148
390.0 0.06406809485384396
391.0 0.06446620853883879
392.0 0.06556279680558613
393.0 0.06485727695482117
394.0 0.06378415993281773
395.0 0.06378081611224583
396.0 0.06527795951281275
397.0 0.06523831678288323
398.0 0.06449958320174898
399.0 0.06520268182669367
400.0 0.06423104735357421
401.0 0.06244975190077509
402.0 0.06280490553804806
403.0 0.06282376125454903
404.0 0.062401902462754934
405.0 0.06207937725952693
406.0 0.06279183157852718
407.0 0.06317033693194389
408.0 0.06317710972258023
409.0 0.06323536432215146
410.0 0.06390306289706911
411.0 0.06343576109835079
412.0 0.06319118365645408
413.0 0.06301215354885374
414.0 0.0627107638333525
415.0 0.06290089977639061
416.0 0.062430016696453094
417.0 0.06213181103978838
418.0 0.06262031878743853
419.0 0.06198786262954984
420.0 0.06194317521793502
421.0 0.06310939267277718
422.0 0.06342341633779662
423.0 0.06346843200070518
424.0 0.06311864107847213
425.0 0.06182081561003413
426.0 0.061666552828890935
427.0 0.06275117141859872
428.0 0.06293212356311935
429.0 0.06179459361093385
430.0 0.06023599984390395
431.0 0.059197122710091726
432.0 0.05904925412365369
433.0 0.060386447927781514
434.0 0.06133532864706857
435.0 0.061576774077756066
436.0 0.06209271039281573
437.0 0.061185417856488906
438.0 0.061174680718353816
439.0 0.06146001123956272
440.0 0.061676897214991706
441.0 0.06134948783687183
442.0 0.05990540140441486
443.0 0.05929590282695634
444.0 0.05904725736805371
445.0 0.05873740017414093
446.0 0.05963612443634442
447.0 0.05936118343046733
448.0 0.05809246344225747
449.0 0.05761379812444959
450.0 0.05756290704011917
451.0 0.05833021072404725
452.0 0.059251343884638374
453.0 0.058600254995482305
454.0 0.056959199798958644
455.0 0.05719264202884265
456.0 0.05695383474230766
457.0 0.057036192608731134
458.0 0.057628195200647624
459.0 0.057789557852915355
460.0 0.05797526783176831
461.0 0.05878328840647425
462.0 0.05952592885919979
463.0 0.05958036035299301
464.0 0.057440686013017384
465.0 0.05723486170172691
466.0 0.057917831944567816
467.0 0.058055664066757474
468.0 0.05844744720629284
469.0 0.058699657768011095
470.0 0.05819436705538205
471.0 0.05785295580114637
472.0 0.05793425132121358
473.0 0.05740049960357802
474.0 0.05772355880056109
475.0 0.05785372629761696
476.0 0.05736846263919558
477.0 0.057624337396451404
478.0 0.05788900362593787
479.0 0.05838625143681254
480.0 0.057893180953604836
481.0 0.0581461818090507
482.0 0.05749099275895527
483.0 0.05645801180175373
484.0 0.05595618113875389
485.0 0.05577953670706068
486.0 0.055904000358922144
487.0 0.05647979282907077
488.0 0.05646499257002558
489.0 0.055905340079750336
490.0 0.05581258556672505
491.0 0.05565860771707126
492.0 0.05641029519694192
493.0 0.05608931865010943
494.0 0.05589991020304816
495.0 0.05607645958662033
496.0 0.05549755958574159
497.0 0.05536771586963109
498.0 0.05671207596148763
499.0 0.05766174559082304
500.0 0.05709384030529431
501.0 0.056274620869329994
502.0 0.056552176496812274
503.0 0.05676974430680275
504.0 0.055638153212411064
505.0 0.05565439324293818
506.0 0.05653883538075856
507.0 0.05627495816775731
508.0 0.056479337492159436
509.0 0.05653349139860698
510.0 0.05631332312311445
511.0 0.05578273758292198
512.0 0.05596327856183052
513.0 0.05640348632420812
514.0 0.056250813390527454
515.0 0.055647606083324974
516.0 0.055827762825148446
517.0 0.055913069205624714
518.0 0.05587046423128673
519.0 0.056436214915343695
520.0 0.05644044216190066
521.0 0.05711920846785818
522.0 0.05726983632360186
523.0 0.05644434264728001
524.0 0.05564711093902588
525.0 0.056583393471581596
526.0 0.05801269050155367
527.0 0.05783238602536065
528.0 0.056431994267872404
529.0 0.05613083115645817
530.0 0.0569583677819797
531.0 0.057498785959822794
532.0 0.05624462813138962
533.0 0.05590301688228335
534.0 0.057501248163836345
535.0 0.058076762514454976
536.0 0.05902419090270996
537.0 0.05895098117845399
538.0 0.058719574021441595
539.0 0.05880532285996846
540.0 0.058647687413862774
541.0 0.05828097526516233
542.0 0.057451793338571276
543.0 0.0577969494674887
544.0 0.05879413400377546
545.0 0.05876725912094116
546.0 0.058114569847072875
547.0 0.05805223286151886
548.0 0.05833985677787236
549.0 0.060159044712781905
550.0 0.05964566628847803
551.0 0.058793009711163385
552.0 0.060533088552100316
553.0 0.06136068233421871
554.0 0.060616076099021095
555.0 0.05962651723197528
556.0 0.058830470059599196
557.0 0.05946563152330262
558.0 0.05993683582970074
559.0 0.059270319023302626
560.0 0.05909227803349495
561.0 0.05969817766121455
562.0 0.05957820160048349
563.0 0.057971815232719694
564.0 0.05829442675624575
565.0 0.059773251627172744
566.0 0.060440719872713086
567.0 0.05978239466037069
568.0 0.05826484209724835
569.0 0.05814175062945911
570.0 0.05795759782195091
571.0 0.05803680441209248
572.0 0.058632034063339236
573.0 0.058581913262605666
574.0 0.05809908200587545
575.0 0.057507912921054026
576.0 0.05630563007933753
577.0 0.05661158380763871
578.0 0.056277077964374
579.0 0.05472255210791315
580.0 0.054747278562613896
581.0 0.055221224363361084
582.0 0.05594956598111561
583.0 0.05650909500462668
584.0 0.05645128073436873
585.0 0.05649135070187705
586.0 0.05588310765368598
587.0 0.05470218190125057
588.0 0.0535530683185373
589.0 0.05392041802406311
590.0 0.05490229342664991
591.0 0.05457698607019016
592.0 0.053660201281309126
593.0 0.05399346330336162
594.0 0.054035130994660514
595.0 0.05261413699814251
596.0 0.051377741886036735
597.0 0.05101102952446256
598.0 0.05177138873508998
599.0 0.05299157894083432
600.0 0.05263894817658833
601.0 0.051930313131638935
602.0 0.05147116620625768
603.0 0.05294565036892891
604.0 0.05407326711075647
605.0 0.05284712463617325
606.0 0.05216174583349909
607.0 0.05270694611327989
608.0 0.05250228558267866
609.0 0.05184614434838295
610.0 0.052561902893441065
611.0 0.05367464433823313
612.0 0.053039687339748655
613.0 0.051842948581491195
614.0 0.05115732539977346
615.0 0.050221216891493115
616.0 0.04942924646394593
617.0 0.04884513233389173
618.0 0.049132121141467776
619.0 0.05056526043585369
620.0 0.051424089819192886
621.0 0.05188539900950023
622.0 0.05084614913378443
623.0 0.05056350465331759
624.0 0.05115741789340973
625.0 0.051574392723185675
626.0 0.05189523388232504
627.0 0.05192038863897323
628.0 0.05282311024410384
629.0 0.05301736103636878
630.0 0.05213743629200118
631.0 0.05241627246141434
632.0 0.052728734484740664
633.0 0.05255437706198011
634.0 0.05200446311916624
635.0 0.052013399984155384
636.0 0.052393842275653565
637.0 0.0515102744102478
638.0 0.051201669658933364
639.0 0.05229479095765523
640.0 0.053110512239592414
641.0 0.05379207304545811
642.0 0.05229767156498773
643.0 0.051613302848168785
644.0 0.05205331082854952
645.0 0.052410446639571874
646.0 0.05253212015543665
647.0 0.05180981797831399
648.0 0.05158736939941134
649.0 0.051775928160973955
650.0 0.05234488546848297
651.0 0.05357812313096864
652.0 0.05372231943266732
653.0 0.05406869841473443
654.0 0.05366998080696379
655.0 0.05266570778829711
656.0 0.05280439140541213
657.0 0.05423923549907548
658.0 0.05497299592409815
659.0 0.054908017814159396
660.0 0.05351819949490683
661.0 0.05354042670556477
662.0 0.05480170441525323
663.0 0.05502342656254768
664.0 0.05434950739145279
665.0 0.05460036620497703
666.0 0.05521554510508265
667.0 0.05394523058618818
668.0 0.05299868381449154
669.0 0.052649148553609845
670.0 0.053126520344189236
671.0 0.0537591356251921
672.0 0.053625896147319246
673.0 0.0524600156715938
674.0 0.05251163712569645
675.0 0.05225490544523512
676.0 0.05121275314262935
677.0 0.050703563754047665
678.0 0.051855557199035375
679.0 0.05323835206883294
680.0 0.053387795388698575
681.0 0.053252443245479036
682.0 0.05333835386804172
683.0 0.05184389427304268
684.0 0.05133003464766911
685.0 0.0514568886586598
686.0 0.05110705005271094
687.0 0.0515146696141788
688.0 0.05184460410049983
689.0 0.05115596375295094
690.0 0.05045491286686488
691.0 0.049625347661120554
692.0 0.048509381711483
693.0 0.047772842326334546
694.0 0.04857586643525532
695.0 0.049332865221159795
696.0 0.04908338731953076
697.0 0.04993045000093324
698.0 0.049979997958455764
699.0 0.04977045080491475
700.0 0.049122464869703564
701.0 0.04774354664342744
702.0 0.048097553636346546
703.0 0.049187987617083956
704.0 0.048439759122473856
705.0 0.047262037971190045
706.0 0.04643213365759168
707.0 0.04652147740125656
708.0 0.04606556264417512
709.0 0.046349788244281494
710.0 0.04630569017359189
711.0 0.04557146110704967
712.0 0.045582251037870135
713.0 0.04584531379597528
714.0 0.04603123920304435
715.0 0.0469929178910596
716.0 0.04740192922098296
717.0 0.046445781311818535
718.0 0.04621270543762616
719.0 0.045767106754439214
720.0 0.04490283376404217
721.0 0.044545944992985045
722.0 0.04490188306995801
723.0 0.04500212115900857
724.0 0.04564986165080752
725.0 0.0463476225733757
726.0 0.04608309790492058
727.0 0.045502184863601414
728.0 0.04481510796717235
729.0 0.044864430810723985
730.0 0.04472962075046131
731.0 0.044491032723869596
732.0 0.04407087777342115
733.0 0.043479107958929876
734.0 0.04351596310734749
735.0 0.04346228220633098
736.0 0.04249315538576671
737.0 0.04175659183944975
738.0 0.04217372611165047
739.0 0.04201144757015365
740.0 0.040421898450170246
741.0 0.03989758906619889
742.0 0.040576707145997454
743.0 0.04089566490479878
744.0 0.04066789501479694
745.0 0.04099631245647158
746.0 0.04051268973520824
747.0 0.03998646257179124
748.0 0.039657801602567946
749.0 0.03925088196992874
750.0 0.0385560861655644
751.0 0.03821280960525785
752.0 0.03881157668573516
753.0 0.03918660804629326
754.0 0.03936514098729406
755.0 0.03961533648627145
756.0 0.039855500842843734
757.0 0.03995941888008799
758.0 0.03972111897809165
759.0 0.039959218353033066
760.0 0.03998121140258653
761.0 0.03928563988634518
762.0 0.03918236675007003
763.0 0.039557408541440964
764.0 0.0396852650812694
765.0 0.03947727137378284
766.0 0.038861291429826195
767.0 0.03911125745092119
768.0 0.04013839023453849
769.0 0.0402706656072821
770.0 0.04047849816935403
771.0 0.040220995673111506
772.0 0.04025722199252674
773.0 0.04042243563703128
774.0 0.040386940432446346
775.0 0.04092938378453255
776.0 0.04155622997454234
777.0 0.0417966471186706
778.0 0.0424349063209125
779.0 0.04329424181154796
780.0 0.043328182292836054
781.0 0.042583787654127396
782.0 0.04254620618053845
783.0 0.04274525535958154
784.0 0.043639085228954044
785.0 0.04389424813645226
786.0 0.043244146449225286
787.0 0.043424924569470544
788.0 0.04367783580507551
789.0 0.044394872444016596
790.0 0.04549280170883451
791.0 0.045821408395256315
792.0 0.045544904683317455
793.0 0.045872814527579714
794.0 0.04622730410524777
795.0 0.04523443100707872
796.0 0.04423986982022013
797.0 0.045144984445401604
798.0 0.045186634255307064
799.0 0.04421791923897607
800.0 0.04408517511827605
801.0 0.04435248438801084
802.0 0.04369920353804316
803.0 0.04400775858334133
804.0 0.044897855073213574
805.0 0.04457092593823161
806.0 0.04479686128241675
807.0 0.04572048783302307
808.0 0.045669739693403245
809.0 0.04428018288952964
810.0 0.043171352254492895
811.0 0.04429625879440989
812.0 0.04531462000949042
813.0 0.04515273539083345
814.0 0.044350799705301015
815.0 0.04457256964274815
816.0 0.045502570271492
817.0 0.04535898119211197
818.0 0.045441733300685884
819.0 0.0456894756427833
820.0 0.045473186033112664
821.0 0.046451331675052644
822.0 0.04561203026345798
823.0 0.044930079579353334
824.0 0.04461745023727417
825.0 0.04527197959167617
826.0 0.04586475512811116
827.0 0.04482312383396285
828.0 0.044035030901432036
829.0 0.04376441729920251
830.0 0.043598993654762
831.0 0.04394009837082454
832.0 0.044566248995917185
833.0 0.044892040214368274
834.0 0.04462049177714757
835.0 0.04381346053310803
836.0 0.043455083561795095
837.0 0.04354025689618928
838.0 0.043118552437850406
839.0 0.04283071011304855
840.0 0.04218671428305762
841.0 0.04084002482039588
842.0 0.040903544958148685
843.0 0.04180749133229256
844.0 0.042753334662743975
845.0 0.04341968925935882
846.0 0.04307309293321201
847.0 0.04284168535045215
848.0 0.0435323280947549
849.0 0.044901112679924284
850.0 0.04451155609318188
851.0 0.04293543142931802
852.0 0.04248802683183125
853.0 0.042316339910030365
854.0 0.042608278670481274
855.0 0.04310443688716207
856.0 0.042940465467316766
857.0 0.042681729474237984
858.0 0.04196701305253165
859.0 0.04234185346535274
860.0 0.04272439181804657
861.0 0.042454949979271205
862.0 0.042655754621539796
863.0 0.043504995107650754
864.0 0.04424215693558965
865.0 0.04367062279156276
866.0 0.04354247003793717
867.0 0.04452745180044856
868.0 0.04437843465379306
869.0 0.04348425109471594
870.0 0.04405374079942703
871.0 0.04438573718070984
872.0 0.043931977770158226
873.0 0.04432005573596273
874.0 0.04564189123255866
875.0 0.0470900796353817
876.0 0.04710765044604029
877.0 0.046479705827576774
878.0 0.04642780274152756
879.0 0.04605437836476735
880.0 0.04637085273861885
881.0 0.04701568846191679
882.0 0.04723833075591496
883.0 0.04771379583648273
884.0 0.0485917869423117
885.0 0.04874842262693814
886.0 0.048123681651694436
887.0 0.0483324972646577
888.0 0.049083907795803884
889.0 0.04910106882452965
890.0 0.04950230121612549
891.0 0.04976199918559619
892.0 0.049261747300624846
893.0 0.049941440778119225
894.0 0.050966820014374595
895.0 0.05059852206281253
896.0 0.050195081744875227
897.0 0.0505685670035226
898.0 0.05066430792212486
899.0 0.049835900110857825
900.0 0.049030443387372155
901.0 0.04874267652630806
902.0 0.04896080983536584
903.0 0.049954362745795934
904.0 0.05035213636500495
905.0 0.05075808508055551
906.0 0.05117446226733072
907.0 0.050782689877918785
908.0 0.05021750054189137
909.0 0.05112528119768415
910.0 0.05245553680828639
911.0 0.052924727222749164
912.0 0.0524981008044311
913.0 0.05152739914400237
914.0 0.05081888384052685
915.0 0.050424370063202724
916.0 0.051409108404602326
917.0 0.05201082697936467
918.0 0.05161213002034596
919.0 0.05107718312314578
920.0 0.05199799090623856
921.0 0.05215325834495681
922.0 0.05209731363824436
923.0 0.052257661308561056
924.0 0.05182598956993648
925.0 0.05152403776134763
926.0 0.05241177071418081
927.0 0.05295925502266203
928.0 0.052215266759906495
929.0 0.05195368326136044
930.0 0.052946747626577105
931.0 0.05339545777865819
932.0 0.05304599276610783
933.0 0.05259636917284557
934.0 0.05320013378347669
935.0 0.054129974437611444
936.0 0.053883908369711464
937.0 0.05330815964511463
938.0 0.052769628380026135
939.0 0.0525948024221829
940.0 0.053946823626756665
941.0 0.053748068532773426
942.0 0.05376633160880634
943.0 0.054536745803696766
944.0 0.054329400722469605
945.0 0.05377721371395247
946.0 0.05348455384373665
947.0 0.05300561892134803
948.0 0.0530159769313676
949.0 0.052604016768080845
950.0 0.053258798803601945
951.0 0.05429325976542064
952.0 0.05478578954935074
953.0 0.05490911496537072
954.0 0.05451024685587202
955.0 0.054376780773912156
956.0 0.05482643523386547
957.0 0.055046491218464715
958.0 0.05559710743171828
959.0 0.055000479093619756
960.0 0.05377941748925618
961.0 0.053196740256888524
962.0 0.05387089486633028
963.0 0.054697506874799726
964.0 0.054219924764973775
965.0 0.053450504371098106
966.0 0.05308405512145587
967.0 0.05379420572093555
968.0 0.054348999155419214
969.0 0.05429506174155644
970.0 0.05446307542068618
971.0 0.05447715137686048
972.0 0.05354891547134944
973.0 0.05299196115561894
974.0 0.052512552908488684
975.0 0.05278777512056487
976.0 0.05326951763459614
977.0 0.05450398347207478
978.0 0.05559994897672108
979.0 0.055837812700441906
980.0 0.05545031045164381
981.0 0.054608327150344846
982.0 0.055264416443450114
983.0 0.05506005212664604
984.0 0.05350419655442238
985.0 0.05328887392367635
986.0 0.05402461045554706
987.0 0.054870231662477766
988.0 0.05500795638986996
989.0 0.054831990599632265
990.0 0.05485598902617182
991.0 0.05580268683178084
992.0 0.055967760405370166
993.0 0.05530732667871884
994.0 0.05546959617308208
995.0 0.056134353471653804
996.0 0.056108132536922185
997.0 0.055654489355427876
998.0 0.055969366218362536
999.0 0.055891950747796466
1000.0 0.055408217545066564
1001.0 0.05610169512884958
1002.0 0.05647770464420319
1003.0 0.0566679410636425
1004.0 0.05716743522456714
1005.0 0.05720019936561584
1006.0 0.05665303607072149
1007.0 0.056186412700584956
1008.0 0.056543158633368354
1009.0 0.057164596446922844
1010.0 0.05753477524433817
1011.0 0.057494674410138814
1012.0 0.05687339625188283
1013.0 0.05722874764885221
1014.0 0.05723884648510388
1015.0 0.057412443948643546
1016.0 0.05819671899080277
1017.0 0.05810820864779609
1018.0 0.057527678247009
1019.0 0.05790426677891186
1020.0 0.05664065054484776
1021.0 0.05742846163255828
1022.0 0.05797999181917735
1023.0 0.056895465190921514
1024.0 0.056596249235527855
1025.0 0.05685681285602706
1026.0 0.057308738040072575
1027.0 0.057911079483372825
1028.0 0.05756708958319255
1029.0 0.057984128168651033
1030.0 0.05744789413043431
1031.0 0.057239966413804466
1032.0 0.058135816667761124
1033.0 0.05870127177664212
1034.0 0.05995720433337348
1035.0 0.060376454676900594
1036.0 0.05950362150158201
1037.0 0.05879504297460828
1038.0 0.05892672868711608
1039.0 0.058515064524752754
1040.0 0.05969235652259418
1041.0 0.05989804544619152
1042.0 0.05960964113473892
1043.0 0.06068122929760388
1044.0 0.061109973277364456
1045.0 0.06081115081906319
1046.0 0.06136813142469951
1047.0 0.06195050648280553
1048.0 0.06103440320917538
1049.0 0.05994823883686747
1050.0 0.0596568580184664
1051.0 0.0593230453985078
1052.0 0.05818380319646427
1053.0 0.05818219291312354
1054.0 0.05844961117420878
1055.0 0.05928392750876291
1056.0 0.058430054038763043
1057.0 0.058754135987588336
1058.0 0.05915157539503915
1059.0 0.0585835018328258
1060.0 0.057924663807664596
1061.0 0.05810616740158626
1062.0 0.05834660178848675
1063.0 0.059125071551118576
1064.0 0.05896692031196186
1065.0 0.05849553240197045
1066.0 0.0591350254203592
1067.0 0.05942401736974716
1068.0 0.05886815264821053
1069.0 0.0584149674645492
1070.0 0.05857044064572879
1071.0 0.057778018819434306
1072.0 0.05707360314471381
1073.0 0.05688830603446279
1074.0 0.05731550412518638
1075.0 0.05828158695782934
1076.0 0.05930280610918999
1077.0 0.05944559063230242
1078.0 0.05880061994705881
1079.0 0.058299221737044195
1080.0 0.05872466298086303
1081.0 0.059693363841090884
1082.0 0.05996533078806741
1083.0 0.05873713514634541
1084.0 0.05966488644480705
1085.0 0.06031399433101926
1086.0 0.059043148159980775
1087.0 0.05856650482331004
1088.0 0.059008942970207756
1089.0 0.0592353418469429
1090.0 0.05942934474774769
1091.0 0.0601022264787129
1092.0 0.0601944411439555
1093.0 0.05988102789436068
1094.0 0.060516009160450523
1095.0 0.060853237445865356
1096.0 0.06045000521200044
1097.0 0.06049881758434432
1098.0 0.059795147606304715
1099.0 0.05940527788230351
1100.0 0.0600493101137025
1101.0 0.060550226590463094
1102.0 0.06027903982571193
1103.0 0.059960035447563446
1104.0 0.06014164686203003
1105.0 0.059872917724507195
1106.0 0.059458656396184646
1107.0 0.05980028222714152
1108.0 0.06075661757162639
1109.0 0.06186784367476191
1110.0 0.06168874055147171
1111.0 0.06127627491950989
1112.0 0.0624344673539911
1113.0 0.06264758461288043
1114.0 0.06225539924842971
1115.0 0.06200346467750413
1116.0 0.06179773530789784
1117.0 0.06204749728952135
1118.0 0.0622215989444937
1119.0 0.06176691044654165
1120.0 0.061302937992981504
1121.0 0.06053628804428237
1122.0 0.06041397931320327
1123.0 0.06179834178515843
1124.0 0.062090285335268294
1125.0 0.060535338308129995
1126.0 0.061296644381114415
1127.0 0.0624902106821537
1128.0 0.06192812153271266
1129.0 0.06202372387051582
1130.0 0.06231199928692409
1131.0 0.06252852263195174
1132.0 0.0630704570029463
1133.0 0.0633775541824954
1134.0 0.06502208901303155
1135.0 0.06570558079651424
1136.0 0.06485095950109618
1137.0 0.06444629643644606
1138.0 0.06471071722252028
1139.0 0.06534908477749143
1140.0 0.0655233882367611
1141.0 0.0657040573656559
1142.0 0.06570436347808156
1143.0 0.06624233797192573
1144.0 0.0666903065783637
1145.0 0.06616740003228187
1146.0 0.06586537850754602
1147.0 0.06595729812979698
1148.0 0.06596148908138275
1149.0 0.06581142502171652
1150.0 0.06538399862391608
1151.0 0.06499076922024999
1152.0 0.06540965193084308
1153.0 0.0653285947229181
1154.0 0.06481770064149583
1155.0 0.06476772278547287
1156.0 0.06478629420910563
1157.0 0.0643379984157426
1158.0 0.06446619097675596
1159.0 0.06516360800181116
1160.0 0.06646314625229155
1161.0 0.066111756754773
1162.0 0.06553839487688883
1163.0 0.06630959627883774
1164.0 0.06656205898949079
1165.0 0.06623576038650104
1166.0 0.06581809467503003
1167.0 0.06566078897033419
1168.0 0.06624230306063379
1169.0 0.06653561070561409
1170.0 0.06643889120646886
1171.0 0.06524036728910038
1172.0 0.06451352738908359
1173.0 0.065288060264928
1174.0 0.06498650684952736
1175.0 0.06434213540383747
1176.0 0.06597351942743573
1177.0 0.06705150646822793
1178.0 0.0656660608947277
1179.0 0.06497604261551584
1180.0 0.06643308188234057
1181.0 0.06557997475777354
1182.0 0.06410798462373869
1183.0 0.06536318425621306
1184.0 0.06633515592132296
1185.0 0.06596980488726072
1186.0 0.06668193489313126
1187.0 0.0666819558611938
1188.0 0.06609667763113976
1189.0 0.0655044225709779
1190.0 0.06582571736403874
1191.0 0.0651950373181275
1192.0 0.0638176332627024
1193.0 0.06375094130635262
1194.0 0.0649919935635158
1195.0 0.06580144752349172
1196.0 0.06585007277982576
1197.0 0.06475814495767866
1198.0 0.06493009701371193
1199.0 0.06548864277345794
1200.0 0.06601028314658573
1201.0 0.06582570480448859
1202.0 0.06606462118881089
1203.0 0.0673277894301074
1204.0 0.06686217316559383
1205.0 0.06616183306489672
1206.0 0.06539020889571735
1207.0 0.063462176493236
1208.0 0.06308201317276274
1209.0 0.06477145339761461
1210.0 0.06613757567746299
1211.0 0.06568980813026429
1212.0 0.06536850152271134
1213.0 0.06565764035497393
1214.0 0.06626474144203322
1215.0 0.06652558797172138
1216.0 0.06598751779113497
1217.0 0.06604891813227108
1218.0 0.06704491238508906
1219.0 0.06776546356933458
1220.0 0.06761442603809494
1221.0 0.06770682632923126
1222.0 0.06846228678311621
1223.0 0.06822576437677656
1224.0 0.06786955850464957
1225.0 0.06729318116392408
1226.0 0.06772223274622645
1227.0 0.06817126944661141
1228.0 0.06874984353780747
1229.0 0.06931937273059573
1230.0 0.06923092837844576
1231.0 0.06871028159345899
1232.0 0.06890789036239897
1233.0 0.06877098956278392
1234.0 0.0690838417836598
1235.0 0.06984389275312423
1236.0 0.06970881287540709
1237.0 0.06996327127729143
1238.0 0.0701411981667791
1239.0 0.07068295180797576
1240.0 0.07140440110649382
1241.0 0.07130372651985713
1242.0 0.07119857200554439
1243.0 0.0712140013064657
1244.0 0.07041925340890884
1245.0 0.06983672976493835
1246.0 0.06967797790254865
1247.0 0.06986362423215593
1248.0 0.07123656485761914
1249.0 0.07134326047130994
1250.0 0.07097718034471784
1251.0 0.07025694378784725
1252.0 0.06972902991941997
1253.0 0.07034038262707847
1254.0 0.07092177953038897
1255.0 0.07174518746989114
1256.0 0.0726916076881545
1257.0 0.07162392309733799
1258.0 0.07046015113592148
1259.0 0.0703307147536959
1260.0 0.0697391053395612
1261.0 0.06946081104023116
1262.0 0.06963124445506505
1263.0 0.06974960735866002
1264.0 0.07087718801839012
1265.0 0.07123835746731078
1266.0 0.06983590062175478
1267.0 0.06844375101583344
1268.0 0.06785220759255546
1269.0 0.06786844772951943
1270.0 0.06934237203427723
1271.0 0.07058002139840808
1272.0 0.07022574863263539
1273.0 0.07009039095469884
1274.0 0.07002236438649041
1275.0 0.0710999003478459
1276.0 0.07064470904214042
1277.0 0.07028773107698985
1278.0 0.07055352926254273
1279.0 0.07024919390678405
1280.0 0.06950423845223018
1281.0 0.06857162394693919
1282.0 0.06804618792874473
1283.0 0.06756084912589617
1284.0 0.06700469202228955
1285.0 0.0680489172892911
1286.0 0.06970474272966384
1287.0 0.07012657310281481
1288.0 0.06851111054420471
1289.0 0.06826810496194022
1290.0 0.06838436616318566
1291.0 0.06809988107000078
1292.0 0.06818068783198084
1293.0 0.06872190630861691
1294.0 0.06890985082302775
1295.0 0.06864349256668772
1296.0 0.06878446297986167
1297.0 0.06919978622879301
1298.0 0.069057547301054
1299.0 0.0699580694947924
1300.0 0.07015131531017167
1301.0 0.06896551006606647
1302.0 0.06818396949342319
1303.0 0.06881782103862082
1304.0 0.06943649181297847
1305.0 0.07004680186510086
1306.0 0.07076309663908822
1307.0 0.06963484308549336
1308.0 0.06850519414458955
1309.0 0.06814060722078596
1310.0 0.06949624376637595
1311.0 0.07047292781727654
1312.0 0.06970879265240261
1313.0 0.06949401646852493
1314.0 0.07006192228623799
1315.0 0.06993787203516279
1316.0 0.06943693097148623
1317.0 0.06969607291477067
1318.0 0.07017535333122527
1319.0 0.07009791540248053
1320.0 0.06850822120904923
1321.0 0.06861568966082164
1322.0 0.0696177986051355
1323.0 0.07104099158729826
1324.0 0.07261731241430555
1325.0 0.07167525525603975
1326.0 0.070164940399783
1327.0 0.06947409680911473
1328.0 0.0694465268935476
1329.0 0.06971316529171807
1330.0 0.07045979499816894
1331.0 0.07133042854922159
1332.0 0.07182966555867876
1333.0 0.07034840775387628
1334.0 0.06855051581348692
1335.0 0.06811482182570866
1336.0 0.06622188825692449
1337.0 0.06563254073262215
1338.0 0.06727881005832127
1339.0 0.06702813186815806
1340.0 0.06697704664298466
1341.0 0.06680920560445104
1342.0 0.066090990709407
1343.0 0.06531338308538709
1344.0 0.06577131833348955
1345.0 0.06600036802036421
1346.0 0.06641453887735094
1347.0 0.06625965865595
1348.0 0.0650078212576253
1349.0 0.06510949028389794
1350.0 0.06524040028452874
1351.0 0.06507584846445492
1352.0 0.0651034458407334
1353.0 0.06562632386173521
1354.0 0.06585449597665242
1355.0 0.06544879089508737
1356.0 0.0653169504233769
1357.0 0.06631353635873113
1358.0 0.06589019138898168
1359.0 0.06519792718546731
1360.0 0.065671235535826
1361.0 0.06581337813820158
1362.0 0.06559967792459896
1363.0 0.06562617378575461
1364.0 0.06532908103295736
1365.0 0.06524551595960344
1366.0 0.0650919615158013
1367.0 0.06430317067674228
1368.0 0.06378568410873413
1369.0 0.06383412948676519
1370.0 0.0629789405635425
1371.0 0.062340490626437324
1372.0 0.06225895147238459
1373.0 0.06170993575028011
1374.0 0.062429207776274
1375.0 0.06416745877691678
1376.0 0.06429923964398247
1377.0 0.06371203980275562
1378.0 0.06308825612068177
1379.0 0.062039518356323244
1380.0 0.062025657828365055
1381.0 0.0631720492882388
1382.0 0.06304894866687911
1383.0 0.06279289839523179
1384.0 0.06275358104280063
1385.0 0.06164343825408391
1386.0 0.06084906299199377
1387.0 0.060838542240006586
1388.0 0.06018439094935145
1389.0 0.06020561318312372
1390.0 0.0603161915072373
1391.0 0.059719299950769966
1392.0 0.059843024824346815
1393.0 0.06113808921405247
1394.0 0.06137498893908092
1395.0 0.060798830326114384
1396.0 0.06210278198122978
1397.0 0.06313387400337628
1398.0 0.06251530381185667
1399.0 0.06154235888804708
1400.0 0.06231385448149272
1401.0 0.06338944062590599
1402.0 0.06296771243214608
1403.0 0.061750457755156925
1404.0 0.06296492761799267
1405.0 0.06487506745117051
1406.0 0.06490763457758086
1407.0 0.06390359540070806
1408.0 0.06217831053904125
1409.0 0.06133879146405629
1410.0 0.06288993475692613
1411.0 0.06336051534329142
1412.0 0.06255201250314713
1413.0 0.06230344357235091
1414.0 0.06276985055633953
1415.0 0.06306003417287553
1416.0 0.06369325646332331
1417.0 0.06421888736741883
1418.0 0.06387028694152833
1419.0 0.06288547388144902
1420.0 0.0622178316116333
1421.0 0.06293046761836324
1422.0 0.06367495826312473
1423.0 0.06324988912258829
1424.0 0.06259738611323493
1425.0 0.0630290048463004
1426.0 0.062085744738578794
1427.0 0.062060112612588064
1428.0 0.06341233136398451
1429.0 0.0638899065554142
1430.0 0.06325720697641372
1431.0 0.06328473282711847
1432.0 0.06235103298510824
1433.0 0.06143536833780153
1434.0 0.061860232906682154
1435.0 0.06232170217803546
1436.0 0.06260336924876486
1437.0 0.06211097623620714
1438.0 0.06253353176372392
1439.0 0.062337309547833036
1440.0 0.06173160054853984
1441.0 0.06252499126962253
1442.0 0.06134695825832231
1443.0 0.06097483858466148
1444.0 0.06076229459473065
1445.0 0.060321087283747535
1446.0 0.06063701808452606
1447.0 0.060116475288357056
1448.0 0.0589367929313864
1449.0 0.05919611879757473
1450.0 0.05999144124133246
1451.0 0.05951303030763354
1452.0 0.05967367057289396
1453.0 0.058741843700408934
1454.0 0.057340568942683086
1455.0 0.05881633694682802
1456.0 0.060245315304824285
1457.0 0.05909968103681292
1458.0 0.058994228286402564
1459.0 0.06095199819122042
1460.0 0.061409756860562735
1461.0 0.060972395219973156
1462.0 0.06120815777352878
1463.0 0.061179793626070025
1464.0 0.06046053735273225
1465.0 0.060895381974322454
1466.0 0.0606948261814458
1467.0 0.06006448056016649
1468.0 0.0605924017727375
1469.0 0.06024719231895038
1470.0 0.05948033620204244
1471.0 0.058573769245828904
1472.0 0.05814391342656953
1473.0 0.058538118856293814
1474.0 0.059118481831891195
1475.0 0.05971568429044315
1476.0 0.060316199596439087
1477.0 0.05962920476283346
1478.0 0.05921922272869519
1479.0 0.05989545062184334
1480.0 0.05955956131219864
1481.0 0.05890204863888877
1482.0 0.058245742746761864
1483.0 0.05817542618938855
1484.0 0.0584012294454234
1485.0 0.0577775202691555
1486.0 0.05713809622185571
1487.0 0.056389118092400686
1488.0 0.05488284357956478
1489.0 0.0555814870766231
1490.0 0.05783399854387556
1491.0 0.05873017577188355
1492.0 0.05863528773188591
1493.0 0.057984158396720886
1494.0 0.057277410264526096
1495.0 0.05645248943141529
1496.0 0.055259057134389875
1497.0 0.0558747509760516
1498.0 0.057253197048391616
1499.0 0.057509775991950715
1500.0 0.05738239490560123
1501.0 0.05705996113164084
1502.0 0.05594486679349627
1503.0 0.05523281938263348
1504.0 0.05616798241223608
1505.0 0.05687240223799433
1506.0 0.056486702710390094
1507.0 0.056006277352571486
1508.0 0.05544232257774898
1509.0 0.05523114140544619
1510.0 0.055306488914149146
1511.0 0.05566521712711879
1512.0 0.05590189844369888
1513.0 0.05657377647502082
1514.0 0.05694731218474252
1515.0 0.05703219100832939
1516.0 0.0565217385334628
1517.0 0.05659043842128345
1518.0 0.05747742131352425
1519.0 0.05780459216662816
1520.0 0.05741909572056362
1521.0 0.057428644916840965
1522.0 0.056492707559040616
1523.0 0.056226431259087155
1524.0 0.05698134835277285
1525.0 0.056138172000646594
1526.0 0.0559026905468532
1527.0 0.05832470825740269
1528.0 0.05872875366892134
1529.0 0.057467728959662574
1530.0 0.05669039551700864
1531.0 0.05685222819447518
1532.0 0.05752717980316707
1533.0 0.05759822013122695
1534.0 0.05748912926231112
1535.0 0.05718721715467317
1536.0 0.05722797683307103
1537.0 0.05757893856082644
1538.0 0.05754364505410194
1539.0 0.05581133823309626
1540.0 0.05482182311160224
1541.0 0.056162345728703905
1542.0 0.057262511338506426
1543.0 0.05619127143706594
1544.0 0.05416021783437048
1545.0 0.05419095999428204
1546.0 0.055134317065988266
1547.0 0.05431876246418272
1548.0 0.05444571918674878
1549.0 0.0562339400606496
1550.0 0.05685887272868838
1551.0 0.05593427238719804
1552.0 0.05478696684752192
1553.0 0.05333316560302462
1554.0 0.052844543648617605
1555.0 0.05392218434384891
1556.0 0.05460010458316122
1557.0 0.05359527777348246
1558.0 0.05297362793769155
1559.0 0.053433582825320104
1560.0 0.05334738216229847
1561.0 0.05290083651031766
1562.0 0.05279345278229032
1563.0 0.05308317733662469
1564.0 0.05273993813565799
1565.0 0.051820342987775804
1566.0 0.05187899417110852
1567.0 0.05170749542968614
1568.0 0.05207419161285673
1569.0 0.05213003169213023
1570.0 0.05141331798263959
1571.0 0.05134560721261161
1572.0 0.051209683396986554
1573.0 0.05090050282222884
1574.0 0.05159593245812825
1575.0 0.050533113522189005
1576.0 0.049096355267933434
1577.0 0.04972518192870276
1578.0 0.04947773431028638
1579.0 0.04889448189309665
1580.0 0.04918111924614225
1581.0 0.04939524180122784
1582.0 0.04932883286050388
1583.0 0.04883140187178339
1584.0 0.04826443344354629
1585.0 0.04803797730377742
1586.0 0.04802539561476026
1587.0 0.048566984385252
1588.0 0.04847192359822137
1589.0 0.04864181578159332
1590.0 0.049008438629763465
1591.0 0.04870386687772615
1592.0 0.04838187779699053
1593.0 0.048951599640505654
1594.0 0.048229579521077016
1595.0 0.04671617384467806
1596.0 0.04666315019130707
1597.0 0.048115536996296476
1598.0 0.04745070923651968
1599.0 0.04656022542289325
1600.0 0.04727271401456424
1601.0 0.04819651735680444
1602.0 0.04777890624744552
1603.0 0.04669143823640687
1604.0 0.0464400868330683
1605.0 0.0463788489145892
1606.0 0.04580504468509129
1607.0 0.04419188925198146
1608.0 0.04386658615299634
1609.0 0.044005535010780604
1610.0 0.044003750383853915
1611.0 0.04369642734527588
1612.0 0.04343640208244324
1613.0 0.04312058367899486
1614.0 0.04325772130063602
1615.0 0.04345428156001227
1616.0 0.04351711443492345
1617.0 0.042984262747423986
1618.0 0.04319617226719856
1619.0 0.04342733078769275
1620.0 0.04177604402814593
1621.0 0.04143676236271858
1622.0 0.04064418465963432
1623.0 0.038854863201933244
1624.0 0.037176529868572415
1625.0 0.03803111666680447
1626.0 0.03924938727702413
1627.0 0.03835896040712084
1628.0 0.03845545851758548
1629.0 0.03931193309170859
1630.0 0.03916740864515304
1631.0 0.03875104816896575
1632.0 0.038054125436714714
1633.0 0.03807953457747187
1634.0 0.03847291097044945
1635.0 0.03847025207110814
1636.0 0.03878988389457975
1637.0 0.03859733130250658
1638.0 0.03814854824117252
1639.0 0.038075118671570506
1640.0 0.0385703152843884
1641.0 0.03885423413344792
1642.0 0.037963616635118214
1643.0 0.03705093839338847
1644.0 0.03691215930240495
1645.0 0.036643274660621374
1646.0 0.03498136826923915
1647.0 0.03442187628575734
1648.0 0.03603629459227834
1649.0 0.03557099891560418
1650.0 0.033654190653136795
1651.0 0.033501240717513224
1652.0 0.03361084386706352
1653.0 0.033566312651549066
1654.0 0.033476466845188825
1655.0 0.03380828180483409
1656.0 0.03443267121911049
1657.0 0.0334061611443758
1658.0 0.03200424542384488
1659.0 0.03165535857634885
1660.0 0.031900852705751145
1661.0 0.03296022202287401
1662.0 0.032812411018780296
1663.0 0.03166313394904137
1664.0 0.03037709817290306
1665.0 0.030388715331043516
1666.0 0.030599314879093852
1667.0 0.030850993203265325
1668.0 0.030033021100929806
1669.0 0.028885287418961524
1670.0 0.028436775399105888
1671.0 0.029006617995245117
1672.0 0.029022574850491114
1673.0 0.02844659813812801
1674.0 0.0278462501508849
1675.0 0.027810433240873473
1676.0 0.02921836051557745
1677.0 0.02907923928328923
1678.0 0.027773857063480786
1679.0 0.027098964899778366
1680.0 0.026803121769002507
1681.0 0.02632764210658414
1682.0 0.026606394829494614
1683.0 0.02588380580501897
1684.0 0.02554164475628308
1685.0 0.025785512956125394
1686.0 0.025418318808078766
1687.0 0.024915371143392154
1688.0 0.02492366273488317
1689.0 0.02497886483158384
1690.0 0.024195607059768268
1691.0 0.024308597562568528
1692.0 0.023985303406204497
1693.0 0.023456497862935067
1694.0 0.02366166263818741
1695.0 0.024480982390897615
1696.0 0.024790216077651295
1697.0 0.024347816886646407
1698.0 0.023696419490235193
1699.0 0.023896483119044985
1700.0 0.023559469410351346
1701.0 0.02248108456177371
1702.0 0.022724604234099388
1703.0 0.02324851735361985
1704.0 0.023518261260219983
1705.0 0.023347915921892438
1706.0 0.023101375784192767
1707.0 0.022149477686200823
1708.0 0.021307843178510665
1709.0 0.022548258889998708
1710.0 0.023223117738962174
1711.0 0.022813377689038003
1712.0 0.022024224219577653
1713.0 0.021806047377841812
1714.0 0.02157878598996571
1715.0 0.022380193269678526
1716.0 0.022392967449767247
1717.0 0.02167500582124506
1718.0 0.021644994510071618
1719.0 0.022010838612914085
1720.0 0.02243973527635847
1721.0 0.02238771127802985
1722.0 0.021566886188728467
1723.0 0.021632231452635358
1724.0 0.02184225150517055
1725.0 0.02151415387966803
1726.0 0.02176282113151891
1727.0 0.02120280047612531
1728.0 0.020899977960756846
1729.0 0.021450541647417203
1730.0 0.020856586737292154
1731.0 0.020354436470993928
1732.0 0.020470926591328212
1733.0 0.02062481726918902
1734.0 0.02073427704828126
1735.0 0.020751660955803736
1736.0 0.020844503013151033
1737.0 0.021792182592408997
1738.0 0.02110035557832037
1739.0 0.02051982009517295
1740.0 0.020539701703403676
1741.0 0.020438171976378986
1742.0 0.020287066378763745
1743.0 0.020006277465394566
1744.0 0.020248190579669815
1745.0 0.020084372295864992
1746.0 0.018514569742338997
1747.0 0.018025299347937108
1748.0 0.018657817345644746
1749.0 0.0189985917615039
1750.0 0.018791601194867065
1751.0 0.0182007779234222
1752.0 0.018217750691941807
1753.0 0.018476685296211923
1754.0 0.01934601997158357
1755.0 0.018550464510917665
1756.0 0.017158279275255543
1757.0 0.01737438128995044
1758.0 0.01803484625582184
1759.0 0.018297607132366726
1760.0 0.018165306294603008
1761.0 0.018172455046858105
1762.0 0.01841697511928422
1763.0 0.01764741955058915
1764.0 0.016407263784536292
1765.0 0.016872101835906504
1766.0 0.0169647414503353
1767.0 0.016033439338207243
1768.0 0.016109233402780126
1769.0 0.01682411546685866
1770.0 0.017357964015432766
1771.0 0.01783523096569947
1772.0 0.01744942915226732
1773.0 0.016489331504063946
1774.0 0.01635457788194929
1775.0 0.016294571198523046
1776.0 0.016091890766152313
1777.0 0.015933248666780336
1778.0 0.016435645999652998
1779.0 0.017415484386895386
1780.0 0.017290326686842102
1781.0 0.016022482461162977
1782.0 0.016286702560526983
1783.0 0.016473860905638762
1784.0 0.016889081762305327
1785.0 0.018087119662335942
1786.0 0.017530289851129054
1787.0 0.015999783149787356
1788.0 0.01539901423134974
1789.0 0.016863040838922774
1790.0 0.017370654003960744
1791.0 0.016843932095382895
1792.0 0.016620933929724354
1793.0 0.016510681994259358
1794.0 0.016423994010048255
1795.0 0.016294849131788525
1796.0 0.016252461528139455
1797.0 0.015985395785953316
1798.0 0.016501023194619588
1799.0 0.016530796113823142
1800.0 0.016041886088039192
1801.0 0.015698075640414443
1802.0 0.01483456702636821
1803.0 0.015365969363067831
1804.0 0.015897026365356785
1805.0 0.016101467556187084
1806.0 0.016587053132908685
1807.0 0.016634428793830532
1808.0 0.017426595145038196
1809.0 0.016856879128941467
1810.0 0.01548841084752764
1811.0 0.01588739337665694
1812.0 0.016481436177023818
1813.0 0.016518780376229968
1814.0 0.015966526924499444
1815.0 0.016024965340537684
1816.0 0.015636071190238
1817.0 0.015035123750567436
1818.0 0.01556246363158737
1819.0 0.016477922536432744
1820.0 0.016311755989279066
1821.0 0.015688865525381904
1822.0 0.01575830170352544
1823.0 0.01571244134434632
1824.0 0.014783968936119761
1825.0 0.015283433707164867
1826.0 0.01578033683555467
1827.0 0.015781945256250245
1828.0 0.014461324709866727
1829.0 0.013443750289401838
1830.0 0.013324123434722423
1831.0 0.01383638270199299
1832.0 0.014689846982115081
1833.0 0.014973133855632374
1834.0 0.014485560796622719
1835.0 0.013422668352723122
1836.0 0.013498750096186996
1837.0 0.013267721214132118
1838.0 0.013029690459370613
1839.0 0.014392052617456233
1840.0 0.01524685240749802
1841.0 0.017340850803468907
1842.0 0.016714756110949174
1843.0 0.01233880574415837
1844.0 0.008578808379492589
1845.0 0.011658730890069689
1846.0 0.011889185596789633
1847.0 0.012419385462999344
1848.0 0.01632965707353183
1849.0 0.019719983663942134
1850.0 0.01172527614980936
1851.0 0.006246367975005082
1852.0 0.017228824379188674
1853.0 0.023672555200755598
1854.0 0.01828601469418832
1855.0 0.02019575033336878
1856.0 0.026063687088234085
1857.0 0.02340401280671358
1858.0 0.015826543872909885
1859.0 -0.003373486522052969
1860.0 0.008061559178999492
1861.0 0.010099806157605988
1862.0 0.004276825035256999
1863.0 0.009991052161370004
1864.0 0.011139548836009844
1865.0 0.007925001292356423
1866.0 0.017483942902513913
1867.0 0.015503306128084659
1868.0 0.015389640203544072
1869.0 0.045659385408673966
1870.0 0.022734510685716358
1871.0 -0.019461266164268767
1872.0 0.013615090399980545
1873.0 0.03566853116665568
1874.0 0.023369196749159268
1875.0 0.015477108636072703
1876.0 0.025441118968384607
1877.0 0.03839274421334267
1878.0 0.030521119705268315
1879.0 0.05022754371166229
1880.0 0.05165078618696758
1881.0 0.04004959240555763
1882.0 0.06140179346714701
1883.0 0.07108137352125986
1884.0 0.05592562918152128
1885.0 0.05331582043852125
1886.0 0.024574615167719978
1887.0 0.006019042964492525
1888.0 -0.00016570346696036202
1889.0 0.019927303173712323
1890.0 0.037364083102771214
1891.0 0.0464183434844017
1892.0 -0.011661651730537414
1893.0 -0.016554550187928337
1894.0 -0.007046064840895789
1895.0 0.011872178528990064
1896.0 0.04589211270213127
1897.0 0.015301120919840677
1898.0 0.022180464438029696
1899.0 0.01358984016946384
1900.0 0.02474769502878189
1901.0 0.012112496686833245
1902.0 0.009500683099031449
1903.0 0.03882155865430832
1904.0 0.03850791731051036
1905.0 0.03194788651806968
1906.0 0.00967256852558681
1907.0 -0.0021137888942446025
1908.0 -0.00723815496478762
1909.0 -0.0036458168710981095
1910.0 0.0
1911.0 0.0
1912.0 0.0
1913.0 0.0
1914.0 0.0
1915.0 0.0
1916.0 0.0
1917.0 0.0
1918.0 0.0
1919.0 0.0
1920.0 0.0
1921.0 0.0
1922.0 0.0
1923.0 0.0
1924.0 0.0
1925.0 0.0
1926.0 0.0
1927.0 0.0
1928.0 0.0
1929.0 0.0
1930.0 0.0
1931.0 0.0
1932.0 0.0
1933.0 0.0
1934.0 0.0
1935.0 0.0
1936.0 0.0
1937.0 0.0
1938.0 0.0
1939.0 0.0
1940.0 0.0
1941.0 0.0
1942.0 0.0
1943.0 0.0
1944.0 0.0
1945.0 0.0
1946.0 0.0
1947.0 0.0
1948.0 0.0
1949.0 0.0
1950.0 0.0
1951.0 0.0
1952.0 0.0
1953.0 0.0
1954.0 0.0
1955.0 0.0
1956.0 0.0
1957.0 0.0
1958.0 0.0
1959.0 0.0
1960.0 0.0
1961.0 0.0
1962.0 0.0
1963.0 0.0
1964.0 0.0
1965.0 0.0
1966.0 0.0
1967.0 0.0
1968.0 0.0
1969.0 0.0
1970.0 0.0
1971.0 0.0
1972.0 0.0
1973.0 0.0
1974.0 0.0
1975.0 0.0
1976.0 0.0
1977.0 0.0
1978.0 0.0
1979.0 0.0
1980.0 0.0
1981.0 0.0
1982.0 0.0
1983.0 0.0
1984.0 0.0
1985.0 0.0
1986.0 0.0
1987.0 0.0
1988.0 0.0
1989.0 0.0
1990.0 0.0
1991.0 0.0
1992.0 0.0
1993.0 0.0
1994.0 0.0
1995.0 0.0
1996.0 0.0
1997.0 0.0
1998.0 0.0
1999.0 0.0
2000.0 0.0
2001.0 0.0
2002.0 0.0
2003.0 0.0
2004.0 0.0
2005.0 0.0
2006.0 0.0
2007.0 0.0
2008.0 0.0
2009.0 0.0
2010.0 0.0
2011.0 0.0
2012.0 0.0
2013.0 0.0
2014.0 0.0
2015.0 0.0
2016.0 0.0
2017.0 0.0
2018.0 0.0
2019.0 0.0
2020.0 0.0
2021.0 0.0
2022.0 0.0
2023.0 0.0
2024.0 0.0
2025.0 0.0
2026.0 0.0
2027.0 0.0
2028.0 0.0
2029.0 0.0
2030.0 0.0
2031.0 0.0
2032.0 0.0
2033.0 0.0
2034.0 0.0
2035.0 0.0
2036.0 0.0
2037.0 0.0
2038.0 0.0
2039.0 0.0
2040.0 0.0
2041.0 0.0
2042.0 0.0
2043.0 0.0
2044.0 0.0
2045.0 0.0
2046.0 0.0
2047.0 0.0
2048.0 0.0
2049.0 0.0
2050.0 0.0
2051.0 0.0
2052.0 0.0
2053.0 0.0
2054.0 0.0
2055.0 0.0
2056.0 0.0
2057.0 0.0
2058.0 0.0
2059.0 0.0
2060.0 0.0
2061.0 0.0
2062.0 0.0
2063.0 0.0
2064.0 0.0
2065.0 0.0
2066.0 0.0
2067.0 0.0
2068.0 0.0
2069.0 0.0
2070.0 0.0
2071.0 0.0
2072.0 0.0
2073.0 0.0
2074.0 0.0
2075.0 0.0
2076.0 0.0
2077.0 0.0
2078.0 0.0
2079.0 0.0
2080.0 0.0
2081.0 0.0
2082.0 0.0
2083.0 0.0
2084.0 0.0
2085.0 0.0
2086.0 0.0
2087.0 0.0
2088.0 0.0
2089.0 0.0
2090.0 0.0
2091.0 0.0
2092.0 0.0
2093.0 0.0
2094.0 0.0
2095.0 0.0
2096.0 0.0
2097.0 0.0
2098.0 0.0
2099.0 0.0
2100.0 0.0
2101.0 0.0
2102.0 0.0
2103.0 0.0
2104.0 0.0
2105.0 0.0
2106.0 0.0
2107.0 0.0
2108.0 0.0
2109.0 0.0
2110.0 0.0
2111.0 0.0
2112.0 0.0
2113.0 0.0
2114.0 0.0
2115.0 0.0
2116.0 0.0
2117.0 0.0
2118.0 0.0
2119.0 0.0
2120.0 0.0
2121.0 0.0
2122.0 0.0
2123.0 0.0
2124.0 0.0
2125.0 0.0
2126.0 0.0
2127.0 0.0
2128.0 0.0
2129.0 0.0
2130.0 0.0
2131.0 0.0
2132.0 0.0
2133.0 0.0
2134.0 0.0
2135.0 0.0
2136.0 0.0
2137.0 0.0
2138.0 0.0
2139.0 0.0
2140.0 0.0
2141.0 0.0
2142.0 0.0
2143.0 0.0
2144.0 0.0
2145.0 0.0
2146.0 0.0
2147.0 0.0
2148.0 0.0
2149.0 0.0
2150.0 0.0
2151.0 0.0
2152.0 0.0
2153.0 0.0
2154.0 0.0
2155.0 0.0
2156.0 0.0
2157.0 0.0
2158.0 0.0
2159.0 0.0
2160.0 0.0
2161.0 0.0
2162.0 0.0
2163.0 0.0
2164.0 0.0
2165.0 0.0
2166.0 0.0
2167.0 0.0
2168.0 0.0
2169.0 0.0
2170.0 0.0
2171.0 0.0
2172.0 0.0
2173.0 0.0
2174.0 0.0
2175.0 0.0
2176.0 0.0
2177.0 0.0
2178.0 0.0
2179.0 0.0
2180.0 0.0
2181.0 0.0
2182.0 0.0
2183.0 0.0
2184.0 0.0
2185.0 0.0
2186.0 0.0
2187.0 0.0
2188.0 0.0
2189.0 0.0
2190.0 0.0
2191.0 0.0
2192.0 0.0
2193.0 0.0
2194.0 0.0
2195.0 0.0
2196.0 0.0
2197.0 0.0
2198.0 0.0
2199.0 0.0
2200.0 0.0
2201.0 0.0
2202.0 0.0
2203.0 0.0
2204.0 0.0
2205.0 0.0
2206.0 0.0
2207.0 0.0
2208.0 0.0
2209.0 0.0
2210.0 0.0
2211.0 0.0
2212.0 0.0
2213.0 0.0
2214.0 0.0
2215.0 0.0
2216.0 0.0
2217.0 0.0
2218.0 0.0
2219.0 0.0
2220.0 0.0
2221.0 0.0
2222.0 0.0
2223.0 0.0
2224.0 0.0
2225.0 0.0
2226.0 0.0
2227.0 0.0
2228.0 0.0
2229.0 0.0
2230.0 0.0
2231.0 0.0
2232.0 0.0
2233.0 0.0
2234.0 0.0
2235.0 0.0
2236.0 0.0
2237.0 0.0
2238.0 0.0
2239.0 0.0
2240.0 0.0
2241.0 0.0
2242.0 0.0
2243.0 0.0
2244.0 0.0
2245.0 0.0
2246.0 0.0
2247.0 0.0
2248.0 0.0
2249.0 0.0
2250.0 0.0
2251.0 0.0
2252.0 0.0
2253.0 0.0
2254.0 0.0
2255.0 0.0
2256.0 0.0
2257.0 0.0
2258.0 0.0
2259.0 0.0
2260.0 0.0
2261.0 0.0
2262.0 0.0
2263.0 0.0
2264.0 0.0
2265.0 0.0
2266.0 0.0
2267.0 0.0
2268.0 0.0
2269.0 0.0
2270.0 0.0
2271.0 0.0
2272.0 0.0
2273.0 0.0
2274.0 0.0
2275.0 0.0
2276.0 0.0
2277.0 0.0
2278.0 0.0
2279.0 0.0
2280.0 0.0
2281.0 0.0
2282.0 0.0
2283.0 0.0
2284.0 0.0
2285.0 0.0
2286.0 0.0
2287.0 0.0
2288.0 0.0
2289.0 0.0
2290.0 0.0
2291.0 0.0
2292.0 0.0
2293.0 0.0
2294.0 0.0
2295.0 0.0
2296.0 0.0
2297.0 0.0
2298.0 0.0
2299.0 0.0
2300.0 0.0
2301.0 0.0
2302.0 0.0
2303.0 0.0
2304.0 0.0
2305.0 0.0
2306.0 0.0
2307.0 0.0
2308.0 0.0
2309.0 0.0
2310.0 0.0
2311.0 0.0
2312.0 0.0
2313.0 0.0
2314.0 0.0
2315.0 0.0
2316.0 0.0
2317.0 0.0
2318.0 0.0
2319.0 0.0
2320.0 0.0
2321.0 0.0
2322.0 0.0
2323.0 0.0
2324.0 0.0
2325.0 0.0
2326.0 0.0
2327.0 0.0
2328.0 0.0
2329.0 0.0
2330.0 0.0
2331.0 0.0
2332.0 0.0
2333.0 0.0
2334.0 0.0
2335.0 0.0
2336.0 0.0
2337.0 0.0
2338.0 0.0
2339.0 0.0
2340.0 0.0
2341.0 0.0
2342.0 0.0
2343.0 0.0
2344.0 0.0
2345.0 0.0
2346.0 0.0
2347.0 0.0
2348.0 0.0
2349.0 0.0
2350.0 0.0
2351.0 0.0
2352.0 0.0
2353.0 0.0
2354.0 0.0
2355.0 0.0
2356.0 0.0
2357.0 0.0
2358.0 0.0
2359.0 0.0
2360.0 0.0
2361.0 0.0
2362.0 0.0
2363.0 0.0
2364.0 0.0
2365.0 0.0
2366.0 0.0
2367.0 0.0
2368.0 0.0
2369.0 0.0
2370.0 0.0
2371.0 0.0
2372.0 0.0
2373.0 0.0
2374.0 0.0
2375.0 0.0
2376.0 0.0
2377.0 0.0
2378.0 0.0
2379.0 0.0
2380.0 0.0
2381.0 0.0
2382.0 0.0
2383.0 0.0
2384.0 0.0
2385.0 0.0
2386.0 0.0
2387.0 0.0
2388.0 0.0
2389.0 0.0
2390.0 0.0
2391.0 0.0
2392.0 0.0
2393.0 0.0
2394.0 0.0
2395.0 0.0
2396.0 0.0
2397.0 0.0
2398.0 0.0
2399.0 0.0
2400.0 0.0
2401.0 0.0
2402.0 0.0
2403.0 0.0
2404.0 0.0
2405.0 0.0
2406.0 0.0
2407.0 0.0
2408.0 0.0
2409.0 0.0
2410.0 0.0
2411.0 0.0
2412.0 0.0
2413.0 0.0
2414.0 0.0
2415.0 0.0
2416.0 0.0
2417.0 0.0
2418.0 0.0
2419.0 0.0
2420.0 0.0
2421.0 0.0
2422.0 0.0
2423.0 0.0
2424.0 0.0
2425.0 0.0
2426.0 0.0
2427.0 0.0
2428.0 0.0
2429.0 0.0
2430.0 0.0
2431.0 0.0
2432.0 0.0
2433.0 0.0
2434.0 0.0
2435.0 0.0
2436.0 0.0
2437.0 0.0
2438.0 0.0
2439.0 0.0
2440.0 0.0
2441.0 0.0
2442.0 0.0
2443.0 0.0
2444.0 0.0
2445.0 0.0
2446.0 0.0
2447.0 0.0
2448.0 0.0
2449.0 0.0
2450.0 0.0
2451.0 0.0
2452.0 0.0
2453.0 0.0
2454.0 0.0
2455.0 0.0
2456.0 0.0
2457.0 0.0
2458.0 0.0
2459.0 0.0
2460.0 0.0
2461.0 0.0
2462.0 0.0
2463.0 0.0
2464.0 0.0
2465.0 0.0
2466.0 0.0
2467.0 0.0
2468.0 0.0
2469.0 0.0
2470.0 0.0
2471.0 0.0
2472.0 0.0
2473.0 0.0
2474.0 0.0
2475.0 0.0
2476.0 0.0
2477.0 0.0
2478.0 0.0
2479.0 0.0
2480.0 0.0
2481.0 0.0
2482.0 0.0
2483.0 0.0
2484.0 0.0
2485.0 0.0
2486.0 0.0
2487.0 0.0
2488.0 0.0
2489.0 0.0
2490.0 0.0
2491.0 0.0
2492.0 0.0
2493.0 0.0
2494.0 0.0
2495.0 0.0
2496.0 0.0
2497.0 0.0
2498.0 0.0
2499.0 0.0
2500.0 0.0
2501.0 0.0
2502.0 0.0
2503.0 0.0
2504.0 0.0
2505.0 0.0
2506.0 0.0
2507.0 0.0
2508.0 0.0
2509.0 0.0
2510.0 0.0
2511.0 0.0
2512.0 0.0
2513.0 0.0
2514.0 0.0
2515.0 0.0
2516.0 0.0
2517.0 0.0
2518.0 0.0
2519.0 0.0
2520.0 0.0
2521.0 0.0
2522.0 0.0
2523.0 0.0
2524.0 0.0
2525.0 0.0
2526.0 0.0
2527.0 0.0
2528.0 0.0
2529.0 0.0
2530.0 0.0
2531.0 0.0
2532.0 0.0
2533.0 0.0
2534.0 0.0
2535.0 0.0
2536.0 0.0
2537.0 0.0
2538.0 0.0
2539.0 0.0
2540.0 0.0
2541.0 0.0
2542.0 0.0
2543.0 0.0
2544.0 0.0
2545.0 0.0
2546.0 0.0
2547.0 0.0
2548.0 0.0
2549.0 0.0
2550.0 0.0
2551.0 0.0
2552.0 0.0
2553.0 0.0
2554.0 0.0
2555.0 0.0
2556.0 0.0
2557.0 0.0
2558.0 0.0
2559.0 0.0
2560.0 0.0
2561.0 0.0
2562.0 0.0
2563.0 0.0
2564.0 0.0
2565.0 0.0
2566.0 0.0
2567.0 0.0
2568.0 0.0
2569.0 0.0
2570.0 0.0
2571.0 0.0
2572.0 0.0
2573.0 0.0
2574.0 0.0
2575.0 0.0
2576.0 0.0
2577.0 0.0
2578.0 0.0
2579.0 0.0
2580.0 0.0
2581.0 0.0
2582.0 0.0
2583.0 0.0
2584.0 0.0
2585.0 0.0
2586.0 0.0
2587.0 0.0
2588.0 0.0
2589.0 0.0
2590.0 0.0
2591.0 0.0
2592.0 0.0
2593.0 0.0
2594.0 0.0
2595.0 0.0
2596.0 0.0
2597.0 0.0
2598.0 0.0
2599.0 0.0
2600.0 0.0
2601.0 0.0
2602.0 0.0
2603.0 0.0
2604.0 0.0
2605.0 0.0
2606.0 0.0
2607.0 0.0
2608.0 0.0
2609.0 0.0
2610.0 0.0
2611.0 0.0
2612.0 0.0
2613.0 0.0
2614.0 0.0
2615.0 0.0
2616.0 0.0
2617.0 0.0
2618.0 0.0
2619.0 0.0
2620.0 0.0
2621.0 0.0
2622.0 0.0
2623.0 0.0
2624.0 0.0
2625.0 0.0
2626.0 0.0
2627.0 0.0
2628.0 0.0
2629.0 0.0
2630.0 0.0
2631.0 0.0
2632.0 0.0
2633.0 0.0
2634.0 0.0
2635.0 0.0
2636.0 0.0
2637.0 0.0
2638.0 0.0
2639.0 0.0
2640.0 0.0
2641.0 0.0
2642.0 0.0
2643.0 0.0
2644.0 0.0
2645.0 0.0
2646.0 0.0
2647.0 0.0
2648.0 0.0
2649.0 0.0
2650.0 0.0
2651.0 0.0
2652.0 0.0
2653.0 0.0
2654.0 0.0
2655.0 0.0
2656.0 0.0
2657.0 0.0
2658.0 0.0
2659.0 0.0
2660.0 0.0
2661.0 0.0
2662.0 0.0
2663.0 0.0
2664.0 0.0
2665.0 0.0
2666.0 0.0
2667.0 0.0
2668.0 0.0
2669.0 0.0
2670.0 0.0
2671.0 0.0
2672.0 0.0
2673.0 0.0
2674.0 0.0
2675.0 0.0
2676.0 0.0
2677.0 0.0
2678.0 0.0
2679.0 0.0
2680.0 0.0
2681.0 0.0
2682.0 0.0
2683.0 0.0
2684.0 0.0
2685.0 0.0
2686.0 0.0
2687.0 0.0
2688.0 0.0
2689.0 0.0
2690.0 0.0
2691.0 0.0
2692.0 0.0
2693.0 0.0
2694.0 0.0
2695.0 0.0
2696.0 0.0
2697.0 0.0
2698.0 0.0
2699.0 0.0
2700.0 0.0
2701.0 0.0
2702.0 0.0
2703.0 0.0
2704.0 0.0
2705.0 0.0
2706.0 0.0
2707.0 0.0
2708.0 0.0
2709.0 0.0
2710.0 0.0
2711.0 0.0
2712.0 0.0
2713.0 0.0
2714.0 0.0
2715.0 0.0
2716.0 0.0
2717.0 0.0
2718.0 0.0
2719.0 0.0
2720.0 0.0
2721.0 0.0
2722.0 0.0
2723.0 0.0
2724.0 0.0
2725.0 0.0
2726.0 0.0
2727.0 0.0
2728.0 0.0
2729.0 0.0
2730.0 0.0
2731.0 0.0
2732.0 0.0
2733.0 0.0
2734.0 0.0
2735.0 0.0
2736.0 0.0
2737.0 0.0
2738.0 0.0
2739.0 0.0
2740.0 0.0
2741.0 0.0
2742.0 0.0
2743.0 0.0
2744.0 0.0
2745.0 0.0
2746.0 0.0
2747.0 0.0
2748.0 0.0
2749.0 0.0
2750.0 0.0
2751.0 0.0
2752.0 0.0
2753.0 0.0
2754.0 0.0
2755.0 0.0
2756.0 0.0
2757.0 0.0
2758.0 0.0
2759.0 0.0
2760.0 0.0
2761.0 0.0
2762.0 0.0
2763.0 0.0
2764.0 0.0
2765.0 0.0
2766.0 0.0
2767.0 0.0
2768.0 0.0
2769.0 0.0
2770.0 0.0
2771.0 0.0
2772.0 0.0
2773.0 0.0
2774.0 0.0
2775.0 0.0
2776.0 0.0
2777.0 0.0
2778.0 0.0
2779.0 0.0
2780.0 0.0
2781.0 0.0
2782.0 0.0
2783.0 0.0
2784.0 0.0
2785.0 0.0
2786.0 0.0
2787.0 0.0
2788.0 0.0
2789.0 0.0
2790.0 0.0
2791.0 0.0
2792.0 0.0
2793.0 0.0
2794.0 0.0
2795.0 0.0
2796.0 0.0
2797.0 0.0
2798.0 0.0
2799.0 0.0
2800.0 0.0
2801.0 0.0
2802.0 0.0
2803.0 0.0
2804.0 0.0
2805.0 0.0
2806.0 0.0
2807.0 0.0
2808.0 0.0
2809.0 0.0
2810.0 0.0
2811.0 0.0
2812.0 0.0
2813.0 0.0
2814.0 0.0
2815.0 0.0
2816.0 0.0
2817.0 0.0
2818.0 0.0
2819.0 0.0
2820.0 0.0
2821.0 0.0
2822.0 0.0
2823.0 0.0
2824.0 0.0
2825.0 0.0
2826.0 0.0
2827.0 0.0
2828.0 0.0
2829.0 0.0
2830.0 0.0
2831.0 0.0
2832.0 0.0
2833.0 0.0
2834.0 0.0
2835.0 0.0
2836.0 0.0
2837.0 0.0
2838.0 0.0
2839.0 0.0
2840.0 0.0
2841.0 0.0
2842.0 0.0
2843.0 0.0
2844.0 0.0
2845.0 0.0
2846.0 0.0
2847.0 0.0
2848.0 0.0
2849.0 0.0
2850.0 0.0
2851.0 0.0
2852.0 0.0
2853.0 0.0
2854.0 0.0
2855.0 0.0
2856.0 0.0
2857.0 0.0
2858.0 0.0
2859.0 0.0
2860.0 0.0
2861.0 0.0
2862.0 0.0
2863.0 0.0
2864.0 0.0
2865.0 0.0
2866.0 0.0
2867.0 0.0
2868.0 0.0
2869.0 0.0
2870.0 0.0
2871.0 0.0
2872.0 0.0
2873.0 0.0
2874.0 0.0
2875.0 0.0
2876.0 0.0
2877.0 0.0
2878.0 0.0
2879.0 0.0
2880.0 0.0
2881.0 0.0
2882.0 0.0
2883.0 0.0
2884.0 0.0
2885.0 0.0
2886.0 0.0
2887.0 0.0
2888.0 0.0
2889.0 0.0
2890.0 0.0
2891.0 0.0
2892.0 0.0
2893.0 0.0
2894.0 0.0
2895.0 0.0
2896.0 0.0
2897.0 0.0
2898.0 0.0
2899.0 0.0
2900.0 0.0
2901.0 0.0
2902.0 0.0
2903.0 0.0
2904.0 0.0
2905.0 0.0
2906.0 0.0
2907.0 0.0
2908.0 0.0
2909.0 0.0
2910.0 0.0
2911.0 0.0
2912.0 0.0
2913.0 0.0
2914.0 0.0
2915.0 0.0
2916.0 0.0
2917.0 0.0
2918.0 0.0
2919.0 0.0
2920.0 0.0
2921.0 0.0
2922.0 0.0
2923.0 0.0
2924.0 0.0
2925.0 0.0
2926.0 0.0
2927.0 0.0
2928.0 0.0
2929.0 0.0
2930.0 0.0
2931.0 0.0
2932.0 0.0
2933.0 0.0
2934.0 0.0
2935.0 0.0
2936.0 0.0
2937.0 0.0
2938.0 0.0
2939.0 0.0
2940.0 0.0
2941.0 0.0
2942.0 0.0
2943.0 0.0
2944.0 0.0
2945.0 0.0
2946.0 0.0
2947.0 0.0
2948.0 0.0
2949.0 0.0
2950.0 0.0
2951.0 0.0
2952.0 0.0
2953.0 0.0
2954.0 0.0
2955.0 0.0
2956.0 0.0
2957.0 0.0
2958.0 0.0
2959.0 0.0
2960.0 0.0
2961.0 0.0
2962.0 0.0
2963.0 0.0
2964.0 0.0
2965.0 0.0
2966.0 0.0
2967.0 0.0
2968.0 0.0
2969.0 0.0
2970.0 0.0
2971.0 0.0
2972.0 0.0
2973.0 0.0
2974.0 0.0
2975.0 0.0
2976.0 0.0
2977.0 0.0
2978.0 0.0
2979.0 0.0
2980.0 0.0
2981.0 0.0
2982.0 0.0
2983.0 0.0
2984.0 0.0
2985.0 0.0
2986.0 0.0
2987.0 0.0
2988.0 0.0
2989.0 0.0
2990.0 0.0
2991.0 0.0
2992.0 0.0
2993.0 0.0
2994.0 0.0
2995.0 0.0
2996.0 0.0
2997.0 0.0
2998.0 0.0
2999.0 0.0
3000.0 0.0
3001.0 0.0
3002.0 0.0
3003.0 0.0
3004.0 0.0
3005.0 0.0
3006.0 0.0
3007.0 0.0
3008.0 0.0
3009.0 0.0
3010.0 0.0
3011.0 0.0
3012.0 0.0
3013.0 0.0
3014.0 0.0
3015.0 0.0
3016.0 0.0
3017.0 0.0
3018.0 0.0
3019.0 0.0
3020.0 0.0
3021.0 0.0
3022.0 0.0
3023.0 0.0
3024.0 0.0
3025.0 0.0
3026.0 0.0
3027.0 0.0
3028.0 0.0
3029.0 0.0
3030.0 0.0
3031.0 0.0
3032.0 0.0
3033.0 0.0
3034.0 0.0
3035.0 0.0
3036.0 0.0
3037.0 0.0
3038.0 0.0
3039.0 0.0
3040.0 0.0
3041.0 0.0
3042.0 0.0
3043.0 0.0
3044.0 0.0
3045.0 0.0
3046.0 0.0
3047.0 0.0
3048.0 0.0
3049.0 0.0
3050.0 0.0
3051.0 0.0
3052.0 0.0
3053.0 0.0
3054.0 0.0
3055.0 0.0
3056.0 0.0
3057.0 0.0
3058.0 0.0
3059.0 0.0
3060.0 0.0
3061.0 0.0
3062.0 0.0
3063.0 0.0
3064.0 0.0
3065.0 0.0
3066.0 0.0
3067.0 0.0
3068.0 0.0
3069.0 0.0
3070.0 0.0
3071.0 0.0
3072.0 0.0
3073.0 0.0
3074.0 0.0
3075.0 0.0
3076.0 0.0
3077.0 0.0
3078.0 0.0
3079.0 0.0
3080.0 0.0
3081.0 0.0
3082.0 0.0
3083.0 0.0
3084.0 0.0
3085.0 0.0
3086.0 0.0
3087.0 0.0
3088.0 0.0
3089.0 0.0
3090.0 0.0
3091.0 0.0
3092.0 0.0
3093.0 0.0
3094.0 0.0
3095.0 0.0
3096.0 0.0
3097.0 0.0
3098.0 0.0
3099.0 0.0
3100.0 0.0
3101.0 0.0
3102.0 0.0
3103.0 0.0
3104.0 0.0
3105.0 0.0
3106.0 0.0
3107.0 0.0
3108.0 0.0
3109.0 0.0
3110.0 0.0
3111.0 0.0
3112.0 0.0
3113.0 0.0
3114.0 0.0
3115.0 0.0
3116.0 0.0
3117.0 0.0
3118.0 0.0
3119.0 0.0
3120.0 0.0
3121.0 0.0
3122.0 0.0
3123.0 0.0
3124.0 0.0
3125.0 0.0
3126.0 0.0
3127.0 0.0
3128.0 0.0
3129.0 0.0
3130.0 0.0
3131.0 0.0
3132.0 0.0
3133.0 0.0
3134.0 0.0
3135.0 0.0
3136.0 0.0
3137.0 0.0
3138.0 0.0
3139.0 0.0
3140.0 0.0
3141.0 0.0
3142.0 0.0
3143.0 0.0
3144.0 0.0
3145.0 0.0
3146.0 0.0
3147.0 0.0
3148.0 0.0
3149.0 0.0
3150.0 0.0
3151.0 0.0
3152.0 0.0
3153.0 0.0
3154.0 0.0
3155.0 0.0
3156.0 0.0
3157.0 0.0
3158.0 0.0
3159.0 0.0
3160.0 0.0
3161.0 0.0
3162.0 0.0
3163.0 0.0
3164.0 0.0
3165.0 0.0
3166.0 0.0
3167.0 0.0
3168.0 0.0
3169.0 0.0
3170.0 0.0
3171.0 0.0
3172.0 0.0
3173.0 0.0
3174.0 0.0
3175.0 0.0
3176.0 0.0
3177.0 0.0
3178.0 0.0
3179.0 0.0
3180.0 0.0
3181.0 0.0
3182.0 0.0
3183.0 0.0
3184.0 0.0
3185.0 0.0
3186.0 0.0
3187.0 0.0
3188.0 0.0
3189.0 0.0
3190.0 0.0
3191.0 0.0
3192.0 0.0
3193.0 0.0
3194.0 0.0
3195.0 0.0
3196.0 0.0
3197.0 0.0
3198.0 0.0
3199.0 0.0
3200.0 0.0
3201.0 0.0
3202.0 0.0
3203.0 0.0
3204.0 0.0
3205.0 0.0
3206.0 0.0
3207.0 0.0
3208.0 0.0
3209.0 0.0
3210.0 0.0
3211.0 0.0
3212.0 0.0
3213.0 0.0
3214.0 0.0
3215.0 0.0
3216.0 0.0
3217.0 0.0
3218.0 0.0
3219.0 0.0
3220.0 0.0
3221.0 0.0
3222.0 0.0
3223.0 0.0
3224.0 0.0
3225.0 0.0
3226.0 0.0
3227.0 0.0
3228.0 0.0
3229.0 0.0
3230.0 0.0
3231.0 0.0
3232.0 0.0
3233.0 0.0
3234.0 0.0
3235.0 0.0
3236.0 0.0
3237.0 0.0
3238.0 0.0
3239.0 0.0
3240.0 0.0
3241.0 0.0
3242.0 0.0
3243.0 0.0
3244.0 0.0
3245.0 0.0
3246.0 0.0
3247.0 0.0
3248.0 0.0
3249.0 0.0
3250.0 0.0
3251.0 0.0
3252.0 0.0
3253.0 0.0
3254.0 0.0
3255.0 0.0
3256.0 0.0
3257.0 0.0
3258.0 0.0
3259.0 0.0
3260.0 0.0
3261.0 0.0
3262.0 0.0
3263.0 0.0
3264.0 0.0
3265.0 0.0
3266.0 0.0
3267.0 0.0
3268.0 0.0
3269.0 0.0
3270.0 0.0
3271.0 0.0
3272.0 0.0
3273.0 0.0
3274.0 0.0
3275.0 0.0
3276.0 0.0
3277.0 0.0
3278.0 0.0
3279.0 0.0
3280.0 0.0
3281.0 0.0
3282.0 0.0
3283.0 0.0
3284.0 0.0
3285.0 0.0
3286.0 0.0
3287.0 0.0
3288.0 0.0
3289.0 0.0
3290.0 0.0
3291.0 0.0
3292.0 0.0
3293.0 0.0
3294.0 0.0
3295.0 0.0
3296.0 0.0
3297.0 0.0
3298.0 0.0
3299.0 0.0
3300.0 0.0
3301.0 0.0
3302.0 0.0
3303.0 0.0
3304.0 0.0
3305.0 0.0
3306.0 0.0
3307.0 0.0
3308.0 0.0
3309.0 0.0
3310.0 0.0
3311.0 0.0
3312.0 0.0
3313.0 0.0
3314.0 0.0
3315.0 0.0
3316.0 0.0
3317.0 0.0
3318.0 0.0
3319.0 0.0
3320.0 0.0
3321.0 0.0
3322.0 0.0
3323.0 0.0
3324.0 0.0
3325.0 0.0
3326.0 0.0
3327.0 0.0
3328.0 0.0
3329.0 0.0
3330.0 0.0
3331.0 0.0
3332.0 0.0
3333.0 0.0
3334.0 0.0
3335.0 0.0
3336.0 0.0
3337.0 0.0
3338.0 0.0
3339.0 0.0
3340.0 0.0
3341.0 0.0
3342.0 0.0
3343.0 0.0
3344.0 0.0
3345.0 0.0
3346.0 0.0
3347.0 0.0
3348.0 0.0
3349.0 0.0
3350.0 0.0
3351.0 0.0
3352.0 0.0
3353.0 0.0
3354.0 0.0
3355.0 0.0
3356.0 0.0
3357.0 0.0
3358.0 0.0
3359.0 0.0
3360.0 0.0
3361.0 0.0
3362.0 0.0
3363.0 0.0
3364.0 0.0
3365.0 0.0
3366.0 0.0
3367.0 0.0
3368.0 0.0
3369.0 0.0
3370.0 0.0
3371.0 0.0
3372.0 0.0
3373.0 0.0
3374.0 0.0
3375.0 0.0
3376.0 0.0
3377.0 0.0
3378.0 0.0
3379.0 0.0
3380.0 0.0
3381.0 0.0
3382.0 0.0
3383.0 0.0
3384.0 0.0
3385.0 0.0
3386.0 0.0
3387.0 0.0
3388.0 0.0
3389.0 0.0
3390.0 0.0
3391.0 0.0
3392.0 0.0
3393.0 0.0
3394.0 0.0
3395.0 0.0
3396.0 0.0
3397.0 0.0
3398.0 0.0
3399.0 0.0
3400.0 0.0
3401.0 0.0
3402.0 0.0
3403.0 0.0
3404.0 0.0
3405.0 0.0
3406.0 0.0
3407.0 0.0
3408.0 0.0
3409.0 0.0
3410.0 0.0
3411.0 0.0
3412.0 0.0
3413.0 0.0
3414.0 0.0
3415.0 0.0
3416.0 0.0
3417.0 0.0
3418.0 0.0
3419.0 0.0
3420.0 0.0
3421.0 0.0
3422.0 0.0
3423.0 0.0
3424.0 0.0
3425.0 0.0
3426.0 0.0
3427.0 0.0
3428.0 0.0
3429.0 0.0
3430.0 0.0
3431.0 0.0
3432.0 0.0
3433.0 0.0
3434.0 0.0
3435.0 0.0
3436.0 0.0
3437.0 0.0
3438.0 0.0
3439.0 0.0
3440.0 0.0
3441.0 0.0
3442.0 0.0
3443.0 0.0
3444.0 0.0
3445.0 0.0
3446.0 0.0
3447.0 0.0
3448.0 0.0
3449.0 0.0
3450.0 0.0
3451.0 0.0
3452.0 0.0
3453.0 0.0
3454.0 0.0
3455.0 0.0
3456.0 0.0
3457.0 0.0
3458.0 0.0
3459.0 0.0
3460.0 0.0
3461.0 0.0
3462.0 0.0
3463.0 0.0
3464.0 0.0
3465.0 0.0
3466.0 0.0
3467.0 0.0
3468.0 0.0
3469.0 0.0
3470.0 0.0
3471.0 0.0
3472.0 0.0
3473.0 0.0
3474.0 0.0
3475.0 0.0
3476.0 0.0
3477.0 0.0
3478.0 0.0
3479.0 0.0
3480.0 0.0
3481.0 0.0
3482.0 0.0
3483.0 0.0
3484.0 0.0
3485.0 0.0
3486.0 0.0
3487.0 0.0
3488.0 0.0
3489.0 0.0
3490.0 0.0
3491.0 0.0
3492.0 0.0
3493.0 0.0
3494.0 0.0
3495.0 0.0
3496.0 0.0
3497.0 0.0
3498.0 0.0
3499.0 0.0
3500.0 0.0
3501.0 0.0
3502.0 0.0
3503.0 0.0
3504.0 0.0
3505.0 0.0
3506.0 0.0
3507.0 0.0
3508.0 0.0
3509.0 0.0
3510.0 0.0
3511.0 0.0
3512.0 0.0
3513.0 0.0
3514.0 0.0
3515.0 0.0
3516.0 0.0
3517.0 0.0
3518.0 0.0
3519.0 0.0
3520.0 0.0
3521.0 0.0
3522.0 0.0
3523.0 0.0
3524.0 0.0
3525.0 0.0
3526.0 0.0
3527.0 0.0
3528.0 0.0
3529.0 0.0
3530.0 0.0
3531.0 0.0
3532.0 0.0
3533.0 0.0
3534.0 0.0
3535.0 0.0
3536.0 0.0
3537.0 0.0
3538.0 0.0
3539.0 0.0
3540.0 0.0
3541.0 0.0
3542.0 0.0
3543.0 0.0
3544.0 0.0
3545.0 0.0
3546.0 0.0
3547.0 0.0
3548.0 0.0
3549.0 0.0
3550.0 0.0
3551.0 0.0
3552.0 0.0
3553.0 0.0
3554.0 0.0
3555.0 0.0
3556.0 0.0
3557.0 0.0
3558.0 0.0
3559.0 0.0
3560.0 0.0
3561.0 0.0
3562.0 0.0
3563.0 0.0
3564.0 0.0
3565.0 0.0
3566.0 0.0
3567.0 0.0
3568.0 0.0
3569.0 0.0
3570.0 0.0
3571.0 0.0
3572.0 0.0
3573.0 0.0
3574.0 0.0
3575.0 0.0
3576.0 0.0
3577.0 0.0
3578.0 0.0
3579.0 0.0
3580.0 0.0
3581.0 0.0
3582.0 0.0
3583.0 0.0
3584.0 0.0
3585.0 0.0
3586.0 0.0
3587.0 0.0
3588.0 0.0
3589.0 0.0
3590.0 0.0
3591.0 0.0
3592.0 0.0
3593.0 0.0
3594.0 0.0
3595.0 0.0
3596.0 0.0
3597.0 0.0
3598.0 0.0
3599.0 0.0
3600.0 0.0
3601.0 0.0
3602.0 0.0
3603.0 0.0
3604.0 0.0
3605.0 0.0
3606.0 0.0
3607.0 0.0
3608.0 0.0
3609.0 0.0
3610.0 0.0
3611.0 0.0
3612.0 0.0
3613.0 0.0
3614.0 0.0
3615.0 0.0
3616.0 0.0
3617.0 0.0
3618.0 0.0
3619.0 0.0
3620.0 0.0
3621.0 0.0
3622.0 0.0
3623.0 0.0
3624.0 0.0
3625.0 0.0
3626.0 0.0
3627.0 0.0
3628.0 0.0
3629.0 0.0
3630.0 0.0
3631.0 0.0
3632.0 0.0
3633.0 0.0
3634.0 0.0
3635.0 0.0
3636.0 0.0
3637.0 0.0
3638.0 0.0
3639.0 0.0
3640.0 0.0
3641.0 0.0
3642.0 0.0
3643.0 0.0
3644.0 0.0
3645.0 0.0
3646.0 0.0
3647.0 0.0
3648.0 0.0
3649.0 0.0
3650.0 0.0
3651.0 0.0
3652.0 0.0
3653.0 0.0
3654.0 0.0
3655.0 0.0
3656.0 0.0
3657.0 0.0
3658.0 0.0
3659.0 0.0
3660.0 0.0
3661.0 0.0
3662.0 0.0
3663.0 0.0
3664.0 0.0
3665.0 0.0
3666.0 0.0
3667.0 0.0
3668.0 0.0
3669.0 0.0
3670.0 0.0
3671.0 0.0
3672.0 0.0
3673.0 0.0
3674.0 0.0
3675.0 0.0
3676.0 0.0
3677.0 0.0
3678.0 0.0
3679.0 0.0
3680.0 0.0
3681.0 0.0
3682.0 0.0
3683.0 0.0
3684.0 0.0
3685.0 0.0
3686.0 0.0
3687.0 0.0
3688.0 0.0
3689.0 0.0
3690.0 0.0
3691.0 0.0
3692.0 0.0
3693.0 0.0
3694.0 0.0
3695.0 0.0
3696.0 0.0
3697.0 0.0
3698.0 0.0
3699.0 0.0
3700.0 0.0
3701.0 0.0
3702.0 0.0
3703.0 0.0
3704.0 0.0
3705.0 0.0
3706.0 0.0
3707.0 0.0
3708.0 0.0
3709.0 0.0
3710.0 0.0
3711.0 0.0
3712.0 0.0
3713.0 0.0
3714.0 0.0
3715.0 0.0
3716.0 0.0
3717.0 0.0
3718.0 0.0
3719.0 0.0
3720.0 0.0
3721.0 0.0
3722.0 0.0
3723.0 0.0
3724.0 0.0
3725.0 0.0
3726.0 0.0
3727.0 0.0
3728.0 0.0
3729.0 0.0
3730.0 0.0
3731.0 0.0
3732.0 0.0
3733.0 0.0
3734.0 0.0
3735.0 0.0
3736.0 0.0
3737.0 0.0
3738.0 0.0
3739.0 0.0
3740.0 0.0
3741.0 0.0
3742.0 0.0
3743.0 0.0
3744.0 0.0
3745.0 0.0
3746.0 0.0
3747.0 0.0
3748.0 0.0
3749.0 0.0
3750.0 0.0
3751.0 0.0
3752.0 0.0
3753.0 0.0
3754.0 0.0
3755.0 0.0
3756.0 0.0
3757.0 0.0
3758.0 0.0
3759.0 0.0
3760.0 0.0
3761.0 0.0
3762.0 0.0
3763.0 0.0
3764.0 0.0
3765.0 0.0
3766.0 0.0
3767.0 0.0
3768.0 0.0
3769.0 0.0
3770.0 0.0
3771.0 0.0
3772.0 0.0
3773.0 0.0
3774.0 0.0
3775.0 0.0
3776.0 0.0
3777.0 0.0
3778.0 0.0
3779.0 0.0
3780.0 0.0
3781.0 0.0
3782.0 0.0
3783.0 0.0
3784.0 0.0
3785.0 0.0
3786.0 0.0
3787.0 0.0
3788.0 0.0
3789.0 0.0
3790.0 0.0
3791.0 0.0
3792.0 0.0
3793.0 0.0
3794.0 0.0
3795.0 0.0
3796.0 0.0
3797.0 0.0
3798.0 0.0
3799.0 0.0
3800.0 0.0
3801.0 0.0
3802.0 0.0
3803.0 0.0
3804.0 0.0
3805.0 0.0
3806.0 0.0
3807.0 0.0
3808.0 0.0
3809.0 0.0
3810.0 0.0
3811.0 0.0
3812.0 0.0
3813.0 0.0
3814.0 0.0
3815.0 0.0
3816.0 0.0
3817.0 0.0
3818.0 0.0
3819.0 0.0
3820.0 0.0
3821.0 0.0
3822.0 0.0
3823.0 0.0
3824.0 0.0
3825.0 0.0
3826.0 0.0
3827.0 0.0
3828.0 0.0
3829.0 0.0
3830.0 0.0
3831.0 0.0
3832.0 0.0
3833.0 0.0
3834.0 0.0
3835.0 0.0
3836.0 0.0
3837.0 0.0
3838.0 0.0
3839.0 0.0
3840.0 0.0
3841.0 0.0
3842.0 0.0
3843.0 0.0
3844.0 0.0
3845.0 0.0
3846.0 0.0
3847.0 0.0
3848.0 0.0
3849.0 0.0
3850.0 0.0
3851.0 0.0
3852.0 0.0
3853.0 0.0
3854.0 0.0
3855.0 0.0
3856.0 0.0
3857.0 0.0
3858.0 0.0
3859.0 0.0
3860.0 0.0
3861.0 0.0
3862.0 0.0
3863.0 0.0
3864.0 0.0
3865.0 0.0
3866.0 0.0
3867.0 0.0
3868.0 0.0
3869.0 0.0
3870.0 0.0
3871.0 0.0
3872.0 0.0
3873.0 0.0
3874.0 0.0
3875.0 0.0
3876.0 0.0
3877.0 0.0
3878.0 0.0
3879.0 0.0
3880.0 0.0
3881.0 0.0
3882.0 0.0
3883.0 0.0
3884.0 0.0
3885.0 0.0
3886.0 0.0
3887.0 0.0
3888.0 0.0
3889.0 0.0
3890.0 0.0
3891.0 0.0
3892.0 0.0
3893.0 0.0
3894.0 0.0
3895.0 0.0
3896.0 0.0
3897.0 0.0
3898.0 0.0
3899.0 0.0
3900.0 0.0
3901.0 0.0
3902.0 0.0
3903.0 0.0
3904.0 0.0
3905.0 0.0
3906.0 0.0
3907.0 0.0
3908.0 0.0
3909.0 0.0
3910.0 0.0
3911.0 0.0
3912.0 0.0
3913.0 0.0
3914.0 0.0
3915.0 0.0
3916.0 0.0
3917.0 0.0
3918.0 0.0
3919.0 0.0
3920.0 0.0
3921.0 0.0
3922.0 0.0
3923.0 0.0
3924.0 0.0
3925.0 0.0
3926.0 0.0
3927.0 0.0
3928.0 0.0
3929.0 0.0
3930.0 0.0
3931.0 0.0
3932.0 0.0
3933.0 0.0
3934.0 0.0
3935.0 0.0
3936.0 0.0
3937.0 0.0
3938.0 0.0
3939.0 0.0
3940.0 0.0
3941.0 0.0
3942.0 0.0
3943.0 0.0
3944.0 0.0
3945.0 0.0
3946.0 0.0
3947.0 0.0
3948.0 0.0
3949.0 0.0
3950.0 0.0
3951.0 0.0
3952.0 0.0
3953.0 0.0
3954.0 0.0
3955.0 0.0
3956.0 0.0
3957.0 0.0
3958.0 0.0
3959.0 0.0
3960.0 0.0
3961.0 0.0
3962.0 0.0
3963.0 0.0
3964.0 0.0
3965.0 0.0
3966.0 0.0
3967.0 0.0
3968.0 0.0
3969.0 0.0
3970.0 0.0
3971.0 0.0
3972.0 0.0
3973.0 0.0
3974.0 0.0
3975.0 0.0
3976.0 0.0
3977.0 0.0
3978.0 0.0
3979.0 0.0
3980.0 0.0
3981.0 0.0
3982.0 0.0
3983.0 0.0
3984.0 0.0
3985.0 0.0
3986.0 0.0
3987.0 0.0
3988.0 0.0
3989.0 0.0
3990.0 0.0
3991.0 0.0
3992.0 0.0
3993.0 0.0
3994.0 0.0
3995.0 0.0
3996.0 0.0
3997.0 0.0
3998.0 0.0
3999.0 0.0
4000.0 0.0
4001.0 0.0
4002.0 0.0
4003.0 0.0
4004.0 0.0
4005.0 0.0
4006.0 0.0
4007.0 0.0
4008.0 0.0
4009.0 0.0
4010.0 0.0
4011.0 0.0
4012.0 0.0
4013.0 0.0
4014.0 0.0
4015.0 0.0
4016.0 0.0
4017.0 0.0
4018.0 0.0
4019.0 0.0
4020.0 0.0
4021.0 0.0
4022.0 0.0
4023.0 0.0
4024.0 0.0
4025.0 0.0
4026.0 0.0
4027.0 0.0
4028.0 0.0
4029.0 0.0
4030.0 0.0
4031.0 0.0
4032.0 0.0
4033.0 0.0
4034.0 0.0
4035.0 0.0
4036.0 0.0
4037.0 0.0
4038.0 0.0
4039.0 0.0
4040.0 0.0
