1.0 42.67690968513489
2.0 42.70302927494049
3.0 42.64597702026367
4.0 42.69763934612274
5.0 42.79745697975159
6.0 42.91350734233856
7.0 43.0551974773407
8.0 43.22769558429718
9.0 43.26353895664215
10.0 43.325889348983765
11.0 43.34158098697662
12.0 43.29414427280426
13.0 43.25805878639221
14.0 43.36698341369629
15.0 43.41654658317566
16.0 43.34686017036438
17.0 43.38907873630524
18.0 43.265690326690674
19.0 43.27794682979584
20.0 43.18022859096527
21.0 43.003379344940186
22.0 43.077743887901306
23.0 43.20341336727142
24.0 43.33896064758301
25.0 43.43237566947937
26.0 43.59895157814026
27.0 43.71623647212982
28.0 43.779974937438965
29.0 43.729483127593994
30.0 43.61632192134857
31.0 43.67263877391815
32.0 43.657570123672485
33.0 43.59918463230133
34.0 43.38888943195343
35.0 43.35206937789917
36.0 43.278276801109314
37.0 43.29648423194885
38.0 43.21745419502258
39.0 43.09996235370636
40.0 42.88229513168335
41.0 42.819581627845764
42.0 42.72743630409241
43.0 42.69496953487396
44.0 42.54378688335419
45.0 42.416454911231995
46.0 42.270299792289734
47.0 42.11691188812256
48.0 42.13424634933472
49.0 42.15054750442505
50.0 42.200897216796875
51.0 42.35658383369446
52.0 42.40932607650757
53.0 42.39660429954529
54.0 42.34558629989624
55.0 42.352790117263794
56.0 42.33542478084564
57.0 42.22187316417694
58.0 42.06156301498413
59.0 41.801413893699646
60.0 41.650511264801025
61.0 41.42132210731506
62.0 41.30210781097412
63.0 41.14056885242462
64.0 41.033132672309875
65.0 40.96477687358856
66.0 40.88155472278595
67.0 40.82048034667969
68.0 40.76747989654541
69.0 40.635841965675354
70.0 40.47948622703552
71.0 40.5347843170166
72.0 40.475637674331665
73.0 40.35430860519409
74.0 40.35043501853943
75.0 40.31583523750305
76.0 40.3308402299881
77.0 40.22078192234039
78.0 40.20450270175934
79.0 40.13922119140625
80.0 40.219547510147095
81.0 40.275864601135254
82.0 40.20071983337402
83.0 40.45810604095459
84.0 40.515515089035034
85.0 40.530641078948975
86.0 40.57703101634979
87.0 40.556856870651245
88.0 40.595004200935364
89.0 40.68338680267334
90.0 40.70932853221893
91.0 40.761505126953125
92.0 40.899858474731445
93.0 41.02320146560669
94.0 41.10800397396088
95.0 41.240880846977234
96.0 41.218913435935974
97.0 41.180400133132935
98.0 41.26760280132294
99.0 41.28723168373108
100.0 41.35907793045044
101.0 41.44988751411438
102.0 41.482322692871094
103.0 41.570406556129456
104.0 41.58347523212433
105.0 41.62426745891571
106.0 41.5924916267395
107.0 41.45414686203003
108.0 41.53208327293396
109.0 41.60897886753082
110.0 41.817094683647156
111.0 41.926281094551086
112.0 42.0393648147583
113.0 42.18686592578888
114.0 42.30291020870209
115.0 42.42414355278015
116.0 42.588528633117676
117.0 42.88033640384674
118.0 43.02665591239929
119.0 43.276076436042786
120.0 43.40431749820709
121.0 43.40687119960785
122.0 43.37647330760956
123.0 43.34401321411133
124.0 43.29413056373596
125.0 43.18147933483124
126.0 43.122642278671265
127.0 42.94869387149811
128.0 42.92130768299103
129.0 42.62752449512482
130.0 42.44017708301544
131.0 42.32376027107239
132.0 42.29005992412567
133.0 42.31304144859314
134.0 42.44678556919098
135.0 42.531805753707886
136.0 42.57370698451996
137.0 42.410863757133484
138.0 42.47017323970795
139.0 42.662330746650696
140.0 42.88900864124298
141.0 43.27599239349365
142.0 43.554542779922485
143.0 43.864136815071106
144.0 44.08054053783417
145.0 44.36577105522156
146.0 44.258615136146545
147.0 44.29479968547821
148.0 44.13645386695862
149.0 44.00460934638977
150.0 43.93909478187561
151.0 43.75621473789215
152.0 43.65709114074707
153.0 43.54507267475128
154.0 43.285370230674744
155.0 43.12570011615753
156.0 42.8715215921402
157.0 42.807573437690735
158.0 42.86049163341522
159.0 42.99317121505737
160.0 43.12515461444855
161.0 43.41627311706543
162.0 43.49667835235596
163.0 43.66891932487488
164.0 43.8324191570282
165.0 43.80474841594696
166.0 43.945186614990234
167.0 43.95890486240387
168.0 43.90839338302612
169.0 44.0264538526535
170.0 44.085232853889465
171.0 44.059983134269714
172.0 44.119155526161194
173.0 44.30117332935333
174.0 44.228251218795776
175.0 44.01739025115967
176.0 43.85329747200012
177.0 43.58351993560791
178.0 43.45970380306244
179.0 43.2347537279129
180.0 43.07922124862671
181.0 42.95586681365967
182.0 42.83299219608307
183.0 42.69344174861908
184.0 42.45807194709778
185.0 42.363542675971985
186.0 42.13370633125305
187.0 41.99065113067627
188.0 41.835309863090515
189.0 41.77326416969299
190.0 41.62256586551666
191.0 41.46499526500702
192.0 41.516719579696655
193.0 41.36236846446991
194.0 41.31930148601532
195.0 41.22644531726837
196.0 41.20065248012543
197.0 41.08049941062927
198.0 40.98034417629242
199.0 40.71136724948883
200.0 40.539819955825806
201.0 40.33985483646393
202.0 40.14906656742096
203.0 39.99944245815277
204.0 40.004162073135376
205.0 40.00624465942383
206.0 40.014575719833374
207.0 39.90563726425171
208.0 39.807819962501526
209.0 39.76860821247101
210.0 39.64625906944275
211.0 39.56079375743866
212.0 39.50764811038971
213.0 39.35262405872345
214.0 39.23733854293823
215.0 39.16073131561279
216.0 39.12587070465088
217.0 39.05921030044556
218.0 39.04418909549713
219.0 39.059245109558105
220.0 39.078200340270996
221.0 39.14817821979523
222.0 39.242308259010315
223.0 39.25301396846771
224.0 39.264230251312256
225.0 39.310616970062256
226.0 39.33799648284912
227.0 39.24212038516998
228.0 39.27591395378113
229.0 39.20651865005493
230.0 39.03751742839813
231.0 38.99699652194977
232.0 38.973684668540955
233.0 38.83407199382782
234.0 38.767035603523254
235.0 38.73049187660217
236.0 38.756662011146545
237.0 38.81976544857025
238.0 38.82620298862457
239.0 38.79124617576599
240.0 38.72102093696594
241.0 38.7530083656311
242.0 38.68862843513489
243.0 38.594048500061035
244.0 38.427650928497314
245.0 38.45724058151245
246.0 38.49122333526611
247.0 38.461856961250305
248.0 38.47761332988739
249.0 38.48966300487518
250.0 38.589051842689514
251.0 38.72260081768036
252.0 38.78792595863342
253.0 38.8618358373642
254.0 38.9886668920517
255.0 38.96139144897461
256.0 38.87455487251282
257.0 38.93563210964203
258.0 39.0015823841095
259.0 39.05215859413147
260.0 39.010181307792664
261.0 38.880136251449585
262.0 38.8583881855011
263.0 38.73815321922302
264.0 38.71258270740509
265.0 38.63143348693848
266.0 38.62453353404999
267.0 38.61937963962555
268.0 38.72860765457153
269.0 38.87817430496216
270.0 39.080299377441406
271.0 39.13067388534546
272.0 39.089784264564514
273.0 39.12031412124634
274.0 39.20145404338837
275.0 39.272392988204956
276.0 39.330482840538025
277.0 39.38490378856659
278.0 39.59568750858307
279.0 39.74313759803772
280.0 39.74017405509949
281.0 39.874027967453
282.0 39.947643876075745
283.0 40.019561886787415
284.0 40.12950241565704
285.0 40.16853880882263
286.0 40.36214339733124
287.0 40.39479303359985
288.0 40.51022672653198
289.0 40.622153997421265
290.0 40.65830338001251
291.0 40.721060276031494
292.0 40.71859514713287
293.0 40.705811977386475
294.0 40.70240378379822
295.0 40.6749392747879
296.0 40.76032102108002
297.0 40.937429308891296
298.0 41.08007192611694
299.0 41.21741604804993
300.0 41.12059438228607
301.0 41.06127393245697
302.0 40.99263525009155
303.0 40.898245453834534
304.0 40.77223753929138
305.0 40.70362913608551
306.0 40.72880721092224
307.0 40.6331787109375
308.0 40.63761758804321
309.0 40.6306848526001
310.0 40.510473132133484
311.0 40.4834600687027
312.0 40.51254141330719
313.0 40.39117121696472
314.0 40.28750443458557
315.0 40.28884303569794
316.0 40.392507910728455
317.0 40.42821490764618
318.0 40.48985838890076
319.0 40.544668793678284
320.0 40.57771921157837
321.0 40.626049876213074
322.0 40.56411027908325
323.0 40.515703082084656
324.0 40.51196086406708
325.0 40.62361490726471
326.0 40.40118420124054
327.0 40.283904790878296
328.0 40.1131716966629
329.0 39.980706095695496
330.0 39.83951139450073
331.0 39.61311686038971
332.0 39.53940141201019
333.0 39.41415727138519
334.0 39.60274159908295
335.0 39.64625573158264
336.0 39.801140666007996
337.0 39.802037358284
338.0 39.91115760803223
339.0 40.13596749305725
340.0 40.441651821136475
341.0 40.79511272907257
342.0 41.10868215560913
343.0 41.81636965274811
344.0 42.207653164863586
345.0 42.536258697509766
346.0 42.83185279369354
347.0 43.05534780025482
348.0 43.23444330692291
349.0 43.281917095184326
350.0 43.30572557449341
351.0 43.00753211975098
352.0 42.958120942115784
353.0 42.63235425949097
354.0 42.63944435119629
355.0 42.7249790430069
356.0 42.87307524681091
357.0 42.964086174964905
358.0 42.84388506412506
359.0 42.68058955669403
360.0 42.39578080177307
361.0 42.29432773590088
362.0 41.68112111091614
363.0 41.434340476989746
364.0 41.30073082447052
365.0 41.09909451007843
366.0 40.912893176078796
367.0 40.82240533828735
368.0 40.83756160736084
369.0 40.70098960399628
370.0 40.92778563499451
371.0 40.51367676258087
372.0 40.36879575252533
373.0 40.33239126205444
374.0 40.33420717716217
375.0 40.334752798080444
376.0 40.36145317554474
377.0 40.24875283241272
378.0 40.05088222026825
379.0 39.61155843734741
380.0 39.0927129983902
381.0 38.71282362937927
382.0 38.49247169494629
383.0 38.432839155197144
384.0 38.418360114097595
385.0 38.414501786231995
386.0 38.37420344352722
387.0 38.34632134437561
388.0 38.049609303474426
389.0 37.78988766670227
390.0 37.626598477363586
391.0 37.577861070632935
392.0 37.50045609474182
393.0 37.36419749259949
394.0 37.276549339294434
395.0 37.221343755722046
396.0 37.15747845172882
397.0 36.98665773868561
398.0 36.742419600486755
399.0 36.64567303657532
400.0 36.478535294532776
401.0 36.25671446323395
402.0 36.02009332180023
403.0 35.774667501449585
404.0 35.58751368522644
405.0 35.4104026556015
406.0 35.270402669906616
407.0 35.11131703853607
408.0 34.89076828956604
409.0 34.65882205963135
410.0 34.55656445026398
411.0 34.30628979206085
412.0 34.21548855304718
413.0 34.20570611953735
414.0 34.27302026748657
415.0 34.43253147602081
416.0 34.38978910446167
417.0 34.419116497039795
418.0 34.48096024990082
419.0 34.689671993255615
420.0 34.90972816944122
421.0 35.00465428829193
422.0 35.107502698898315
423.0 35.17302620410919
424.0 35.44379210472107
425.0 35.465943574905396
426.0 35.443212151527405
427.0 35.44097650051117
428.0 35.386507987976074
429.0 35.180460691452026
430.0 35.06977736949921
431.0 35.06595528125763
432.0 35.151003241539
433.0 35.09869194030762
434.0 34.98304605484009
435.0 34.899709582328796
436.0 34.89287078380585
437.0 34.690301060676575
438.0 34.52156662940979
439.0 34.269476771354675
440.0 33.97789120674133
441.0 33.72353219985962
442.0 33.63980996608734
443.0 33.58393204212189
444.0 33.51685702800751
445.0 33.53409564495087
446.0 33.646933794021606
447.0 33.74839627742767
448.0 33.83684277534485
449.0 33.78844952583313
450.0 33.83919537067413
451.0 33.84809768199921
452.0 33.87379825115204
453.0 33.91487276554108
454.0 34.02184867858887
455.0 34.082337737083435
456.0 34.19994765520096
457.0 34.25685727596283
458.0 34.348744213581085
459.0 34.397536516189575
460.0 34.3943185210228
461.0 34.33968150615692
462.0 34.210332691669464
463.0 34.21974420547485
464.0 34.17418110370636
465.0 34.05000305175781
466.0 34.00906538963318
467.0 34.13031429052353
468.0 34.25037181377411
469.0 34.50039225816727
470.0 34.65204346179962
471.0 34.61963367462158
472.0 34.52243560552597
473.0 34.498879849910736
474.0 34.640130043029785
475.0 34.73232275247574
476.0 34.888550758361816
477.0 35.07841634750366
478.0 35.50124442577362
479.0 35.83225214481354
480.0 36.02592933177948
481.0 36.152216017246246
482.0 36.28409641981125
483.0 36.48501455783844
484.0 36.804967403411865
485.0 37.059989750385284
486.0 37.390310883522034
487.0 37.76183784008026
488.0 38.11185383796692
489.0 38.338505148887634
490.0 38.504438638687134
491.0 38.5439088344574
492.0 38.539881467819214
493.0 38.581743359565735
494.0 38.57712376117706
495.0 38.7200425863266
496.0 38.953815937042236
497.0 39.14332103729248
498.0 39.328272581100464
499.0 39.49746751785278
500.0 39.57621943950653
501.0 39.52601480484009
502.0 39.44405508041382
503.0 39.31130111217499
504.0 39.256266355514526
505.0 39.194979548454285
506.0 38.95160388946533
507.0 38.7486013174057
508.0 38.78356075286865
509.0 38.86837553977966
510.0 38.878445625305176
511.0 38.83838939666748
512.0 38.821977376937866
513.0 38.904292702674866
514.0 38.85068416595459
515.0 38.928627133369446
516.0 38.99165976047516
517.0 38.924166202545166
518.0 38.964754700660706
519.0 38.972302317619324
520.0 39.044140219688416
521.0 39.11603796482086
522.0 38.923890590667725
523.0 38.702436566352844
524.0 38.41250836849213
525.0 38.065704584121704
526.0 37.6759694814682
527.0 37.4237402677536
528.0 37.221076250076294
529.0 37.11065173149109
530.0 36.97243583202362
531.0 36.802399039268494
532.0 36.660699009895325
533.0 36.53200316429138
534.0 36.341353058815
535.0 36.0844349861145
536.0 36.04229974746704
537.0 35.96575391292572
538.0 35.92805099487305
539.0 35.74802827835083
540.0 35.62938117980957
541.0 35.60108542442322
542.0 35.4643235206604
543.0 35.3306667804718
544.0 35.31547212600708
545.0 35.22401213645935
546.0 35.04484808444977
547.0 34.849738001823425
548.0 34.575424671173096
549.0 34.41872990131378
550.0 34.30068624019623
551.0 34.03481304645538
552.0 34.1075724363327
553.0 34.20759999752045
554.0 34.37573206424713
555.0 34.55187165737152
556.0 34.56971597671509
557.0 34.591734528541565
558.0 34.66879618167877
559.0 34.78684377670288
560.0 34.749125480651855
561.0 34.67341423034668
562.0 34.616547644138336
563.0 34.5425460934639
564.0 34.51157367229462
565.0 34.55646467208862
566.0 34.58267390727997
567.0 34.78626239299774
568.0 34.926490128040314
569.0 35.17076063156128
570.0 35.380743861198425
571.0 35.57767057418823
572.0 35.74677073955536
573.0 35.83361089229584
574.0 35.96541905403137
575.0 36.02942216396332
576.0 36.054458022117615
577.0 35.91752827167511
578.0 35.76625406742096
579.0 35.678263425827026
580.0 35.65606951713562
581.0 35.65941655635834
582.0 35.70290231704712
583.0 35.82541465759277
584.0 35.96045422554016
585.0 36.13546407222748
586.0 36.284125566482544
587.0 36.332247734069824
588.0 36.51010882854462
589.0 36.78147506713867
590.0 37.180946469306946
591.0 37.4954948425293
592.0 37.75934851169586
593.0 37.961254715919495
594.0 38.42490291595459
595.0 38.49279570579529
596.0 38.60060274600983
597.0 38.81327784061432
598.0 38.97645342350006
599.0 39.12370049953461
600.0 39.276939272880554
601.0 39.46444475650787
602.0 39.65645754337311
603.0 39.790918946266174
604.0 39.52719986438751
605.0 39.33855104446411
606.0 39.142956137657166
607.0 38.96719300746918
608.0 38.794928550720215
609.0 38.7696498632431
610.0 38.63152742385864
611.0 38.38104224205017
612.0 38.2293084859848
613.0 38.0431045293808
614.0 37.921987533569336
615.0 37.85503327846527
616.0 37.77905344963074
617.0 37.89165198802948
618.0 38.07823729515076
619.0 38.24264943599701
620.0 38.32132387161255
621.0 38.46003305912018
622.0 38.22761881351471
623.0 38.12416923046112
624.0 37.91012465953827
625.0 37.751089692115784
626.0 37.47996747493744
627.0 37.14173781871796
628.0 36.84149122238159
629.0 36.501545906066895
630.0 36.29249703884125
631.0 36.04539084434509
632.0 36.00198292732239
633.0 36.101730942726135
634.0 36.083362340927124
635.0 35.96898424625397
636.0 35.92687106132507
637.0 35.69034457206726
638.0 35.53205859661102
639.0 35.37683594226837
640.0 35.10135042667389
641.0 34.79933273792267
642.0 34.497756242752075
643.0 34.160402059555054
644.0 33.82356947660446
645.0 33.644195914268494
646.0 33.434513568878174
647.0 33.38386803865433
648.0 33.21659368276596
649.0 32.98036086559296
650.0 32.877343356609344
651.0 32.83499890565872
652.0 32.82413023710251
653.0 32.77749413251877
654.0 32.502381920814514
655.0 32.30041712522507
656.0 32.04760414361954
657.0 31.59647160768509
658.0 31.28574001789093
659.0 31.094646692276
660.0 30.835322678089142
661.0 30.588297724723816
662.0 30.435288965702057
663.0 30.303234577178955
664.0 30.117040991783142
665.0 29.926810324192047
666.0 29.5948144197464
667.0 29.1926429271698
668.0 28.925618410110474
669.0 28.61409765481949
670.0 28.358990132808685
671.0 28.167559802532196
672.0 28.013242959976196
673.0 27.82274830341339
674.0 27.608712017536163
675.0 27.462137281894684
676.0 27.318426191806793
677.0 27.271450996398926
678.0 27.1460822224617
679.0 27.09234368801117
680.0 27.06876713037491
681.0 26.919752776622772
682.0 26.85898917913437
683.0 26.850367486476898
684.0 26.797863245010376
685.0 26.817735850811005
686.0 26.91705846786499
687.0 27.00011897087097
688.0 27.065541684627533
689.0 27.1438085436821
690.0 27.200859308242798
691.0 27.152125477790833
692.0 27.103710412979126
693.0 26.912688493728638
694.0 26.892060458660126
695.0 26.93311357498169
696.0 27.087508738040924
697.0 27.266342222690582
698.0 27.471029698848724
699.0 27.54257583618164
700.0 27.689806640148163
701.0 27.917694926261902
702.0 28.165307581424713
703.0 28.2036474943161
704.0 28.45808118581772
705.0 28.906835794448853
706.0 29.151855170726776
707.0 29.438055157661438
708.0 29.73150086402893
709.0 29.851715624332428
710.0 30.18495863676071
711.0 30.525024354457855
712.0 30.693121910095215
713.0 30.958168983459473
714.0 31.185957431793213
715.0 31.22447580099106
716.0 31.425340473651886
717.0 31.60570502281189
718.0 31.80358535051346
719.0 31.969922244548798
720.0 31.868353128433228
721.0 31.870112478733063
722.0 31.856883645057678
723.0 31.844812512397766
724.0 31.778169870376587
725.0 31.81454360485077
726.0 31.82027268409729
727.0 31.81586366891861
728.0 31.687740087509155
729.0 31.35344398021698
730.0 31.244521379470825
731.0 31.008738040924072
732.0 30.894953072071075
733.0 30.940525949001312
734.0 30.87839436531067
735.0 30.93702393770218
736.0 31.020122230052948
737.0 31.001711666584015
738.0 31.031527161598206
739.0 31.211056232452393
740.0 31.33042049407959
741.0 31.43246901035309
742.0 31.571658611297607
743.0 31.54721873998642
744.0 31.48361772298813
745.0 31.44405221939087
746.0 31.434110045433044
747.0 31.43905419111252
748.0 31.32283991575241
749.0 31.231655299663544
750.0 31.14755892753601
751.0 30.98899406194687
752.0 30.89278119802475
753.0 30.742022693157196
754.0 30.54672533273697
755.0 30.516151010990143
756.0 30.450689256191254
757.0 30.269586205482483
758.0 30.04791510105133
759.0 29.98377960920334
760.0 29.859854638576508
761.0 29.75354093313217
762.0 29.707838594913483
763.0 29.619706213474274
764.0 29.589291214942932
765.0 29.43199849128723
766.0 29.45266580581665
767.0 29.351004660129547
768.0 29.37877893447876
769.0 29.436173856258392
770.0 29.514270961284637
771.0 29.512524664402008
772.0 29.533025443553925
773.0 29.491713762283325
774.0 29.411361694335938
775.0 29.462622046470642
776.0 29.46732848882675
777.0 29.51754480600357
778.0 29.497447073459625
779.0 29.556595265865326
780.0 29.60871970653534
781.0 29.729598939418793
782.0 29.815028190612793
783.0 29.93835812807083
784.0 30.029071986675262
785.0 30.13573169708252
786.0 30.34553462266922
787.0 30.55836719274521
788.0 30.777834951877594
789.0 31.065179765224457
790.0 31.2332563996315
791.0 31.48161393404007
792.0 31.698897182941437
793.0 31.769312024116516
794.0 31.947742223739624
795.0 32.06435638666153
796.0 32.2157918214798
797.0 32.28094893693924
798.0 32.459493696689606
799.0 32.67703998088837
800.0 32.80301570892334
801.0 33.00715214014053
802.0 33.07257521152496
803.0 33.2873712182045
804.0 33.48583471775055
805.0 33.64303231239319
806.0 33.78656280040741
807.0 33.93651878833771
808.0 34.064518451690674
809.0 34.278873324394226
810.0 34.52260184288025
811.0 34.65985608100891
812.0 34.809346437454224
813.0 34.99821865558624
814.0 35.13485133647919
815.0 35.23302400112152
816.0 35.31881666183472
817.0 35.41656959056854
818.0 35.45589530467987
819.0 35.45094692707062
820.0 35.55365610122681
821.0 35.57687318325043
822.0 35.83126723766327
823.0 35.93842828273773
824.0 36.07508623600006
825.0 36.211636424064636
826.0 36.22534883022308
827.0 36.25368392467499
828.0 36.42775475978851
829.0 36.551634192466736
830.0 36.57978641986847
831.0 36.67386317253113
832.0 36.7875030040741
833.0 36.88003146648407
834.0 36.95668113231659
835.0 37.00952863693237
836.0 37.04857671260834
837.0 37.011263728141785
838.0 37.085620760917664
839.0 37.11777865886688
840.0 37.130786299705505
841.0 37.13963806629181
842.0 37.14928865432739
843.0 37.22844624519348
844.0 37.360318422317505
845.0 37.53668034076691
846.0 37.61429286003113
847.0 37.771846532821655
848.0 38.016032099723816
849.0 38.16288125514984
850.0 38.32398474216461
851.0 38.44041895866394
852.0 38.68087553977966
853.0 38.87820827960968
854.0 39.10763728618622
855.0 39.200950145721436
856.0 39.210102915763855
857.0 39.238330602645874
858.0 39.27367353439331
859.0 39.216487765312195
860.0 39.19069051742554
861.0 39.273932456970215
862.0 39.22251784801483
863.0 39.30707335472107
864.0 39.32327127456665
865.0 39.451661467552185
866.0 39.50766432285309
867.0 39.49425685405731
868.0 39.48711335659027
869.0 39.582018971443176
870.0 39.6620831489563
871.0 39.62320673465729
872.0 39.43848478794098
873.0 39.27307724952698
874.0 39.14218628406525
875.0 39.04088544845581
876.0 38.865970849990845
877.0 38.85852563381195
878.0 38.78542494773865
879.0 38.78272342681885
880.0 38.74512469768524
881.0 38.83414828777313
882.0 38.88465893268585
883.0 38.878766775131226
884.0 38.83212423324585
885.0 38.830483198165894
886.0 38.91593265533447
887.0 38.892622113227844
888.0 38.826305627822876
889.0 38.71261513233185
890.0 38.71560001373291
891.0 38.52442824840546
892.0 38.587315917015076
893.0 38.67811894416809
894.0 38.76783108711243
895.0 38.85764837265015
896.0 38.9137966632843
897.0 38.9833163022995
898.0 39.129581689834595
899.0 39.28570806980133
900.0 39.37996244430542
901.0 39.551953077316284
902.0 39.84443557262421
903.0 39.99150609970093
904.0 40.184845209121704
905.0 40.39819395542145
906.0 40.59188461303711
907.0 40.55590093135834
908.0 40.65307927131653
909.0 40.707568407058716
910.0 40.67950177192688
911.0 40.750818490982056
912.0 40.88394749164581
913.0 41.154865860939026
914.0 41.22650682926178
915.0 41.135791301727295
916.0 41.07031202316284
917.0 41.22912633419037
918.0 41.05545997619629
919.0 41.1317400932312
920.0 41.18005836009979
921.0 41.27528464794159
922.0 41.39993417263031
923.0 41.55559158325195
924.0 41.55485820770264
925.0 41.540836691856384
926.0 41.372175216674805
927.0 41.26594519615173
928.0 41.28059911727905
929.0 41.24660098552704
930.0 41.20842981338501
931.0 41.33601951599121
932.0 41.426356077194214
933.0 41.57417356967926
934.0 41.82677626609802
935.0 41.98208284378052
936.0 41.93525993824005
937.0 42.0791631937027
938.0 42.26061511039734
939.0 42.376424074172974
940.0 42.6299649477005
941.0 42.8644562959671
942.0 42.95774555206299
943.0 43.06979012489319
944.0 43.089439272880554
945.0 43.047138810157776
946.0 43.11136865615845
947.0 43.24585664272308
948.0 43.44324314594269
949.0 43.63238871097565
950.0 43.84688866138458
951.0 43.96762192249298
952.0 43.96881437301636
953.0 43.98788642883301
954.0 43.83172047138214
955.0 43.84121334552765
956.0 43.67421281337738
957.0 43.77257573604584
958.0 43.75629496574402
959.0 43.810915350914
960.0 43.72435474395752
961.0 43.63628876209259
962.0 43.73536574840546
963.0 43.74319124221802
964.0 43.82483208179474
965.0 44.0749773979187
966.0 44.12857234477997
967.0 44.13251221179962
968.0 44.21226942539215
969.0 44.11490070819855
970.0 44.09997236728668
971.0 43.99888813495636
972.0 43.86548292636871
973.0 43.71852195262909
974.0 43.586007475852966
975.0 43.40613532066345
976.0 43.313233494758606
977.0 43.16934108734131
978.0 42.959216833114624
979.0 42.84367477893829
980.0 42.787604331970215
981.0 42.740546464920044
982.0 42.77793216705322
983.0 42.76352405548096
984.0 42.74983775615692
985.0 42.849854469299316
986.0 42.87562334537506
987.0 42.973321080207825
988.0 43.0903103351593
989.0 43.228246331214905
990.0 43.2778594493866
991.0 43.526214718818665
992.0 43.73517870903015
993.0 44.03366446495056
994.0 44.30945944786072
995.0 44.384419679641724
996.0 44.536953806877136
997.0 44.57624053955078
998.0 44.542871832847595
999.0 44.44422388076782
1000.0 44.418049812316895
1001.0 44.44566512107849
1002.0 44.51985740661621
1003.0 44.66789400577545
1004.0 44.89468598365784
1005.0 45.15386748313904
1006.0 45.28586959838867
1007.0 45.420910239219666
1008.0 45.4823112487793
1009.0 45.75024652481079
1010.0 45.995707869529724
1011.0 46.21726334095001
1012.0 46.42323172092438
1013.0 46.365721583366394
1014.0 46.39811635017395
1015.0 46.50601005554199
1016.0 46.55406200885773
1017.0 46.45351326465607
1018.0 46.2637974023819
1019.0 46.12934875488281
1020.0 46.08575117588043
1021.0 46.233975887298584
1022.0 46.5300110578537
1023.0 46.87968111038208
1024.0 47.10211730003357
1025.0 47.12125599384308
1026.0 47.139965176582336
1027.0 47.45010590553284
1028.0 47.78034055233002
1029.0 48.035515785217285
1030.0 48.45553696155548
1031.0 48.82828140258789
1032.0 49.03268873691559
1033.0 49.18695640563965
1034.0 49.389116406440735
1035.0 49.308218479156494
1036.0 49.344494700431824
1037.0 49.435580015182495
1038.0 49.51128435134888
1039.0 49.52572500705719
1040.0 49.53771471977234
1041.0 49.4647753238678
1042.0 49.43572652339935
1043.0 49.34725511074066
1044.0 49.171565532684326
1045.0 49.153676867485046
1046.0 49.07595992088318
1047.0 48.997469544410706
1048.0 48.93336594104767
1049.0 48.841391801834106
1050.0 48.5867874622345
1051.0 48.395270347595215
1052.0 48.41647744178772
1053.0 48.3341680765152
1054.0 48.413410782814026
1055.0 48.48488783836365
1056.0 48.44701433181763
1057.0 48.344499945640564
1058.0 48.090030670166016
1059.0 47.785653591156006
1060.0 47.649050116539
1061.0 47.647210240364075
1062.0 47.60036897659302
1063.0 47.54782295227051
1064.0 47.590553879737854
1065.0 47.572866916656494
1066.0 47.67007839679718
1067.0 47.650516867637634
1068.0 47.72026550769806
1069.0 47.66008961200714
1070.0 47.76433444023132
1071.0 47.56148588657379
1072.0 47.7031147480011
1073.0 47.6984087228775
1074.0 47.805957198143005
1075.0 47.853307127952576
1076.0 47.94609999656677
1077.0 47.885348439216614
1078.0 47.855151772499084
1079.0 47.95136022567749
1080.0 47.815035462379456
1081.0 47.76967370510101
1082.0 47.65457844734192
1083.0 47.58522391319275
1084.0 47.57093632221222
1085.0 47.59502291679382
1086.0 47.616182804107666
1087.0 47.86342942714691
1088.0 47.94930386543274
1089.0 47.8464173078537
1090.0 47.88395607471466
1091.0 47.94058334827423
1092.0 48.14980852603912
1093.0 48.20905947685242
1094.0 48.16049408912659
1095.0 48.22132706642151
1096.0 48.20897877216339
1097.0 48.18822515010834
1098.0 48.07311189174652
1099.0 48.029314160346985
1100.0 48.006028056144714
1101.0 47.88440728187561
1102.0 47.93084800243378
1103.0 47.851521611213684
1104.0 47.634506940841675
1105.0 47.74204099178314
1106.0 47.82297885417938
1107.0 48.01314961910248
1108.0 48.10852527618408
1109.0 48.137765884399414
1110.0 48.18657612800598
1111.0 48.34567844867706
1112.0 48.46057891845703
1113.0 48.54266691207886
1114.0 48.66640901565552
1115.0 48.74967062473297
1116.0 48.792927742004395
1117.0 48.920615673065186
1118.0 48.91296863555908
1119.0 48.98770892620087
1120.0 48.93648934364319
1121.0 49.02291524410248
1122.0 49.15536081790924
1123.0 49.17905342578888
1124.0 49.183985471725464
1125.0 49.120290875434875
1126.0 49.32298302650452
1127.0 49.33959460258484
1128.0 49.37377059459686
1129.0 49.4714560508728
1130.0 49.55776309967041
1131.0 49.63571846485138
1132.0 49.902772068977356
1133.0 49.774035573005676
1134.0 49.86274468898773
1135.0 49.9171838760376
1136.0 49.94881343841553
1137.0 50.060407400131226
1138.0 50.18527030944824
1139.0 50.34543693065643
1140.0 50.31722009181976
1141.0 50.5116583108902
1142.0 50.352508902549744
1143.0 50.21254014968872
1144.0 50.08499217033386
1145.0 49.96247088909149
1146.0 49.81428349018097
1147.0 49.67810273170471
1148.0 49.69926655292511
1149.0 49.62498688697815
1150.0 49.69238102436066
1151.0 49.620614528656006
1152.0 49.631805419921875
1153.0 49.58891415596008
1154.0 49.6471209526062
1155.0 49.52687728404999
1156.0 49.444164752960205
1157.0 49.392780900001526
1158.0 49.35029184818268
1159.0 49.37964403629303
1160.0 49.4180634021759
1161.0 49.36248242855072
1162.0 49.456493735313416
1163.0 49.55408442020416
1164.0 49.48232901096344
1165.0 49.51018440723419
1166.0 49.56593859195709
1167.0 49.67990338802338
1168.0 49.72867774963379
1169.0 49.431122064590454
1170.0 49.456318736076355
1171.0 49.47635555267334
1172.0 49.4354932308197
1173.0 49.34650373458862
1174.0 49.30810105800629
1175.0 49.280948877334595
1176.0 49.2339164018631
1177.0 49.104713916778564
1178.0 48.889193058013916
1179.0 48.762587547302246
1180.0 48.69785392284393
1181.0 48.68689262866974
1182.0 48.727410316467285
1183.0 48.71972179412842
1184.0 48.62088131904602
1185.0 48.66531836986542
1186.0 48.72960925102234
1187.0 48.70415163040161
1188.0 48.827853202819824
1189.0 48.92842519283295
1190.0 49.06715214252472
1191.0 49.049145340919495
1192.0 49.09708034992218
1193.0 49.25265407562256
1194.0 49.40156948566437
1195.0 49.35486090183258
1196.0 49.338513135910034
1197.0 49.4042729139328
1198.0 49.50020468235016
1199.0 49.496516823768616
1200.0 49.5715811252594
1201.0 49.5898072719574
1202.0 49.712087869644165
1203.0 49.79530394077301
1204.0 49.98993396759033
1205.0 49.85636019706726
1206.0 49.74631142616272
1207.0 49.71078681945801
1208.0 49.724575996398926
1209.0 49.80040752887726
1210.0 49.715142369270325
1211.0 49.67909848690033
1212.0 49.49956464767456
1213.0 49.584949254989624
1214.0 49.398648381233215
1215.0 49.32719826698303
1216.0 49.17461836338043
1217.0 49.01067900657654
1218.0 48.899837613105774
1219.0 48.73311758041382
1220.0 48.503244400024414
1221.0 48.198009729385376
1222.0 47.9815069437027
1223.0 47.76375138759613
1224.0 47.53844165802002
1225.0 47.396645188331604
1226.0 47.215232253074646
1227.0 47.041497468948364
1228.0 46.94959759712219
1229.0 46.867807269096375
1230.0 46.712395429611206
1231.0 46.68335556983948
1232.0 46.57391929626465
1233.0 46.60766279697418
1234.0 46.63659954071045
1235.0 46.58444333076477
1236.0 46.51292145252228
1237.0 46.37167036533356
1238.0 46.3844233751297
1239.0 46.50606989860535
1240.0 46.53568983078003
1241.0 46.45405900478363
1242.0 46.38242030143738
1243.0 46.24793875217438
1244.0 46.15190148353577
1245.0 45.96749794483185
1246.0 45.716126680374146
1247.0 45.50773787498474
1248.0 45.49210214614868
1249.0 45.548075437545776
1250.0 45.49462342262268
1251.0 45.48873829841614
1252.0 45.51079332828522
1253.0 45.42427110671997
1254.0 45.2972674369812
1255.0 45.16130816936493
1256.0 44.99279606342316
1257.0 44.75435745716095
1258.0 44.567028164863586
1259.0 44.38753366470337
1260.0 44.121744990348816
1261.0 43.87681829929352
1262.0 43.779473543167114
1263.0 43.55987739562988
1264.0 43.380555510520935
1265.0 43.36745297908783
1266.0 43.3093456029892
1267.0 43.313663840293884
1268.0 43.3576340675354
1269.0 43.36414337158203
1270.0 43.50884544849396
1271.0 43.82685613632202
1272.0 44.097548842430115
1273.0 44.37835705280304
1274.0 44.457131028175354
1275.0 44.556652188301086
1276.0 44.672462940216064
1277.0 44.56890892982483
1278.0 44.51509761810303
1279.0 44.464401721954346
1280.0 44.463754057884216
1281.0 44.407551765441895
1282.0 44.40546011924744
1283.0 44.19712769985199
1284.0 43.88784849643707
1285.0 43.93598246574402
1286.0 44.08175504207611
1287.0 44.19073963165283
1288.0 44.38576602935791
1289.0 44.51551866531372
1290.0 44.625038146972656
1291.0 44.65014386177063
1292.0 44.45478796958923
1293.0 44.25408601760864
1294.0 44.01755952835083
1295.0 43.8961375951767
1296.0 43.72519516944885
1297.0 43.52855622768402
1298.0 43.41034150123596
1299.0 43.377124190330505
1300.0 43.24459755420685
1301.0 42.98876178264618
1302.0 43.01870369911194
1303.0 42.8044171333313
1304.0 42.85444641113281
1305.0 42.85937452316284
1306.0 42.71843612194061
1307.0 42.619691014289856
1308.0 42.610929012298584
1309.0 42.531436920166016
1310.0 42.45737838745117
1311.0 42.439584493637085
1312.0 42.17140448093414
1313.0 42.16469383239746
1314.0 42.03245568275452
1315.0 41.68066906929016
1316.0 41.405221939086914
1317.0 41.15066730976105
1318.0 41.01786470413208
1319.0 40.82140278816223
1320.0 40.61601412296295
1321.0 40.29723787307739
1322.0 40.1604984998703
1323.0 40.00333297252655
1324.0 39.98481285572052
1325.0 40.07968270778656
1326.0 40.19763219356537
1327.0 40.38789403438568
1328.0 40.690117955207825
1329.0 40.87726151943207
1330.0 41.070521235466
1331.0 41.46129393577576
1332.0 41.706000089645386
1333.0 41.76413941383362
1334.0 41.95163595676422
1335.0 42.13146638870239
1336.0 42.212403774261475
1337.0 42.29156267642975
1338.0 42.21146810054779
1339.0 42.00376212596893
1340.0 41.86756205558777
1341.0 41.79650962352753
1342.0 41.74372923374176
1343.0 41.75914525985718
1344.0 41.79504835605621
1345.0 41.63167905807495
1346.0 41.47330462932587
1347.0 41.28859090805054
1348.0 40.9919251203537
1349.0 40.672871232032776
1350.0 40.37902879714966
1351.0 39.96263659000397
1352.0 39.62269937992096
1353.0 39.36389195919037
1354.0 39.218727231025696
1355.0 39.148781299591064
1356.0 39.04673159122467
1357.0 39.056037187576294
1358.0 38.94364619255066
1359.0 38.962687730789185
1360.0 38.95540404319763
1361.0 38.89147675037384
1362.0 38.756051540374756
1363.0 38.56890690326691
1364.0 38.43506944179535
1365.0 38.359179735183716
1366.0 38.27868068218231
1367.0 38.137771248817444
1368.0 38.16858208179474
1369.0 38.19580948352814
1370.0 38.26000785827637
1371.0 38.14409613609314
1372.0 38.138043999671936
1373.0 38.12871778011322
1374.0 38.13042485713959
1375.0 38.20915222167969
1376.0 38.16531264781952
1377.0 38.22661745548248
1378.0 38.32486033439636
1379.0 38.39555752277374
1380.0 38.52364718914032
1381.0 38.47618591785431
1382.0 38.50122582912445
1383.0 38.567092537879944
1384.0 38.63165605068207
1385.0 38.69093132019043
1386.0 38.687737584114075
1387.0 38.747050762176514
1388.0 38.76383852958679
1389.0 38.731345891952515
1390.0 38.605857729911804
1391.0 38.658671498298645
1392.0 38.709192872047424
1393.0 38.80464816093445
1394.0 38.78325581550598
1395.0 38.71567988395691
1396.0 38.66023147106171
1397.0 38.70669186115265
1398.0 38.670870661735535
1399.0 38.59485113620758
1400.0 38.47639036178589
1401.0 38.30857837200165
1402.0 38.19342005252838
1403.0 38.133097767829895
1404.0 38.00088310241699
1405.0 37.88878655433655
1406.0 37.722068071365356
1407.0 37.63365352153778
1408.0 37.58432328701019
1409.0 37.653088212013245
1410.0 37.527045130729675
1411.0 37.496745586395264
1412.0 37.286120891571045
1413.0 37.10483801364899
1414.0 37.019798159599304
1415.0 37.04077136516571
1416.0 37.021443128585815
1417.0 36.955719113349915
1418.0 36.8593555688858
1419.0 36.673394083976746
1420.0 36.76045358181
1421.0 36.498504400253296
1422.0 36.44994306564331
1423.0 36.39892864227295
1424.0 36.268503069877625
1425.0 36.15567409992218
1426.0 35.93122684955597
1427.0 35.68585383892059
1428.0 35.475894808769226
1429.0 35.07595491409302
1430.0 34.60768473148346
1431.0 34.27753210067749
1432.0 33.97511076927185
1433.0 33.63292908668518
1434.0 33.309611439704895
1435.0 33.08952850103378
1436.0 32.96630799770355
1437.0 32.83203828334808
1438.0 32.857042610645294
1439.0 32.75084775686264
1440.0 32.718421936035156
1441.0 32.69549000263214
1442.0 32.67429357767105
1443.0 32.62838500738144
1444.0 32.45490121841431
1445.0 32.2528390288353
1446.0 32.08360368013382
1447.0 32.08332818746567
1448.0 32.092662036418915
1449.0 32.0461146235466
1450.0 32.009802877902985
1451.0 31.8825945854187
1452.0 31.77317303419113
1453.0 31.6301109790802
1454.0 31.52691775560379
1455.0 31.493305027484894
1456.0 31.219353437423706
1457.0 30.9249507188797
1458.0 30.727108359336853
1459.0 30.634230971336365
1460.0 30.460055768489838
1461.0 30.29644215106964
1462.0 30.100013494491577
1463.0 29.873493313789368
1464.0 29.599693953990936
1465.0 29.392302334308624
1466.0 29.24108052253723
1467.0 28.981936156749725
1468.0 28.718367338180542
1469.0 28.37882751226425
1470.0 28.13176792860031
1471.0 28.036874413490295
1472.0 27.975569248199463
1473.0 27.750173032283783
1474.0 27.423712491989136
1475.0 27.028108716011047
1476.0 26.733835816383362
1477.0 26.373259902000427
1478.0 26.12579333782196
1479.0 25.875735223293304
1480.0 25.722419321537018
1481.0 25.60026979446411
1482.0 25.451308727264404
1483.0 25.222487032413483
1484.0 25.176127672195435
1485.0 25.10644257068634
1486.0 25.07816755771637
1487.0 25.051152527332306
1488.0 24.87849372625351
1489.0 24.807485163211823
1490.0 24.74173331260681
1491.0 24.651028394699097
1492.0 24.37920719385147
1493.0 24.150417864322662
1494.0 23.954041361808777
1495.0 23.692991197109222
1496.0 23.380544006824493
1497.0 22.97924494743347
1498.0 22.514512538909912
1499.0 22.044936954975128
1500.0 21.598995327949524
1501.0 21.256969571113586
1502.0 21.14932608604431
1503.0 21.006304681301117
1504.0 20.872290551662445
1505.0 20.674960672855377
1506.0 20.505660831928253
1507.0 20.37771064043045
1508.0 20.194618701934814
1509.0 20.045768439769745
1510.0 19.74875831604004
1511.0 19.48367142677307
1512.0 19.298644483089447
1513.0 19.204469621181488
1514.0 19.088354408740997
1515.0 18.990833699703217
1516.0 18.884872496128082
1517.0 18.806890547275543
1518.0 18.711504817008972
1519.0 18.56679004430771
1520.0 18.346370816230774
1521.0 18.117778599262238
1522.0 17.89759013056755
1523.0 17.6568124294281
1524.0 17.468207150697708
1525.0 17.30116832256317
1526.0 17.048827975988388
1527.0 16.831952661275864
1528.0 16.513816118240356
1529.0 16.281299591064453
1530.0 16.051660865545273
1531.0 15.772816151380539
1532.0 15.462238818407059
1533.0 15.09902936220169
1534.0 14.72853934764862
1535.0 14.507237136363983
1536.0 14.35631212592125
1537.0 14.360735684633255
1538.0 14.416582584381104
1539.0 14.476107209920883
1540.0 14.491920232772827
1541.0 14.456561237573624
1542.0 14.449399620294571
1543.0 14.381828725337982
1544.0 14.26698812842369
1545.0 14.100848704576492
1546.0 13.86858206987381
1547.0 13.70541462302208
1548.0 13.59081619977951
1549.0 13.558491826057434
1550.0 13.553038835525513
1551.0 13.54599541425705
1552.0 13.55331465601921
1553.0 13.455014497041702
1554.0 13.37037056684494
1555.0 13.300152480602264
1556.0 13.24268525838852
1557.0 13.269947916269302
1558.0 13.261841505765915
1559.0 13.309021025896072
1560.0 13.323821485042572
1561.0 13.402854293584824
1562.0 13.384703755378723
1563.0 13.344868391752243
1564.0 13.314280152320862
1565.0 13.323270231485367
1566.0 13.302524387836456
1567.0 13.225088596343994
1568.0 13.139763861894608
1569.0 13.062252819538116
1570.0 13.010806888341904
1571.0 12.982761979103088
1572.0 12.922491699457169
1573.0 12.772294759750366
1574.0 12.675831824541092
1575.0 12.573731124401093
1576.0 12.453659921884537
1577.0 12.39180901646614
1578.0 12.270536005496979
1579.0 12.193412631750107
1580.0 12.0966157913208
1581.0 12.044957756996155
1582.0 11.919715464115143
1583.0 11.79185539484024
1584.0 11.642552018165588
1585.0 11.547490060329437
1586.0 11.397945314645767
1587.0 11.243828743696213
1588.0 11.117972165346146
1589.0 10.957484513521194
1590.0 10.82560184597969
1591.0 10.703924387693405
1592.0 10.538901329040527
1593.0 10.411576449871063
1594.0 10.263926088809967
1595.0 10.156632125377655
1596.0 10.072192162275314
1597.0 9.960808604955673
1598.0 9.854287683963776
1599.0 9.70199567079544
1600.0 9.623155444860458
1601.0 9.538959175348282
1602.0 9.487292468547821
1603.0 9.448379456996918
1604.0 9.334117263555527
1605.0 9.216734528541565
1606.0 9.10054326057434
1607.0 9.031042695045471
1608.0 8.867614686489105
1609.0 8.80223673582077
1610.0 8.783411681652069
1611.0 8.7016581594944
1612.0 8.683165475726128
1613.0 8.711057230830193
1614.0 8.726409032940865
1615.0 8.687697947025299
1616.0 8.651604264974594
1617.0 8.559294193983078
1618.0 8.515440315008163
1619.0 8.52056410908699
1620.0 8.534740269184113
1621.0 8.562842607498169
1622.0 8.580129325389862
1623.0 8.607168704271317
1624.0 8.590425997972488
1625.0 8.600117951631546
1626.0 8.568393155932426
1627.0 8.533807009458542
1628.0 8.529860571026802
1629.0 8.488334849476814
1630.0 8.478581964969635
1631.0 8.457508310675621
1632.0 8.451269745826721
1633.0 8.412855863571167
1634.0 8.40242813527584
1635.0 8.352616533637047
1636.0 8.393805518746376
1637.0 8.413436189293861
1638.0 8.440353512763977
1639.0 8.485270529985428
1640.0 8.528195694088936
1641.0 8.626646146178246
1642.0 8.62918670475483
1643.0 8.653734520077705
1644.0 8.662663072347641
1645.0 8.643717259168625
1646.0 8.667831063270569
1647.0 8.68462310731411
1648.0 8.690027177333832
1649.0 8.708463340997696
1650.0 8.709354549646378
1651.0 8.697095364332199
1652.0 8.622711390256882
1653.0 8.558431521058083
1654.0 8.505503818392754
1655.0 8.495825037360191
1656.0 8.480135977268219
1657.0 8.500279277563095
1658.0 8.494443282485008
1659.0 8.46386268734932
1660.0 8.474655464291573
1661.0 8.440789759159088
1662.0 8.334027498960495
1663.0 8.311057835817337
1664.0 8.370133563876152
1665.0 8.414894193410873
1666.0 8.471992760896683
1667.0 8.457487002015114
1668.0 8.482382476329803
1669.0 8.505409464240074
1670.0 8.489746108651161
1671.0 8.468479126691818
1672.0 8.443164691329002
1673.0 8.452806279063225
1674.0 8.421652376651764
1675.0 8.448239490389824
1676.0 8.418606892228127
1677.0 8.367014780640602
1678.0 8.35962463915348
1679.0 8.368481397628784
1680.0 8.360547572374344
1681.0 8.35069888830185
1682.0 8.34123021364212
1683.0 8.36163729429245
1684.0 8.355664610862732
1685.0 8.364645451307297
1686.0 8.35951441526413
1687.0 8.34056106209755
1688.0 8.272952392697334
1689.0 8.244183391332626
1690.0 8.190642818808556
1691.0 8.122866407036781
1692.0 8.070299342274666
1693.0 8.058591723442078
1694.0 8.022365272045135
1695.0 7.903108850121498
1696.0 7.817599251866341
1697.0 7.7657177448272705
1698.0 7.664136126637459
1699.0 7.561747044324875
1700.0 7.583727762103081
1701.0 7.559436500072479
1702.0 7.547656774520874
1703.0 7.532330468297005
1704.0 7.493516385555267
1705.0 7.449545010924339
1706.0 7.424984022974968
1707.0 7.362700045108795
1708.0 7.317317396402359
1709.0 7.23734025657177
1710.0 7.210692152380943
1711.0 7.21764799952507
1712.0 7.220086544752121
1713.0 7.238395735621452
1714.0 7.183362066745758
1715.0 7.149161145091057
1716.0 7.0721235275268555
1717.0 6.983545646071434
1718.0 6.964821428060532
1719.0 6.919018089771271
1720.0 6.841653883457184
1721.0 6.763709634542465
1722.0 6.716052606701851
1723.0 6.6713662296533585
1724.0 6.609756976366043
1725.0 6.569577872753143
1726.0 6.5194568037986755
1727.0 6.4898906499147415
1728.0 6.433533295989037
1729.0 6.373468905687332
1730.0 6.258974984288216
1731.0 6.183539718389511
1732.0 6.117945179343224
1733.0 6.044082745909691
1734.0 6.011221155524254
1735.0 6.003651857376099
1736.0 6.042891785502434
1737.0 6.065957486629486
1738.0 6.048355251550674
1739.0 6.051192671060562
1740.0 6.089122071862221
1741.0 6.066071450710297
1742.0 6.096054181456566
1743.0 6.073839068412781
1744.0 6.077461317181587
1745.0 6.081793040037155
1746.0 6.08728289604187
1747.0 6.044262140989304
1748.0 6.01690648496151
1749.0 5.942904621362686
1750.0 5.92505607008934
1751.0 5.8551502376794815
1752.0 5.810673922300339
1753.0 5.753644585609436
1754.0 5.667791530489922
1755.0 5.622467339038849
1756.0 5.5667704641819
1757.0 5.555070087313652
1758.0 5.497264102101326
1759.0 5.429099649190903
1760.0 5.361074462532997
1761.0 5.326634883880615
1762.0 5.343909040093422
1763.0 5.387754440307617
1764.0 5.436025172472
1765.0 5.503575921058655
1766.0 5.596329838037491
1767.0 5.684328734874725
1768.0 5.778864696621895
1769.0 5.81917168200016
1770.0 5.845669209957123
1771.0 5.899804458022118
1772.0 5.899280667304993
1773.0 5.894229501485825
1774.0 5.910286381840706
1775.0 5.880051106214523
1776.0 5.886473760008812
1777.0 5.821368217468262
1778.0 5.786849841475487
1779.0 5.756763964891434
1780.0 5.7175504714250565
1781.0 5.7140538692474365
1782.0 5.7022403329610825
1783.0 5.695996463298798
1784.0 5.627813443541527
1785.0 5.537555679678917
1786.0 5.436766073107719
1787.0 5.351967170834541
1788.0 5.309627890586853
1789.0 5.29084712266922
1790.0 5.318017452955246
1791.0 5.343921467661858
1792.0 5.3367176204919815
1793.0 5.366296827793121
1794.0 5.424027755856514
1795.0 5.401799961924553
1796.0 5.385213136672974
1797.0 5.391787603497505
1798.0 5.452702388167381
1799.0 5.463555574417114
1800.0 5.501812264323235
1801.0 5.545820459723473
1802.0 5.617688596248627
1803.0 5.705915614962578
1804.0 5.787306621670723
1805.0 5.81471374630928
1806.0 5.839304372668266
1807.0 5.812814578413963
1808.0 5.826366558670998
1809.0 5.794421911239624
1810.0 5.834322437644005
1811.0 5.898339197039604
1812.0 5.964258894324303
1813.0 6.04765248298645
1814.0 6.143905147910118
1815.0 6.210402935743332
1816.0 6.261885419487953
1817.0 6.2497173100709915
1818.0 6.230276316404343
1819.0 6.234684839844704
1820.0 6.2552148550748825
1821.0 6.2770421504974365
1822.0 6.292027249932289
1823.0 6.332809180021286
1824.0 6.343780815601349
1825.0 6.381033420562744
1826.0 6.4259058982133865
1827.0 6.464000046253204
1828.0 6.4486054033041
1829.0 6.476325049996376
1830.0 6.481446743011475
1831.0 6.4795833081007
1832.0 6.501915141940117
1833.0 6.507260352373123
1834.0 6.562847897410393
1835.0 6.660734251141548
1836.0 6.732827767729759
1837.0 6.775534421205521
1838.0 6.786010906100273
1839.0 6.823087617754936
1840.0 6.850140914320946
1841.0 6.872289836406708
1842.0 6.9064148515462875
1843.0 6.908122956752777
1844.0 6.865298569202423
1845.0 6.861021891236305
1846.0 6.838636100292206
1847.0 6.83726666867733
1848.0 6.820403650403023
1849.0 6.852169841527939
1850.0 6.845725119113922
1851.0 6.855494827032089
1852.0 6.861250519752502
1853.0 6.925523445010185
1854.0 6.984945893287659
1855.0 7.04552061855793
1856.0 7.090199828147888
1857.0 7.111980497837067
1858.0 7.16678860783577
1859.0 7.2049508690834045
1860.0 7.257956683635712
1861.0 7.289377376437187
1862.0 7.2826463133096695
1863.0 7.301581531763077
1864.0 7.261236444115639
1865.0 7.195674553513527
1866.0 7.11246457695961
1867.0 7.045220166444778
1868.0 6.995936706662178
1869.0 6.965037316083908
1870.0 6.946636155247688
1871.0 6.908255755901337
1872.0 6.848187506198883
1873.0 6.81658248603344
1874.0 6.784300625324249
1875.0 6.774246096611023
1876.0 6.729765012860298
1877.0 6.680389806628227
1878.0 6.666973829269409
1879.0 6.597213327884674
1880.0 6.55226494371891
1881.0 6.496366083621979
1882.0 6.4523492604494095
1883.0 6.408517554402351
1884.0 6.366922751069069
1885.0 6.3193220645189285
1886.0 6.339924871921539
1887.0 6.316784307360649
1888.0 6.2979360818862915
1889.0 6.307236090302467
1890.0 6.31555101275444
1891.0 6.299613684415817
1892.0 6.281756341457367
1893.0 6.245421156287193
1894.0 6.226159036159515
1895.0 6.180726379156113
1896.0 6.170425608754158
1897.0 6.157502457499504
1898.0 6.187900617718697
1899.0 6.182906746864319
1900.0 6.207020074129105
1901.0 6.219912022352219
1902.0 6.265624210238457
1903.0 6.286574587225914
1904.0 6.2852108627557755
1905.0 6.279035329818726
1906.0 6.230509400367737
1907.0 6.252771720290184
1908.0 6.2362768948078156
1909.0 6.229497507214546
1910.0 6.206862181425095
1911.0 6.19660110771656
1912.0 6.195039391517639
1913.0 6.217565342783928
1914.0 6.267816126346588
1915.0 6.274816423654556
1916.0 6.293830081820488
1917.0 6.365780368447304
1918.0 6.410465404391289
1919.0 6.445500314235687
1920.0 6.5126136392354965
1921.0 6.567660644650459
1922.0 6.545975551009178
1923.0 6.579467833042145
1924.0 6.567880004644394
1925.0 6.614083647727966
1926.0 6.604918718338013
1927.0 6.6265765726566315
1928.0 6.658921852707863
1929.0 6.715045347809792
1930.0 6.7217874974012375
1931.0 6.69707615673542
1932.0 6.731893643736839
1933.0 6.718140110373497
1934.0 6.748120576143265
1935.0 6.798691958189011
1936.0 6.823403984308243
1937.0 6.848572701215744
1938.0 6.8099435120821
1939.0 6.73683363199234
1940.0 6.694082021713257
1941.0 6.665700852870941
1942.0 6.676053747534752
1943.0 6.703853860497475
1944.0 6.720440328121185
1945.0 6.770569682121277
1946.0 6.723265275359154
1947.0 6.707382574677467
1948.0 6.716284155845642
1949.0 6.7388820350170135
1950.0 6.742784425616264
1951.0 6.770846322178841
1952.0 6.748647093772888
1953.0 6.793218895792961
1954.0 6.773980483412743
1955.0 6.724250167608261
1956.0 6.7382630705833435
1957.0 6.7632821053266525
1958.0 6.805995404720306
1959.0 6.844571828842163
1960.0 6.884398519992828
1961.0 6.888067811727524
1962.0 6.908438131213188
1963.0 6.94904562830925
1964.0 6.968923553824425
1965.0 6.983699530363083
1966.0 6.996137335896492
1967.0 6.953002378344536
1968.0 6.939041838049889
1969.0 6.893611371517181
1970.0 6.900891289114952
1971.0 6.877319410443306
1972.0 6.867601498961449
1973.0 6.810278668999672
1974.0 6.777274668216705
1975.0 6.765666082501411
1976.0 6.815890252590179
1977.0 6.8948778957128525
1978.0 6.963712051510811
1979.0 6.994135633111
1980.0 7.069784462451935
1981.0 7.130567982792854
1982.0 7.227300852537155
1983.0 7.249802261590958
1984.0 7.26639299094677
1985.0 7.25581020116806
1986.0 7.241261750459671
1987.0 7.244115054607391
1988.0 7.286963388323784
1989.0 7.303499802947044
1990.0 7.312035292387009
1991.0 7.276209592819214
1992.0 7.2574619352817535
1993.0 7.2389399111270905
1994.0 7.22189824283123
1995.0 7.2163359224796295
1996.0 7.224527090787888
1997.0 7.193657159805298
1998.0 7.132581368088722
1999.0 7.169692710042
2000.0 7.163218319416046
2001.0 7.145368352532387
2002.0 7.118203207850456
2003.0 7.1409545838832855
2004.0 7.150697246193886
2005.0 7.1090087890625
2006.0 7.110964134335518
2007.0 7.069762855768204
2008.0 7.032169625163078
2009.0 7.065845042467117
2010.0 7.08022977411747
2011.0 7.14488123357296
2012.0 7.205775156617165
2013.0 7.325461655855179
2014.0 7.414757385849953
2015.0 7.47963011264801
2016.0 7.540007799863815
2017.0 7.560763835906982
2018.0 7.5659269988536835
2019.0 7.558911010622978
2020.0 7.551235377788544
2021.0 7.565826654434204
2022.0 7.659474015235901
2023.0 7.717327535152435
2024.0 7.764504641294479
2025.0 7.842220887541771
2026.0 7.865513116121292
2027.0 7.871429115533829
2028.0 7.902880176901817
2029.0 7.903843894600868
2030.0 7.865026339888573
2031.0 7.868203669786453
2032.0 7.903643235564232
2033.0 7.871498540043831
2034.0 7.879451051354408
2035.0 7.898867532610893
2036.0 7.88008651137352
2037.0 7.868420228362083
2038.0 7.886589393019676
2039.0 7.853481262922287
2040.0 7.890518993139267
2041.0 7.931085988879204
2042.0 7.8746539652347565
2043.0 7.825043261051178
2044.0 7.780440956354141
2045.0 7.783697262406349
2046.0 7.799023166298866
2047.0 7.756781846284866
2048.0 7.72476002573967
2049.0 7.716841220855713
2050.0 7.689219832420349
2051.0 7.665794670581818
2052.0 7.609200686216354
2053.0 7.546993777155876
2054.0 7.505058646202087
2055.0 7.470574244856834
2056.0 7.4555484354496
2057.0 7.449516117572784
2058.0 7.449454680085182
2059.0 7.470377415418625
2060.0 7.5519053637981415
2061.0 7.608163356781006
2062.0 7.667594417929649
2063.0 7.743794918060303
2064.0 7.739053905010223
2065.0 7.754512369632721
2066.0 7.786623522639275
2067.0 7.814205601811409
2068.0 7.875562608242035
2069.0 7.862930342555046
2070.0 7.8233825117349625
2071.0 7.846604406833649
2072.0 7.854795262217522
2073.0 7.896041706204414
2074.0 8.017153069376945
2075.0 8.022528767585754
2076.0 8.10236930847168
2077.0 8.085363805294037
2078.0 8.066969811916351
2079.0 8.006975159049034
2080.0 8.005409345030785
2081.0 8.028249084949493
2082.0 8.058241054415703
2083.0 8.180062681436539
2084.0 8.30520448088646
2085.0 8.420653223991394
2086.0 8.509244084358215
2087.0 8.561881333589554
2088.0 8.592436403036118
2089.0 8.562206745147705
2090.0 8.598631352186203
2091.0 8.654168725013733
2092.0 8.625071346759796
2093.0 8.608065813779831
2094.0 8.559807986021042
2095.0 8.518253356218338
2096.0 8.4775031208992
2097.0 8.426817625761032
2098.0 8.413858473300934
2099.0 8.404094606637955
2100.0 8.376460492610931
2101.0 8.364474087953568
2102.0 8.36201223731041
2103.0 8.356623023748398
2104.0 8.316414475440979
2105.0 8.356975212693214
2106.0 8.42336705327034
2107.0 8.454605251550674
2108.0 8.515747249126434
2109.0 8.486094951629639
2110.0 8.455077111721039
2111.0 8.435167044401169
2112.0 8.380842685699463
2113.0 8.38953971862793
2114.0 8.380676612257957
2115.0 8.40430548787117
2116.0 8.453448489308357
2117.0 8.492444813251495
2118.0 8.474255591630936
2119.0 8.485688030719757
2120.0 8.452407330274582
2121.0 8.404270261526108
2122.0 8.342203602194786
2123.0 8.346183866262436
2124.0 8.279305577278137
2125.0 8.321653425693512
2126.0 8.324659794569016
2127.0 8.308009177446365
2128.0 8.317016571760178
2129.0 8.343994528055191
2130.0 8.341375678777695
2131.0 8.341104328632355
2132.0 8.363543659448624
2133.0 8.35423395037651
2134.0 8.400847107172012
2135.0 8.457305073738098
2136.0 8.481136798858643
2137.0 8.556425124406815
2138.0 8.583828538656235
2139.0 8.679481208324432
2140.0 8.721770524978638
2141.0 8.843318313360214
2142.0 8.942043125629425
2143.0 8.9747956097126
2144.0 9.040406554937363
2145.0 9.014311134815216
2146.0 8.966503649950027
2147.0 8.97026139497757
2148.0 8.964051395654678
2149.0 8.958734720945358
2150.0 8.958395272493362
2151.0 8.940220832824707
2152.0 8.933588176965714
2153.0 8.978460788726807
2154.0 9.058084607124329
2155.0 9.138610810041428
2156.0 9.191740244626999
2157.0 9.237782984972
2158.0 9.271695613861084
2159.0 9.226882189512253
2160.0 9.256441563367844
2161.0 9.298218250274658
2162.0 9.345883131027222
2163.0 9.378506660461426
2164.0 9.361459374427795
2165.0 9.307933002710342
2166.0 9.326293051242828
2167.0 9.31298178434372
2168.0 9.24202448129654
2169.0 9.168990582227707
2170.0 9.127199441194534
2171.0 9.056371748447418
2172.0 9.02875930070877
2173.0 8.99102133512497
2174.0 8.991818934679031
2175.0 9.022577226161957
2176.0 9.080823451280594
2177.0 9.075908064842224
2178.0 8.981611967086792
2179.0 8.987065970897675
2180.0 8.964227318763733
2181.0 8.92913430929184
2182.0 8.86366593837738
2183.0 8.854251861572266
2184.0 8.875521957874298
2185.0 8.832840144634247
2186.0 8.853412419557571
2187.0 8.86985570192337
2188.0 8.889366090297699
2189.0 8.889194667339325
2190.0 8.963399738073349
2191.0 9.035722553730011
2192.0 9.073453724384308
2193.0 9.12955242395401
2194.0 9.123630821704865
2195.0 9.135275781154633
2196.0 9.158929467201233
2197.0 9.225731402635574
2198.0 9.247198045253754
2199.0 9.278011620044708
2200.0 9.280927747488022
2201.0 9.33833533525467
2202.0 9.425582230091095
2203.0 9.442248791456223
2204.0 9.489195883274078
2205.0 9.539568692445755
2206.0 9.597779273986816
2207.0 9.66972279548645
2208.0 9.752873480319977
2209.0 9.78462028503418
2210.0 9.800223618745804
2211.0 9.84655112028122
2212.0 9.911834329366684
2213.0 9.987714380025864
2214.0 10.045117557048798
2215.0 10.067899256944656
2216.0 10.118212521076202
2217.0 10.14181798696518
2218.0 10.177400290966034
2219.0 10.295529425144196
2220.0 10.42216145992279
2221.0 10.53598728775978
2222.0 10.569253653287888
2223.0 10.676712960004807
2224.0 10.7652867436409
2225.0 10.88446056842804
2226.0 10.995252639055252
2227.0 11.097681492567062
2228.0 11.201139271259308
2229.0 11.308357119560242
2230.0 11.406961768865585
2231.0 11.479313164949417
2232.0 11.506078213453293
2233.0 11.469012767076492
2234.0 11.459498882293701
2235.0 11.449515759944916
2236.0 11.483786523342133
2237.0 11.551906764507294
2238.0 11.592353075742722
2239.0 11.63268518447876
2240.0 11.611359059810638
2241.0 11.595302641391754
2242.0 11.555891931056976
2243.0 11.516306728124619
2244.0 11.505370914936066
2245.0 11.46761667728424
2246.0 11.436227977275848
2247.0 11.404879987239838
2248.0 11.388901084661484
2249.0 11.391635715961456
2250.0 11.379833430051804
2251.0 11.303790360689163
2252.0 11.269611209630966
2253.0 11.200110584497452
2254.0 11.145358234643936
2255.0 11.11353188753128
2256.0 11.137494146823883
2257.0 11.143268793821335
2258.0 11.181601911783218
2259.0 11.163066893815994
2260.0 11.15717875957489
2261.0 11.129619628190994
2262.0 11.092949628829956
2263.0 11.057137042284012
2264.0 11.095860630273819
2265.0 11.144927829504013
2266.0 11.156572103500366
2267.0 11.145514994859695
2268.0 11.140269041061401
2269.0 11.130562633275986
2270.0 11.182171553373337
2271.0 11.24740281701088
2272.0 11.293204486370087
2273.0 11.335977464914322
2274.0 11.345381200313568
2275.0 11.325847089290619
2276.0 11.298747301101685
2277.0 11.288479954004288
2278.0 11.32631903886795
2279.0 11.293553173542023
2280.0 11.265473067760468
2281.0 11.220662027597427
2282.0 11.218552440404892
2283.0 11.242935091257095
2284.0 11.294610500335693
2285.0 11.286050409078598
2286.0 11.297610580921173
2287.0 11.307776182889938
2288.0 11.382476657629013
2289.0 11.443867027759552
2290.0 11.385176360607147
2291.0 11.399951100349426
2292.0 11.371624827384949
2293.0 11.391721278429031
2294.0 11.402747720479965
2295.0 11.398510247468948
2296.0 11.388118594884872
2297.0 11.366595387458801
2298.0 11.34944224357605
2299.0 11.331771165132523
2300.0 11.362520933151245
2301.0 11.450224220752716
2302.0 11.551211476325989
2303.0 11.675616651773453
2304.0 11.803104877471924
2305.0 11.872995018959045
2306.0 11.945002764463425
2307.0 12.029205739498138
2308.0 12.018267214298248
2309.0 12.094291895627975
2310.0 12.180043458938599
2311.0 12.247653245925903
2312.0 12.337383449077606
2313.0 12.43874043226242
2314.0 12.475839585065842
2315.0 12.51286768913269
2316.0 12.53934696316719
2317.0 12.540264755487442
2318.0 12.534064888954163
2319.0 12.577630907297134
2320.0 12.65037477016449
2321.0 12.624444603919983
2322.0 12.625476330518723
2323.0 12.680413514375687
2324.0 12.713922172784805
2325.0 12.78606316447258
2326.0 12.84651181101799
2327.0 12.925469666719437
2328.0 13.02040421962738
2329.0 13.064546048641205
2330.0 13.194574117660522
2331.0 13.274503767490387
2332.0 13.343219578266144
2333.0 13.375549465417862
2334.0 13.403463035821915
2335.0 13.396564334630966
2336.0 13.419782727956772
2337.0 13.494191318750381
2338.0 13.56141772866249
2339.0 13.590422421693802
2340.0 13.610860228538513
2341.0 13.615403473377228
2342.0 13.625288128852844
2343.0 13.520731270313263
2344.0 13.496432900428772
2345.0 13.523667573928833
2346.0 13.548388332128525
2347.0 13.575764924287796
2348.0 13.670823454856873
2349.0 13.769687414169312
2350.0 13.854802578687668
2351.0 13.904980480670929
2352.0 13.946246832609177
2353.0 14.061435550451279
2354.0 14.102022260427475
2355.0 14.196369588375092
2356.0 14.309448301792145
2357.0 14.40274465084076
2358.0 14.512372970581055
2359.0 14.641144663095474
2360.0 14.720590829849243
2361.0 14.778600454330444
2362.0 14.775247693061829
2363.0 14.886586636304855
2364.0 14.974712789058685
2365.0 15.02379223704338
2366.0 15.04165267944336
2367.0 15.07338473200798
2368.0 15.119099169969559
2369.0 15.166011542081833
2370.0 15.266701370477676
2371.0 15.186634093523026
2372.0 15.198209017515182
2373.0 15.210307627916336
2374.0 15.187046468257904
2375.0 15.219576209783554
2376.0 15.268113672733307
2377.0 15.289420694112778
2378.0 15.333234339952469
2379.0 15.335030794143677
2380.0 15.299680024385452
2381.0 15.269524693489075
2382.0 15.2593774497509
2383.0 15.328372716903687
2384.0 15.305052906274796
2385.0 15.32181203365326
2386.0 15.33507689833641
2387.0 15.347425758838654
2388.0 15.31565871834755
2389.0 15.31633049249649
2390.0 15.317431539297104
2391.0 15.300700575113297
2392.0 15.317986220121384
2393.0 15.274385660886765
2394.0 15.301155179738998
2395.0 15.323255330324173
2396.0 15.396715939044952
2397.0 15.36853203177452
2398.0 15.2616206407547
2399.0 15.199881255626678
2400.0 15.17461770772934
2401.0 15.148320496082306
2402.0 15.123339593410492
2403.0 15.120681166648865
2404.0 15.115941882133484
2405.0 15.142963230609894
2406.0 15.194735318422318
2407.0 15.21418759226799
2408.0 15.288809806108475
2409.0 15.345277041196823
2410.0 15.374586701393127
2411.0 15.425473630428314
2412.0 15.405438721179962
2413.0 15.423981368541718
2414.0 15.396854758262634
2415.0 15.38070285320282
2416.0 15.255721688270569
2417.0 15.225474894046783
2418.0 15.185815811157227
2419.0 15.127419412136078
2420.0 15.06581112742424
2421.0 15.03660723567009
2422.0 14.98601308465004
2423.0 14.955186009407043
2424.0 14.91074451804161
2425.0 14.83597019314766
2426.0 14.843548566102982
2427.0 14.775511860847473
2428.0 14.691630423069
2429.0 14.674269556999207
2430.0 14.640632838010788
2431.0 14.665912091732025
2432.0 14.677274763584137
2433.0 14.70489826798439
2434.0 14.65270248055458
2435.0 14.65391457080841
2436.0 14.683256208896637
2437.0 14.681878745555878
2438.0 14.64298591017723
2439.0 14.668725430965424
2440.0 14.728959798812866
2441.0 14.723376214504242
2442.0 14.706031382083893
2443.0 14.651405721902847
2444.0 14.561185121536255
2445.0 14.49335691332817
2446.0 14.479674696922302
2447.0 14.449825942516327
2448.0 14.503687351942062
2449.0 14.534635215997696
2450.0 14.59972432255745
2451.0 14.619841575622559
2452.0 14.619648933410645
2453.0 14.646479725837708
2454.0 14.669738739728928
2455.0 14.654528051614761
2456.0 14.622667044401169
2457.0 14.610156625509262
2458.0 14.636339336633682
2459.0 14.638684749603271
2460.0 14.612891912460327
2461.0 14.514200896024704
2462.0 14.523959457874298
2463.0 14.48912313580513
2464.0 14.542460948228836
2465.0 14.543506056070328
2466.0 14.56993356347084
2467.0 14.597695499658585
2468.0 14.754186451435089
2469.0 14.83527883887291
2470.0 14.923891752958298
2471.0 15.015310853719711
2472.0 15.055147588253021
2473.0 15.04399648308754
2474.0 15.043787866830826
2475.0 15.103793203830719
2476.0 15.121066242456436
2477.0 15.217461585998535
2478.0 15.224364757537842
2479.0 15.217280268669128
2480.0 15.2279894053936
2481.0 15.278513580560684
2482.0 15.32007348537445
2483.0 15.314126282930374
2484.0 15.37892895936966
2485.0 15.436838179826736
2486.0 15.466587007045746
2487.0 15.500903487205505
2488.0 15.475244015455246
2489.0 15.501202166080475
2490.0 15.526790618896484
2491.0 15.482499897480011
2492.0 15.495311439037323
2493.0 15.502534866333008
2494.0 15.534988045692444
2495.0 15.583369940519333
2496.0 15.626301109790802
2497.0 15.71760606765747
2498.0 15.764974921941757
2499.0 15.762957662343979
2500.0 15.813257783651352
2501.0 15.827771872282028
2502.0 15.778259545564651
2503.0 15.759364128112793
2504.0 15.763847887516022
2505.0 15.720857411623001
2506.0 15.82174962759018
2507.0 15.85338020324707
2508.0 15.821977943181992
2509.0 15.796804010868073
2510.0 15.804703086614609
2511.0 15.838120341300964
2512.0 15.868587911128998
2513.0 15.86437138915062
2514.0 15.872577279806137
2515.0 15.856393575668335
2516.0 15.837790429592133
2517.0 15.861089944839478
2518.0 15.848812013864517
2519.0 15.812200427055359
2520.0 15.786545157432556
2521.0 15.80722850561142
2522.0 15.790189296007156
2523.0 15.779583066701889
2524.0 15.794273108243942
2525.0 15.810559183359146
2526.0 15.769028931856155
2527.0 15.749509781599045
2528.0 15.685868978500366
2529.0 15.728820413351059
2530.0 15.744674146175385
2531.0 15.755134582519531
2532.0 15.69674238562584
2533.0 15.717876344919205
2534.0 15.693660348653793
2535.0 15.69126582145691
2536.0 15.732743173837662
2537.0 15.764917820692062
2538.0 15.7344129383564
2539.0 15.696398913860321
2540.0 15.733733832836151
2541.0 15.678459763526917
2542.0 15.636316537857056
2543.0 15.629527747631073
2544.0 15.641288429498672
2545.0 15.650399148464203
2546.0 15.676547825336456
2547.0 15.711691856384277
2548.0 15.731520652770996
2549.0 15.697397321462631
2550.0 15.645144432783127
2551.0 15.628440290689468
2552.0 15.653161108493805
2553.0 15.647726982831955
2554.0 15.646973758935928
2555.0 15.579883575439453
2556.0 15.576841354370117
2557.0 15.558810263872147
2558.0 15.462248086929321
2559.0 15.370995044708252
2560.0 15.37394255399704
2561.0 15.384053379297256
2562.0 15.342286318540573
2563.0 15.307822823524475
2564.0 15.274814456701279
2565.0 15.297048032283783
2566.0 15.341369062662125
2567.0 15.326257079839706
2568.0 15.268239498138428
2569.0 15.24709901213646
2570.0 15.20928379893303
2571.0 15.183465480804443
2572.0 15.190618634223938
2573.0 15.178080350160599
2574.0 15.163649529218674
2575.0 15.18427112698555
2576.0 15.120378732681274
2577.0 15.072731018066406
2578.0 15.075991839170456
2579.0 15.01956820487976
2580.0 14.990763992071152
2581.0 14.997191071510315
2582.0 14.980985283851624
2583.0 14.917837172746658
2584.0 14.93859675526619
2585.0 14.95204684138298
2586.0 14.940501987934113
2587.0 14.925831615924835
2588.0 14.88467687368393
2589.0 14.871565014123917
2590.0 14.882852107286453
2591.0 14.881471276283264
2592.0 14.889096915721893
2593.0 14.855854660272598
2594.0 14.841673165559769
2595.0 14.806252092123032
2596.0 14.755576461553574
2597.0 14.771415501832962
2598.0 14.756482541561127
2599.0 14.724723815917969
2600.0 14.715262323617935
2601.0 14.667296200990677
2602.0 14.654165118932724
2603.0 14.633382469415665
2604.0 14.58325570821762
2605.0 14.62305822968483
2606.0 14.58600178360939
2607.0 14.551485449075699
2608.0 14.547285944223404
2609.0 14.543086260557175
2610.0 14.497759312391281
2611.0 14.472433626651764
2612.0 14.399138897657394
2613.0 14.377585023641586
2614.0 14.413502126932144
2615.0 14.364313185214996
2616.0 14.337911486625671
2617.0 14.33113843202591
2618.0 14.361631214618683
2619.0 14.351108431816101
2620.0 14.350519239902496
2621.0 14.378598988056183
2622.0 14.388190746307373
2623.0 14.37078931927681
2624.0 14.356175988912582
2625.0 14.353074133396149
2626.0 14.399877965450287
2627.0 14.421523034572601
2628.0 14.392205983400345
2629.0 14.384943157434464
2630.0 14.360571414232254
2631.0 14.342017710208893
2632.0 14.316574066877365
2633.0 14.33917760848999
2634.0 14.358078122138977
2635.0 14.360904544591904
2636.0 14.373835355043411
2637.0 14.391937404870987
2638.0 14.40945228934288
2639.0 14.411718547344208
2640.0 14.387913852930069
2641.0 14.391745060682297
2642.0 14.376669466495514
2643.0 14.368537276983261
2644.0 14.388377368450165
2645.0 14.420909017324448
2646.0 14.431248307228088
2647.0 14.444770723581314
2648.0 14.476184606552124
2649.0 14.487566351890564
2650.0 14.499744921922684
2651.0 14.499476730823517
2652.0 14.489054441452026
2653.0 14.490853071212769
2654.0 14.501586616039276
2655.0 14.504509329795837
2656.0 14.47636216878891
2657.0 14.410258948802948
2658.0 14.350204914808273
2659.0 14.360833138227463
2660.0 14.335519105196
2661.0 14.34555247426033
2662.0 14.326475083827972
2663.0 14.35244619846344
2664.0 14.354039132595062
2665.0 14.39246055483818
2666.0 14.399021744728088
2667.0 14.414844274520874
2668.0 14.396241277456284
2669.0 14.3784858584404
2670.0 14.409625798463821
2671.0 14.44635009765625
2672.0 14.435525864362717
2673.0 14.409818470478058
2674.0 14.376096993684769
2675.0 14.314834654331207
2676.0 14.291835218667984
2677.0 14.273478716611862
2678.0 14.240411788225174
2679.0 14.217475235462189
2680.0 14.185746163129807
2681.0 14.102560013532639
2682.0 14.052171856164932
2683.0 14.070560723543167
2684.0 13.969973802566528
2685.0 13.964806884527206
2686.0 13.967553585767746
2687.0 13.974462389945984
2688.0 14.019831776618958
2689.0 14.032378047704697
2690.0 14.022313565015793
2691.0 14.013353437185287
2692.0 13.990077018737793
2693.0 13.999344944953918
2694.0 13.971933722496033
2695.0 14.003876060247421
2696.0 14.03307294845581
2697.0 14.025285631418228
2698.0 14.050218135118484
2699.0 14.070745676755905
2700.0 14.070584744215012
2701.0 14.050102710723877
2702.0 14.00862181186676
2703.0 13.977566093206406
2704.0 13.930124878883362
2705.0 13.8936168551445
2706.0 13.867280453443527
2707.0 13.886609226465225
2708.0 13.862343937158585
2709.0 13.845669478178024
2710.0 13.837621599435806
2711.0 13.82791519165039
2712.0 13.799476623535156
2713.0 13.85016280412674
2714.0 13.900241166353226
2715.0 13.908865213394165
2716.0 13.887551844120026
2717.0 13.895427584648132
2718.0 13.8730908036232
2719.0 13.839873284101486
2720.0 13.827010571956635
2721.0 13.793740898370743
2722.0 13.833481818437576
2723.0 13.838849276304245
2724.0 13.79987519979477
2725.0 13.809280782938004
2726.0 13.774153769016266
2727.0 13.734616249799728
2728.0 13.617606610059738
2729.0 13.491883844137192
2730.0 13.472955763339996
2731.0 13.447995573282242
2732.0 13.422866582870483
2733.0 13.40502142906189
2734.0 13.402381300926208
2735.0 13.402745544910431
2736.0 13.37991714477539
2737.0 13.383143991231918
2738.0 13.381058514118195
2739.0 13.320888310670853
2740.0 13.31371334195137
2741.0 13.300104647874832
2742.0 13.309092372655869
2743.0 13.370208591222763
2744.0 13.391963362693787
2745.0 13.394486397504807
2746.0 13.327531337738037
2747.0 13.343697935342789
2748.0 13.340015262365341
2749.0 13.335705012083054
2750.0 13.374812215566635
2751.0 13.37798273563385
2752.0 13.403045922517776
2753.0 13.361698240041733
2754.0 13.382531970739365
2755.0 13.402129411697388
2756.0 13.382159292697906
2757.0 13.353304386138916
2758.0 13.31016892194748
2759.0 13.321671068668365
2760.0 13.267574578523636
2761.0 13.255434155464172
2762.0 13.21805864572525
2763.0 13.246853739023209
2764.0 13.230745255947113
2765.0 13.201860845088959
2766.0 13.140400677919388
2767.0 13.093619704246521
2768.0 13.087020516395569
2769.0 13.065563529729843
2770.0 13.030625939369202
2771.0 13.037724703550339
2772.0 13.0078684091568
2773.0 12.987182408571243
2774.0 12.99728113412857
2775.0 13.00760868191719
2776.0 13.041305810213089
2777.0 12.993458837270737
2778.0 13.029095739126205
2779.0 13.015786468982697
2780.0 13.000880688428879
2781.0 13.006496757268906
2782.0 13.02084669470787
2783.0 12.990194261074066
2784.0 12.979062050580978
2785.0 13.033447325229645
2786.0 13.023926138877869
2787.0 12.968854010105133
2788.0 12.99272295832634
2789.0 13.011307418346405
2790.0 12.960231393575668
2791.0 12.990853637456894
2792.0 12.980405181646347
2793.0 12.993322432041168
2794.0 12.973852545022964
2795.0 12.962624579668045
2796.0 12.950251162052155
2797.0 12.926341325044632
2798.0 12.93669244647026
2799.0 12.961834371089935
2800.0 12.881105154752731
2801.0 12.874991685152054
2802.0 12.926551014184952
2803.0 12.938844591379166
2804.0 12.874148219823837
2805.0 12.940248966217041
2806.0 12.982741862535477
2807.0 12.875296235084534
2808.0 12.867206186056137
2809.0 12.901598662137985
2810.0 12.844159096479416
2811.0 12.862227737903595
2812.0 12.931318521499634
2813.0 12.950388610363007
2814.0 12.93663227558136
2815.0 12.955777734518051
2816.0 13.00988483428955
2817.0 12.961354851722717
2818.0 12.94064849615097
2819.0 12.908063799142838
2820.0 12.952835530042648
2821.0 12.932140499353409
2822.0 12.893719255924225
2823.0 12.875303655862808
2824.0 12.846400946378708
2825.0 12.87949937582016
2826.0 12.855598837137222
2827.0 12.872458308935165
2828.0 12.927763223648071
2829.0 12.863899528980255
2830.0 12.915726125240326
2831.0 12.910463035106659
2832.0 12.871886134147644
2833.0 12.868756383657455
2834.0 12.944747120141983
2835.0 12.822958409786224
2836.0 12.797516494989395
2837.0 12.780063509941101
2838.0 12.783322155475616
2839.0 12.731316328048706
2840.0 12.725369960069656
2841.0 12.722303867340088
2842.0 12.66761028766632
2843.0 12.686295092105865
2844.0 12.694131016731262
2845.0 12.710142195224762
2846.0 12.745115220546722
2847.0 12.782737910747528
2848.0 12.756803661584854
2849.0 12.745624631643295
2850.0 12.7674340903759
2851.0 12.791235387325287
2852.0 12.776138186454773
2853.0 12.776878118515015
2854.0 12.821864992380142
2855.0 12.798447996377945
2856.0 12.819015771150589
2857.0 12.834176301956177
2858.0 12.824815183877945
2859.0 12.83408835530281
2860.0 12.821864813566208
2861.0 12.824356198310852
2862.0 12.836584657430649
2863.0 12.815953373908997
2864.0 12.812500655651093
2865.0 12.772045880556107
2866.0 12.724792718887329
2867.0 12.702925890684128
2868.0 12.680628836154938
2869.0 12.716098427772522
2870.0 12.704986333847046
2871.0 12.679969310760498
2872.0 12.71092864871025
2873.0 12.69472187757492
2874.0 12.734676599502563
2875.0 12.722525894641876
2876.0 12.712622731924057
2877.0 12.732057839632034
2878.0 12.711026728153229
2879.0 12.782760351896286
2880.0 12.773678839206696
2881.0 12.735543757677078
2882.0 12.715673685073853
2883.0 12.735218465328217
2884.0 12.727982461452484
2885.0 12.72403272986412
2886.0 12.756518393754959
2887.0 12.725890338420868
2888.0 12.707568436861038
2889.0 12.695825934410095
2890.0 12.693075209856033
2891.0 12.72967380285263
2892.0 12.754859626293182
2893.0 12.749225080013275
2894.0 12.750687152147293
2895.0 12.758923798799515
2896.0 12.713239014148712
2897.0 12.749764084815979
2898.0 12.734363079071045
2899.0 12.690113455057144
2900.0 12.71048241853714
2901.0 12.70272633433342
2902.0 12.709538489580154
2903.0 12.6831014752388
2904.0 12.676705181598663
2905.0 12.67039966583252
2906.0 12.675338685512543
2907.0 12.672729313373566
2908.0 12.64366802573204
2909.0 12.692484110593796
2910.0 12.652218520641327
2911.0 12.668693155050278
2912.0 12.669915646314621
2913.0 12.68215999007225
2914.0 12.711905479431152
2915.0 12.690180152654648
2916.0 12.658128082752228
2917.0 12.626345306634903
2918.0 12.691278517246246
2919.0 12.68147337436676
2920.0 12.674816966056824
2921.0 12.671996176242828
2922.0 12.6820829808712
2923.0 12.696909606456757
2924.0 12.707750231027603
2925.0 12.75161537528038
2926.0 12.706080824136734
2927.0 12.758687674999237
2928.0 12.755093097686768
2929.0 12.70860931277275
2930.0 12.71870842576027
2931.0 12.706647366285324
2932.0 12.754415601491928
2933.0 12.788648098707199
2934.0 12.812525033950806
2935.0 12.827084928750992
2936.0 12.799562245607376
2937.0 12.779158174991608
2938.0 12.807902932167053
2939.0 12.810125559568405
2940.0 12.824323892593384
2941.0 12.811671882867813
2942.0 12.815848410129547
2943.0 12.827918082475662
2944.0 12.810865819454193
2945.0 12.822620004415512
2946.0 12.847851723432541
2947.0 12.815575331449509
2948.0 12.837193727493286
2949.0 12.804823726415634
2950.0 12.788963466882706
2951.0 12.765742599964142
2952.0 12.817159503698349
2953.0 12.852239847183228
2954.0 12.89645129442215
2955.0 12.86906710267067
2956.0 12.819759100675583
2957.0 12.816560596227646
2958.0 12.785143435001373
2959.0 12.795102447271347
2960.0 12.793274879455566
2961.0 12.810529738664627
2962.0 12.745287597179413
2963.0 12.727579116821289
2964.0 12.69828450679779
2965.0 12.698110312223434
2966.0 12.739822626113892
2967.0 12.697848170995712
2968.0 12.661299616098404
2969.0 12.653899908065796
2970.0 12.636969149112701
2971.0 12.621369779109955
2972.0 12.639549195766449
2973.0 12.60588327050209
2974.0 12.582124590873718
2975.0 12.612608850002289
2976.0 12.572534501552582
2977.0 12.58343094587326
2978.0 12.60688403248787
2979.0 12.625095009803772
2980.0 12.573403060436249
2981.0 12.596206158399582
2982.0 12.563719660043716
2983.0 12.55399939417839
2984.0 12.568931937217712
2985.0 12.580157577991486
2986.0 12.56747853755951
2987.0 12.582484900951385
2988.0 12.617159128189087
2989.0 12.64857268333435
2990.0 12.661501348018646
2991.0 12.690196633338928
2992.0 12.707452416419983
2993.0 12.684815227985382
2994.0 12.655514270067215
2995.0 12.66555055975914
2996.0 12.672006160020828
2997.0 12.716958701610565
2998.0 12.744407176971436
2999.0 12.77549421787262
3000.0 12.758816480636597
3001.0 12.752626419067383
3002.0 12.761168420314789
3003.0 12.72683560848236
3004.0 12.716596215963364
3005.0 12.730045080184937
3006.0 12.712029576301575
3007.0 12.703869789838791
3008.0 12.683810830116272
3009.0 12.665244966745377
3010.0 12.663287192583084
3011.0 12.674593150615692
3012.0 12.677238672971725
3013.0 12.641786992549896
3014.0 12.657230466604233
3015.0 12.651513487100601
3016.0 12.629479110240936
3017.0 12.631398797035217
3018.0 12.585179507732391
3019.0 12.568864434957504
3020.0 12.545123308897018
3021.0 12.531073182821274
3022.0 12.52270433306694
3023.0 12.452333599328995
3024.0 12.404132544994354
3025.0 12.426076769828796
3026.0 12.407537400722504
3027.0 12.417089462280273
3028.0 12.3539497256279
3029.0 12.302093267440796
3030.0 12.328110605478287
3031.0 12.304420530796051
3032.0 12.276891022920609
3033.0 12.252793490886688
3034.0 12.26260906457901
3035.0 12.192551016807556
3036.0 12.187316983938217
3037.0 12.17341724038124
3038.0 12.137164443731308
3039.0 12.158102065324783
3040.0 12.156430274248123
3041.0 12.144325911998749
3042.0 12.140283823013306
3043.0 12.106859803199768
3044.0 12.092020273208618
3045.0 12.093125939369202
3046.0 12.042054563760757
3047.0 12.023901611566544
3048.0 12.041152626276016
3049.0 12.02021312713623
3050.0 12.04164144396782
3051.0 12.032368570566177
3052.0 12.013236284255981
3053.0 12.021172642707825
3054.0 12.00020545721054
3055.0 12.009947270154953
3056.0 11.99461680650711
3057.0 11.99981889128685
3058.0 11.964944809675217
3059.0 11.950944125652313
3060.0 11.980454683303833
3061.0 11.980591922998428
3062.0 11.957700192928314
3063.0 11.972536504268646
3064.0 11.962706714868546
3065.0 11.977332532405853
3066.0 11.949820429086685
3067.0 11.928572237491608
3068.0 11.928591251373291
3069.0 11.927607119083405
3070.0 11.900905102491379
3071.0 11.858552724123001
3072.0 11.847167760133743
3073.0 11.829476684331894
3074.0 11.80815464258194
3075.0 11.792741119861603
3076.0 11.796235889196396
3077.0 11.781865507364273
3078.0 11.782685369253159
3079.0 11.769858181476593
3080.0 11.745377779006958
3081.0 11.722279161214828
3082.0 11.68294906616211
3083.0 11.708953350782394
3084.0 11.6594859957695
3085.0 11.649988412857056
3086.0 11.703566640615463
3087.0 11.6978580057621
3088.0 11.65347096323967
3089.0 11.643849819898605
3090.0 11.64449617266655
3091.0 11.64032393693924
3092.0 11.636205554008484
3093.0 11.681387156248093
3094.0 11.663127303123474
3095.0 11.694823533296585
3096.0 11.659003466367722
3097.0 11.668981403112411
3098.0 11.648056447505951
3099.0 11.682738602161407
3100.0 11.674171209335327
3101.0 11.683056384325027
3102.0 11.732523411512375
3103.0 11.726676791906357
3104.0 11.731320530176163
3105.0 11.704551994800568
3106.0 11.706681966781616
3107.0 11.668858230113983
3108.0 11.672892153263092
3109.0 11.692738503217697
3110.0 11.689168751239777
3111.0 11.666734457015991
3112.0 11.671967178583145
3113.0 11.636296957731247
3114.0 11.579717129468918
3115.0 11.587750256061554
3116.0 11.612458556890488
3117.0 11.60343188047409
3118.0 11.56480085849762
3119.0 11.54996320605278
3120.0 11.536796599626541
3121.0 11.540896654129028
3122.0 11.536743879318237
3123.0 11.548326283693314
3124.0 11.548113256692886
3125.0 11.563133150339127
3126.0 11.543967992067337
3127.0 11.55980297923088
3128.0 11.552046686410904
3129.0 11.55197063088417
3130.0 11.592373341321945
3131.0 11.606639564037323
3132.0 11.586833328008652
3133.0 11.58752316236496
3134.0 11.576569229364395
3135.0 11.610474109649658
3136.0 11.585945397615433
3137.0 11.578460544347763
3138.0 11.600306689739227
3139.0 11.569530367851257
3140.0 11.574768483638763
3141.0 11.632957965135574
3142.0 11.623565822839737
3143.0 11.60392028093338
3144.0 11.568997919559479
3145.0 11.6166350543499
3146.0 11.586883455514908
3147.0 11.584300130605698
3148.0 11.58765560388565
3149.0 11.592498242855072
3150.0 11.587065547704697
3151.0 11.575198292732239
3152.0 11.577751964330673
3153.0 11.53118959069252
3154.0 11.533973842859268
3155.0 11.518708407878876
3156.0 11.573649108409882
3157.0 11.557470113039017
3158.0 11.556246280670166
3159.0 11.5515695810318
3160.0 11.57397273182869
3161.0 11.587936669588089
3162.0 11.545289039611816
3163.0 11.523074984550476
3164.0 11.510637253522873
3165.0 11.479320645332336
3166.0 11.494976043701172
3167.0 11.499965757131577
3168.0 11.426031947135925
3169.0 11.409334629774094
3170.0 11.403236269950867
3171.0 11.445814430713654
3172.0 11.370603501796722
3173.0 11.353092849254608
3174.0 11.363139927387238
3175.0 11.390150994062424
3176.0 11.353769272565842
3177.0 11.335546672344208
3178.0 11.342784106731415
3179.0 11.334885984659195
3180.0 11.319229692220688
3181.0 11.339680761098862
3182.0 11.342075765132904
3183.0 11.31630289554596
3184.0 11.301675468683243
3185.0 11.316280603408813
3186.0 11.321466982364655
3187.0 11.27067768573761
3188.0 11.244977980852127
3189.0 11.273656636476517
3190.0 11.257925391197205
3191.0 11.24249267578125
3192.0 11.26514744758606
3193.0 11.215953290462494
3194.0 11.20601013302803
3195.0 11.20947054028511
3196.0 11.198977172374725
3197.0 11.216299265623093
3198.0 11.21295040845871
3199.0 11.234780967235565
3200.0 11.184638619422913
3201.0 11.190151035785675
3202.0 11.168159812688828
3203.0 11.155165761709213
3204.0 11.164234817028046
3205.0 11.153497517108917
3206.0 11.121135771274567
3207.0 11.10730031132698
3208.0 11.085255771875381
3209.0 11.11143246293068
3210.0 11.104099363088608
3211.0 11.07593658566475
3212.0 11.066633015871048
3213.0 11.067601203918457
3214.0 11.001838147640228
3215.0 10.992606580257416
3216.0 11.008207976818085
3217.0 10.992674946784973
3218.0 10.9367014169693
3219.0 10.91354975104332
3220.0 10.893364280462265
3221.0 10.922427654266357
3222.0 10.954801470041275
3223.0 10.900000184774399
3224.0 10.903002560138702
3225.0 10.887321144342422
3226.0 10.891653567552567
3227.0 10.912661105394363
3228.0 10.886975139379501
3229.0 10.835081428289413
3230.0 10.805894672870636
3231.0 10.865068197250366
3232.0 10.82386228442192
3233.0 10.75999766588211
3234.0 10.693280786275864
3235.0 10.722172647714615
3236.0 10.701703071594238
3237.0 10.698886066675186
3238.0 10.660889029502869
3239.0 10.608962446451187
3240.0 10.553089618682861
3241.0 10.532015413045883
3242.0 10.513144761323929
3243.0 10.48181527853012
3244.0 10.473338156938553
3245.0 10.450870424509048
3246.0 10.42151364684105
3247.0 10.439611315727234
3248.0 10.39399191737175
3249.0 10.414714217185974
3250.0 10.394829660654068
3251.0 10.357531100511551
3252.0 10.354735493659973
3253.0 10.346659719944
3254.0 10.315849423408508
3255.0 10.312227725982666
3256.0 10.278393685817719
3257.0 10.262655258178711
3258.0 10.26722440123558
3259.0 10.275804698467255
3260.0 10.249568700790405
3261.0 10.225686758756638
3262.0 10.197569847106934
3263.0 10.181883722543716
3264.0 10.17561087012291
3265.0 10.121726214885712
3266.0 10.152358144521713
3267.0 10.122270494699478
3268.0 10.109312802553177
3269.0 10.069215208292007
3270.0 10.109400242567062
3271.0 10.110306441783905
3272.0 10.108502298593521
3273.0 10.096064001321793
3274.0 10.092525124549866
3275.0 10.056551367044449
3276.0 10.008754789829254
3277.0 9.99268290400505
3278.0 9.996122002601624
3279.0 9.980427861213684
3280.0 9.996222883462906
3281.0 9.992133885622025
3282.0 10.014600694179535
3283.0 9.988752275705338
3284.0 9.984750181436539
3285.0 9.96963432431221
3286.0 9.981412291526794
3287.0 9.952607333660126
3288.0 9.903845608234406
3289.0 9.899731785058975
3290.0 9.888096302747726
3291.0 9.837787389755249
3292.0 9.824699014425278
3293.0 9.7896109521389
3294.0 9.798251420259476
3295.0 9.75734269618988
3296.0 9.769630938768387
3297.0 9.764582931995392
3298.0 9.760822802782059
3299.0 9.756349176168442
3300.0 9.751449316740036
3301.0 9.71875849366188
3302.0 9.702307164669037
3303.0 9.714319407939911
3304.0 9.693012684583664
3305.0 9.705549120903015
3306.0 9.67058578133583
3307.0 9.684107840061188
3308.0 9.674957245588303
3309.0 9.646387219429016
3310.0 9.607058107852936
3311.0 9.543860137462616
3312.0 9.563537806272507
3313.0 9.584709793329239
3314.0 9.585145741701126
3315.0 9.56414920091629
3316.0 9.512708127498627
3317.0 9.494767874479294
3318.0 9.511905133724213
3319.0 9.500076025724411
3320.0 9.497873932123184
3321.0 9.470772534608841
3322.0 9.47246977686882
3323.0 9.421954095363617
3324.0 9.387676864862442
3325.0 9.396632075309753
3326.0 9.382453262805939
3327.0 9.353633522987366
3328.0 9.34641382098198
3329.0 9.329954385757446
3330.0 9.336552262306213
3331.0 9.311027973890305
3332.0 9.266878247261047
3333.0 9.272274047136307
3334.0 9.235476553440094
3335.0 9.235979974269867
3336.0 9.231890678405762
3337.0 9.22619017958641
3338.0 9.210914850234985
3339.0 9.179205864667892
3340.0 9.176482766866684
3341.0 9.198472827672958
3342.0 9.198416620492935
3343.0 9.133161455392838
3344.0 9.142920196056366
3345.0 9.12247085571289
3346.0 9.117203325033188
3347.0 9.125066936016083
3348.0 9.169262707233429
3349.0 9.149562984704971
3350.0 9.130285412073135
3351.0 9.116944074630737
3352.0 9.132774829864502
3353.0 9.165840923786163
3354.0 9.141710042953491
3355.0 9.165977567434311
3356.0 9.114958584308624
3357.0 9.11203521490097
3358.0 9.1156205534935
3359.0 9.14540183544159
3360.0 9.146607488393784
3361.0 9.14044925570488
3362.0 9.138767331838608
3363.0 9.090823322534561
3364.0 9.100234538316727
3365.0 9.122913777828217
3366.0 9.102902948856354
3367.0 9.11010393500328
3368.0 9.09946221113205
3369.0 9.119329065084457
3370.0 9.077595949172974
3371.0 9.078050553798676
3372.0 9.04539942741394
3373.0 9.016348212957382
3374.0 9.032166421413422
3375.0 9.036605507135391
3376.0 9.02349704504013
3377.0 9.00127986073494
3378.0 9.01266559958458
3379.0 8.990015238523483
3380.0 8.984256356954575
3381.0 8.978945523500443
3382.0 8.990763634443283
3383.0 8.984035223722458
3384.0 8.971967071294785
3385.0 8.990970939397812
3386.0 8.943035215139389
3387.0 8.953230172395706
3388.0 8.971812784671783
3389.0 8.946603000164032
3390.0 8.914259612560272
3391.0 8.906634896993637
3392.0 8.89985477924347
3393.0 8.883745700120926
3394.0 8.86800891160965
3395.0 8.851494699716568
3396.0 8.847822308540344
3397.0 8.822585642337799
3398.0 8.8215711414814
3399.0 8.836419999599457
3400.0 8.808539390563965
3401.0 8.87791782617569
3402.0 8.926768273115158
3403.0 8.921997338533401
3404.0 8.910622030496597
3405.0 8.940370678901672
3406.0 8.935970932245255
3407.0 8.930702269077301
3408.0 8.928801834583282
3409.0 8.888158917427063
3410.0 8.91087955236435
3411.0 8.883316904306412
3412.0 8.921515733003616
3413.0 8.934287935495377
3414.0 8.946535557508469
3415.0 8.907418489456177
3416.0 8.906952947378159
3417.0 8.915087699890137
3418.0 8.951826751232147
3419.0 8.91994857788086
3420.0 8.891164928674698
3421.0 8.831529349088669
3422.0 8.846318662166595
3423.0 8.871775299310684
3424.0 8.877797544002533
3425.0 8.863494724035263
3426.0 8.886424511671066
3427.0 8.875756710767746
3428.0 8.868254095315933
3429.0 8.839345633983612
3430.0 8.844290733337402
3431.0 8.80047020316124
3432.0 8.843145996332169
3433.0 8.814475417137146
3434.0 8.819277465343475
3435.0 8.80952450633049
3436.0 8.825282454490662
3437.0 8.835161656141281
3438.0 8.835214793682098
3439.0 8.860426485538483
3440.0 8.862611830234528
3441.0 8.899789839982986
3442.0 8.922033488750458
3443.0 8.923977106809616
3444.0 8.893574297428131
3445.0 8.906560063362122
3446.0 8.927467465400696
3447.0 8.887526839971542
3448.0 8.900839507579803
3449.0 8.9070243537426
3450.0 8.923984199762344
3451.0 8.892115145921707
3452.0 8.908417820930481
3453.0 8.906487256288528
3454.0 8.89022234082222
3455.0 8.873495191335678
3456.0 8.885935306549072
3457.0 8.882894933223724
3458.0 8.878048807382584
3459.0 8.862238556146622
3460.0 8.832786083221436
3461.0 8.830314874649048
3462.0 8.78982624411583
3463.0 8.77478739619255
3464.0 8.801450401544571
3465.0 8.80417975783348
3466.0 8.802980661392212
3467.0 8.802762925624847
3468.0 8.787349492311478
3469.0 8.791092544794083
3470.0 8.7770394384861
3471.0 8.784432083368301
3472.0 8.813002228736877
3473.0 8.797705501317978
3474.0 8.792793691158295
3475.0 8.797879159450531
3476.0 8.773377120494843
3477.0 8.790983229875565
3478.0 8.826367676258087
3479.0 8.829968899488449
3480.0 8.78717041015625
3481.0 8.787256091833115
3482.0 8.812310218811035
3483.0 8.83227452635765
3484.0 8.823562502861023
3485.0 8.838063776493073
3486.0 8.820532143115997
3487.0 8.825547188520432
3488.0 8.812013685703278
3489.0 8.7980617582798
3490.0 8.818183720111847
3491.0 8.801406621932983
3492.0 8.832425832748413
3493.0 8.837834924459457
3494.0 8.839033156633377
3495.0 8.861887514591217
3496.0 8.88221150636673
3497.0 8.891217738389969
3498.0 8.915619850158691
3499.0 8.909482091665268
3500.0 8.938281387090683
3501.0 8.924245715141296
3502.0 8.953564614057541
3503.0 8.972669333219528
3504.0 8.993712365627289
3505.0 9.000278025865555
3506.0 8.980044394731522
3507.0 9.018078237771988
3508.0 9.038245260715485
3509.0 9.059425950050354
3510.0 9.06613740324974
3511.0 9.083129346370697
3512.0 9.077814429998398
3513.0 9.060443073511124
3514.0 9.099267929792404
3515.0 9.109000712633133
3516.0 9.124098539352417
3517.0 9.097683697938919
3518.0 9.077104330062866
3519.0 9.079580336809158
3520.0 9.106576472520828
3521.0 9.079270750284195
3522.0 9.106876164674759
3523.0 9.091220915317535
3524.0 9.106544703245163
3525.0 9.180663079023361
3526.0 9.195762127637863
3527.0 9.191427379846573
3528.0 9.182186961174011
3529.0 9.192771047353745
3530.0 9.216406226158142
3531.0 9.156276196241379
3532.0 9.186750173568726
3533.0 9.211071878671646
3534.0 9.230229616165161
3535.0 9.21866199374199
3536.0 9.21277466416359
3537.0 9.247105032205582
3538.0 9.250981241464615
3539.0 9.256290465593338
3540.0 9.258856803178787
3541.0 9.239217579364777
3542.0 9.27710047364235
3543.0 9.261834532022476
3544.0 9.289759814739227
3545.0 9.282564133405685
3546.0 9.298634380102158
3547.0 9.317028939723969
3548.0 9.303667187690735
3549.0 9.293287128210068
3550.0 9.298021465539932
3551.0 9.311919540166855
3552.0 9.306924045085907
3553.0 9.305054366588593
3554.0 9.36109146475792
3555.0 9.309637665748596
3556.0 9.367576479911804
3557.0 9.353828191757202
3558.0 9.370888888835907
3559.0 9.386524140834808
3560.0 9.364159017801285
3561.0 9.372140437364578
3562.0 9.376516938209534
3563.0 9.356553971767426
3564.0 9.380785018205643
3565.0 9.38648909330368
3566.0 9.408770948648453
3567.0 9.395389258861542
3568.0 9.398863047361374
3569.0 9.417868465185165
3570.0 9.411030411720276
3571.0 9.402726650238037
3572.0 9.370927542448044
3573.0 9.38242256641388
3574.0 9.388738691806793
3575.0 9.35787370800972
3576.0 9.380987823009491
3577.0 9.35086014866829
3578.0 9.307631373405457
3579.0 9.304783791303635
3580.0 9.325813591480255
3581.0 9.369189113378525
3582.0 9.309690773487091
3583.0 9.300736874341965
3584.0 9.296813756227493
3585.0 9.275409370660782
3586.0 9.268273413181305
3587.0 9.247962445020676
3588.0 9.22506758570671
3589.0 9.202021032571793
3590.0 9.207276374101639
3591.0 9.210251033306122
3592.0 9.173097521066666
3593.0 9.21352767944336
3594.0 9.202457457780838
3595.0 9.218898087739944
3596.0 9.194320648908615
3597.0 9.185910046100616
3598.0 9.200782656669617
3599.0 9.168148010969162
3600.0 9.203333973884583
3601.0 9.190516173839569
3602.0 9.179027378559113
3603.0 9.1537706553936
3604.0 9.17498368024826
3605.0 9.205058574676514
3606.0 9.19649052619934
3607.0 9.1715689599514
3608.0 9.16153222322464
3609.0 9.188625007867813
3610.0 9.15538838505745
3611.0 9.177444040775299
3612.0 9.191079705953598
3613.0 9.143713593482971
3614.0 9.15997987985611
3615.0 9.181744545698166
3616.0 9.145359367132187
3617.0 9.136873215436935
3618.0 9.15407058596611
3619.0 9.168157368898392
3620.0 9.156043916940689
3621.0 9.122189432382584
3622.0 9.155230611562729
3623.0 9.148125439882278
3624.0 9.137632697820663
3625.0 9.129016518592834
3626.0 9.115162760019302
3627.0 9.119657158851624
3628.0 9.129036456346512
3629.0 9.08935233950615
3630.0 9.07083186507225
3631.0 9.072577148675919
3632.0 9.081510066986084
3633.0 9.074332356452942
3634.0 9.023539960384369
3635.0 9.042720049619675
3636.0 9.0521839261055
3637.0 9.0192149579525
3638.0 9.018183022737503
3639.0 9.035540759563446
3640.0 9.025533825159073
3641.0 9.036336243152618
3642.0 9.006848782300949
3643.0 8.976128369569778
3644.0 8.987355649471283
3645.0 8.957264244556427
3646.0 8.949819177389145
3647.0 8.961400240659714
3648.0 8.98028114438057
3649.0 8.971178472042084
3650.0 8.939937025308609
3651.0 8.975317299365997
3652.0 8.976759850978851
3653.0 8.951222866773605
3654.0 8.965899497270584
3655.0 8.941106915473938
3656.0 8.916658252477646
3657.0 8.939280271530151
3658.0 8.916670352220535
3659.0 8.916850537061691
3660.0 8.908072769641876
3661.0 8.919196337461472
3662.0 8.914273232221603
3663.0 8.879225313663483
3664.0 8.87024712562561
3665.0 8.830004125833511
3666.0 8.826067864894867
3667.0 8.83520993590355
3668.0 8.823820352554321
3669.0 8.818645179271698
3670.0 8.804667919874191
3671.0 8.810366600751877
3672.0 8.771573185920715
3673.0 8.745977640151978
3674.0 8.71208468079567
3675.0 8.701121360063553
3676.0 8.678490042686462
3677.0 8.69327598810196
3678.0 8.682415843009949
3679.0 8.642180323600769
