1.0 3.090460835910234
2.0 3.074848116421309
3.0 3.0815946977646624
4.0 3.0921450052105013
5.0 3.0903537195236956
6.0 3.1014540429975166
7.0 3.0937168285494945
8.0 3.0797932616999892
9.0 3.0849861316993588
10.0 3.087799392762731
11.0 3.0822973446767836
12.0 3.0724161531104417
13.0 3.083205922705228
14.0 3.0734554783242647
15.0 3.079726176183732
16.0 3.0744592518102927
17.0 3.0664488956576488
18.0 3.066480601420168
19.0 3.060406469907917
20.0 3.0560606151330667
21.0 3.0623440586152624
22.0 3.0685068701134353
23.0 3.0548989890051668
24.0 3.0547002338972247
25.0 3.051024694911769
26.0 3.0575961441290183
27.0 3.0499806599538832
28.0 3.0581273954422747
29.0 3.0513585317330283
30.0 3.049515958692207
31.0 3.056007330534888
32.0 3.056424144838677
33.0 3.0454773121192806
34.0 3.054852165159632
35.0 3.0490960605808946
36.0 3.046314239501953
37.0 3.0423395281932395
38.0 3.0522345245861615
39.0 3.0552610139377783
40.0 3.049215097896388
41.0 3.0585576706245297
42.0 3.044831522175523
43.0 3.0441675225242237
44.0 3.045102877695052
45.0 3.048564527855545
46.0 3.0383903198554867
47.0 3.0512876197940013
48.0 3.058297231549122
49.0 3.0536596266949765
50.0 3.0404281186275797
51.0 3.04640971637163
52.0 3.0466847888758926
53.0 3.0390363833943352
54.0 3.044959017487823
55.0 3.039349368361176
56.0 3.0359725522213297
57.0 3.040397319637361
58.0 3.0454990941970075
59.0 3.0386117755389606
60.0 3.04205093227449
61.0 3.042045851222804
62.0 3.0398806470339417
63.0 3.0478954706035677
64.0 3.042371808505449
65.0 3.053207983736132
66.0 3.0375773828537738
67.0 3.0350202888738913
68.0 3.0413644939172464
69.0 3.0316083900264053
70.0 3.0303199408484285
71.0 3.0319045254441557
72.0 3.032208067471864
73.0 3.025286533793465
74.0 3.0382387794432093
75.0 3.032557753265881
76.0 3.0248322135112327
77.0 3.026659598116015
78.0 3.032238444343942
79.0 3.0275466207598076
80.0 3.018578713057471
81.0 3.007611458418799
82.0 3.007427430543743
83.0 3.0064656343616423
84.0 3.0099354376558396
85.0 2.99941189171838
86.0 3.0047984240485017
87.0 3.006558113410825
88.0 3.0013777701581112
89.0 2.993062629074347
90.0 2.9933515884837165
91.0 2.9852647937712122
92.0 2.976519299335167
93.0 2.9833666613844576
94.0 2.9757115450061735
95.0 2.9747401925384023
96.0 2.971943151755411
97.0 2.9682383889057595
98.0 2.963377123973409
99.0 2.963695924790179
100.0 2.9680452307716747
101.0 2.971023211713697
102.0 2.97471137124984
103.0 2.974133131933994
104.0 2.971472298512693
105.0 2.9619480938207907
106.0 2.964682481327995
107.0 2.967825631626317
108.0 2.9548945700536007
109.0 2.969677448272705
110.0 2.9506737638692386
111.0 2.9488115037073857
112.0 2.953304787151149
113.0 2.954931947051502
114.0 2.9628456928690925
115.0 2.962002914459979
116.0 2.951519946582982
117.0 2.9467946818617525
118.0 2.9467037349450784
119.0 2.949118860432359
120.0 2.954204770385242
121.0 2.9434298491868818
122.0 2.9408071783722423
123.0 2.9593715315959495
124.0 2.9516399219387868
125.0 2.9424352215938883
126.0 2.9334093117323077
127.0 2.9406755869505834
128.0 2.9353521221973855
129.0 2.9397818065080488
130.0 2.9376687143669753
131.0 2.9294144755504172
132.0 2.91767267711827
133.0 2.911139163814607
134.0 2.9168804512649285
135.0 2.9091234754343502
136.0 2.9180697769415183
137.0 2.9144281637473184
138.0 2.9103069227249896
139.0 2.921098638753422
140.0 2.918034616063853
141.0 2.916810027888564
142.0 2.9080846700511995
143.0 2.9159212346936836
144.0 2.914126103041602
145.0 2.900867118210089
146.0 2.9032677822425716
147.0 2.9120276404208822
148.0 2.903657901482504
149.0 2.903971261665469
150.0 2.9020443197156562
151.0 2.9039977613042613
152.0 2.9038858882716445
153.0 2.894449984441038
154.0 2.888387461177638
155.0 2.8902441243656347
156.0 2.8940142060889573
157.0 2.8906429986484716
158.0 2.88995551281288
159.0 2.8803908707665618
160.0 2.8844086146745527
161.0 2.880839238401319
162.0 2.87735890951313
163.0 2.880911991244457
164.0 2.869887414525767
165.0 2.8708135260910286
166.0 2.8655693491951366
167.0 2.8668015237714424
168.0 2.8565041393530173
169.0 2.851153432345781
170.0 2.849753653416868
171.0 2.8566818862664896
172.0 2.8412949569889756
173.0 2.8352409229903923
174.0 2.836700658329198
175.0 2.831550148666882
176.0 2.824053178068067
177.0 2.829341630466649
178.0 2.8246264535872663
179.0 2.8080080532636797
180.0 2.8099238481677946
181.0 2.8153512047939615
182.0 2.8111282059403715
183.0 2.8025228273673135
184.0 2.791071852699655
185.0 2.7926449423930686
186.0 2.777593542317875
187.0 2.772849168933806
188.0 2.7785403572145055
189.0 2.774313277885562
190.0 2.7814272036317917
191.0 2.7802522495144704
192.0 2.7753328847103433
193.0 2.7714664427960507
194.0 2.7740567590369554
195.0 2.773355484008789
196.0 2.781094371295366
197.0 2.7745870605843965
198.0 2.7658767035750094
199.0 2.7630351371452457
200.0 2.766762608387431
201.0 2.7632644020143102
202.0 2.766755717699645
203.0 2.7603396822194584
204.0 2.757449275157491
205.0 2.752211805249824
206.0 2.7512552855444734
207.0 2.7415078350755033
208.0 2.7433666909327274
209.0 2.7401914283877513
210.0 2.739486397289839
211.0 2.7261005776827454
212.0 2.727778552008457
213.0 2.730206337131438
214.0 2.7416361511730756
215.0 2.7375910790240177
216.0 2.7263136652649425
217.0 2.7371674600194713
218.0 2.7375784037543123
219.0 2.737339207383453
220.0 2.7341002558098464
221.0 2.735586486878942
222.0 2.7345592819276403
223.0 2.737521351360884
224.0 2.736547173046675
225.0 2.7353044963273847
226.0 2.736695598383419
227.0 2.728534581231289
228.0 2.7286244533101067
229.0 2.721864755036401
230.0 2.7206977078172025
231.0 2.7281195452955904
232.0 2.716598784337278
233.0 2.713965611379655
234.0 2.7282016433653284
235.0 2.7290347169657223
236.0 2.7207137952085403
237.0 2.7156805601276335
238.0 2.709261077349303
239.0 2.7047898417613547
240.0 2.70048656229113
241.0 2.713608085132036
242.0 2.698025703430176
243.0 2.7056887697000973
244.0 2.7082663520437773
245.0 2.7005738430335873
246.0 2.699551035146244
247.0 2.701303423428145
248.0 2.696607382571111
249.0 2.686899908253404
250.0 2.6774475418153356
251.0 2.676380180921711
252.0 2.6762586851589014
253.0 2.6772362716862412
254.0 2.691218837362821
255.0 2.6946141719818115
256.0 2.68911639197928
257.0 2.6776527459504176
258.0 2.6800603006706862
259.0 2.6834550411974796
260.0 2.6746769498606198
261.0 2.680569097643993
262.0 2.673775465762029
263.0 2.6665348928482806
264.0 2.6637033048223278
265.0 2.6617938885923293
266.0 2.671280556037778
267.0 2.670297243556038
268.0 2.673600919911119
269.0 2.667558415991361
270.0 2.6535256338901205
271.0 2.651940935947856
272.0 2.6639123666481894
273.0 2.660316740880247
274.0 2.6559559360879366
275.0 2.6423577754223935
276.0 2.6443942804805567
277.0 2.649639610384331
278.0 2.636372902354256
279.0 2.6398536103670716
280.0 2.6412962968232203
281.0 2.6432953545304594
282.0 2.6347100265690537
283.0 2.636248686274544
284.0 2.636398264619171
285.0 2.628523525644521
286.0 2.6258863034795543
287.0 2.6223411051953427
288.0 2.6234419502195765
289.0 2.6161963900581737
290.0 2.6188803227221378
291.0 2.6191166737040534
292.0 2.6188999277646423
293.0 2.619297785837142
294.0 2.61539195013828
295.0 2.6177990241128892
296.0 2.6185558506699858
297.0 2.624952242022655
298.0 2.6255702894242083
299.0 2.6202525936189245
300.0 2.612406160010666
301.0 2.606787947357678
302.0 2.6089108302944997
303.0 2.610778542815662
304.0 2.59798324694399
305.0 2.60370638722279
306.0 2.6106101020437773
307.0 2.6145048688669674
308.0 2.6111511597867874
309.0 2.614373035118228
310.0 2.620244264602661
311.0 2.6165333614974724
312.0 2.6145727126324765
313.0 2.617913836338481
314.0 2.617081239575245
315.0 2.621964110702765
316.0 2.6194060943165764
317.0 2.6211435286725155
318.0 2.626817570358026
319.0 2.615756542956243
320.0 2.622736051434376
321.0 2.6111257818878673
322.0 2.6250763095793177
323.0 2.624839853067867
324.0 2.6190450230582814
325.0 2.6286700358156296
326.0 2.6332921981811523
327.0 2.6167317335722875
328.0 2.6257661991432064
329.0 2.6231456506447715
330.0 2.6267395996656573
331.0 2.6264692212714524
332.0 2.6204240947473245
333.0 2.6249063992109454
334.0 2.6232149327387577
335.0 2.6222571662214937
336.0 2.6185493391068255
337.0 2.6102866618359677
338.0 2.6087194388030004
339.0 2.61449957284771
340.0 2.6204374657302605
341.0 2.616504813804001
342.0 2.6065342504470075
343.0 2.6114100315531745
344.0 2.6138443790498327
345.0 2.602459864538224
346.0 2.60352367260417
347.0 2.610093577963407
348.0 2.6086390292058224
349.0 2.6036176525178503
350.0 2.602186945618176
351.0 2.608217356634922
352.0 2.600368679546919
353.0 2.60058415913191
354.0 2.5917353317385814
355.0 2.5971489187146797
356.0 2.615057906166452
357.0 2.6097904932303506
358.0 2.6033981745360326
359.0 2.6085939602773696
360.0 2.6054927286554554
361.0 2.597653615670126
362.0 2.612989378757164
363.0 2.614783486381906
364.0 2.6093646502885663
365.0 2.593580210795168
366.0 2.6114839334956934
367.0 2.608458049961778
368.0 2.606883779900973
369.0 2.597981066000266
370.0 2.608731050960353
371.0 2.6081865850042125
372.0 2.6052554630842364
373.0 2.6111466571932933
374.0 2.611997995220247
375.0 2.6186938676677767
376.0 2.6159356265771585
377.0 2.6100142314785817
378.0 2.6166988083573637
379.0 2.607779170646042
380.0 2.608068012800373
381.0 2.613901837927396
382.0 2.6234550984179386
383.0 2.61255708678824
384.0 2.60983651583312
385.0 2.617659025504941
386.0 2.611785345390195
387.0 2.626286088443193
388.0 2.6252246684715397
389.0 2.6261247845946767
390.0 2.6182713078670816
391.0 2.6171969116711225
392.0 2.6262702707384453
393.0 2.6317821408881517
394.0 2.6402373939264017
395.0 2.636575225923882
396.0 2.6398474583860305
397.0 2.643297981043331
398.0 2.6567084554766045
399.0 2.6501212823586386
400.0 2.6533732023395475
401.0 2.658184766769409
402.0 2.6630698110236497
403.0 2.6668399240149827
404.0 2.6677934458998385
405.0 2.674877764748745
406.0 2.674701768843854
407.0 2.66028805638923
408.0 2.6692388174963777
409.0 2.6805769498230982
410.0 2.674302218390293
411.0 2.690127579892268
412.0 2.6911556916158705
413.0 2.6889714491171914
414.0 2.6937714404747135
415.0 2.696941919014102
416.0 2.697487651324663
417.0 2.700330198788252
418.0 2.699277244630407
419.0 2.702218004914581
420.0 2.704642436543449
421.0 2.7129191296999573
422.0 2.713302358252103
423.0 2.7236788780962833
424.0 2.719173540834521
425.0 2.7060448967042516
426.0 2.71508746850686
427.0 2.7175585598242087
428.0 2.71721899704855
429.0 2.718743226567253
430.0 2.716510577280013
431.0 2.728693883927142
432.0 2.7320338116317497
433.0 2.7360959404804666
434.0 2.7211231677258603
435.0 2.73259964536448
436.0 2.739200627217527
437.0 2.740373623175699
438.0 2.7350526090528144
439.0 2.7505537525552217
440.0 2.745819263770932
441.0 2.749444258017618
442.0 2.743270784127908
443.0 2.747248176668511
444.0 2.7492507754779254
445.0 2.756120521514142
446.0 2.758127552564027
447.0 2.7509181186801097
448.0 2.746095813688685
449.0 2.7580634844107705
450.0 2.767857879888816
451.0 2.763291519196307
452.0 2.7584608578291094
453.0 2.7595928106151644
454.0 2.766191205040353
455.0 2.7582884303859023
456.0 2.7599151525341097
457.0 2.7679058801932412
458.0 2.7653542581151744
459.0 2.768291610186217
460.0 2.769024712140443
461.0 2.767699257272189
462.0 2.761478576503816
463.0 2.764606237411499
464.0 2.762215090579674
465.0 2.763502820593412
466.0 2.763311272761861
467.0 2.7603263503215354
468.0 2.755349757241421
469.0 2.754615908763448
470.0 2.7466253061763575
471.0 2.7420892480944024
472.0 2.742909243849457
473.0 2.7474745531551172
474.0 2.750899514213937
475.0 2.7496812070002323
476.0 2.7497703520978085
477.0 2.7384311058482185
478.0 2.756349919272251
479.0 2.7609203096295967
480.0 2.755626733185815
481.0 2.7581220181261905
482.0 2.758748586060571
483.0 2.7558868048621004
484.0 2.750381817583178
485.0 2.7529100433724825
486.0 2.7611301883322295
487.0 2.760958601216801
488.0 2.761497028538438
489.0 2.7591386114964718
490.0 2.757139307553651
491.0 2.7501298130535687
492.0 2.739416857234767
493.0 2.738124354940946
494.0 2.747752259989254
495.0 2.749995974243664
496.0 2.748430474859769
497.0 2.747897695322506
498.0 2.7499254336122605
499.0 2.7499611377716064
500.0 2.745624198288214
501.0 2.7531232599352227
502.0 2.744161609743462
503.0 2.7444423026725895
504.0 2.748216273354702
505.0 2.7464213918467038
506.0 2.7504712949033645
507.0 2.7519478758827587
508.0 2.742984443414407
509.0 2.7501842819276403
510.0 2.755100562924244
511.0 2.7499872074752556
512.0 2.756360034473607
513.0 2.7550837172836555
514.0 2.7646952691625377
515.0 2.760445192211964
516.0 2.7664258245561943
517.0 2.764625467237879
518.0 2.7688020213705595
519.0 2.774161041760054
520.0 2.7666291643361576
521.0 2.76945839944433
522.0 2.77285924895865
523.0 2.783730432635448
524.0 2.7698858370546433
525.0 2.7658391155180384
526.0 2.776201576483054
527.0 2.7800129437055743
528.0 2.769785771604444
529.0 2.7682789974525326
530.0 2.7612085146982164
531.0 2.7652707256254603
532.0 2.7644265127963705
533.0 2.761089442206211
534.0 2.7594911153199244
535.0 2.7678730878673616
536.0 2.769684482793339
537.0 2.764754639297235
538.0 2.7698534082193844
539.0 2.7716192026607325
540.0 2.776905427213575
541.0 2.7687740482267786
542.0 2.7621987452272507
543.0 2.7686567501943617
544.0 2.7616320359902304
545.0 2.761165298399378
546.0 2.7697398936162227
547.0 2.768116919720759
548.0 2.7601111755996453
549.0 2.768625177320887
550.0 2.765722501473349
551.0 2.7655559524160918
552.0 2.7609896816191126
553.0 2.771588255147465
554.0 2.7849563575181806
555.0 2.7793896745462887
556.0 2.781231985717523
557.0 2.7755690598097003
558.0 2.771377067096898
559.0 2.7733498674924255
560.0 2.7765378600261252
561.0 2.777389280131606
562.0 2.7718703238690487
563.0 2.7765665757851523
564.0 2.770097541027382
565.0 2.7814466640597484
566.0 2.7832401267817763
567.0 2.779049611482464
568.0 2.777356433086708
569.0 2.7736468627804616
570.0 2.771753776268881
571.0 2.7668219120776065
572.0 2.7660832131495243
573.0 2.764618725073142
574.0 2.7617969122089323
575.0 2.7604819086731456
576.0 2.7716110456185263
577.0 2.777448986397415
578.0 2.7697158680587517
579.0 2.765531825237587
580.0 2.759731800829778
581.0 2.769622169557165
582.0 2.76331337944406
583.0 2.7560743308458173
584.0 2.757699243357924
585.0 2.7590666950726117
586.0 2.764873954116321
587.0 2.762295210947756
588.0 2.7677065778951175
589.0 2.761017889272971
590.0 2.766612428133605
591.0 2.7676825484291454
592.0 2.762813470402702
593.0 2.7620884824971683
594.0 2.75749008381953
595.0 2.7639763785190268
596.0 2.767821104800115
597.0 2.767485931271412
598.0 2.772389138331179
599.0 2.7619719817990163
600.0 2.765917477060537
601.0 2.774846233305384
602.0 2.7674469322454733
603.0 2.7598778497977334
604.0 2.769040138995061
605.0 2.764677125899518
606.0 2.763741262623521
607.0 2.7675532786572568
608.0 2.7709721776305654
609.0 2.761639180730601
610.0 2.7749277216489197
611.0 2.772523754932841
612.0 2.7806913344586484
613.0 2.768109466208786
614.0 2.7714399548827626
615.0 2.7590346844469913
616.0 2.754838884853926
617.0 2.7710762883796067
618.0 2.757105944586582
619.0 2.7552613430335873
620.0 2.755475935388784
621.0 2.7524882652720466
622.0 2.7495414429023617
623.0 2.7444680909641455
624.0 2.748648049401455
625.0 2.7457439195914346
626.0 2.74528953286468
627.0 2.737071150639018
628.0 2.739408911251631
629.0 2.737134687236098
630.0 2.7286053837322797
631.0 2.7205411293467536
632.0 2.7137917768759805
633.0 2.7229745896136173
634.0 2.7097707263758926
635.0 2.7181953680319864
636.0 2.719413745598715
637.0 2.711391534961638
638.0 2.7000741567768034
639.0 2.703042327380571
640.0 2.6942317720319404
641.0 2.700255362713923
642.0 2.703505883451368
643.0 2.701107967095297
644.0 2.7014900582735657
645.0 2.7034429057699736
646.0 2.7018845237669398
647.0 2.70703354038176
648.0 2.702416822558544
649.0 2.7043644248462115
650.0 2.706295584068924
651.0 2.711040836865785
652.0 2.707589665397269
653.0 2.7049576024540136
654.0 2.7070119732716043
655.0 2.711007833480835
656.0 2.7158016689488145
657.0 2.711722643648992
658.0 2.7147773914649838
659.0 2.718973425568127
660.0 2.7074527310543375
661.0 2.7103797216884424
662.0 2.7243844837438864
663.0 2.719909468635184
664.0 2.724318977262153
665.0 2.7225541677631315
666.0 2.73228892341989
667.0 2.7313622451219404
668.0 2.7289803497126845
669.0 2.725242989962218
670.0 2.7248529019902965
671.0 2.7337106407665814
672.0 2.732838161656114
673.0 2.7349863716813383
674.0 2.7422320100127675
675.0 2.7312974734384508
676.0 2.7248353059174586
677.0 2.717513545614774
678.0 2.719083293539579
679.0 2.726145654428201
680.0 2.718801857995205
681.0 2.718588915027556
682.0 2.724580475541412
683.0 2.713755588062474
684.0 2.7047766036674625
685.0 2.693029974327713
686.0 2.6927911648984817
687.0 2.6967578559625345
688.0 2.6961896458610157
689.0 2.689651930918459
690.0 2.675167329975816
691.0 2.675390274798284
692.0 2.6760249645983585
693.0 2.6814254111930973
694.0 2.6745699429121172
695.0 2.673275857675271
696.0 2.664355098224077
697.0 2.654139753247871
698.0 2.6542928101586516
699.0 2.6580732181424
700.0 2.6542499417164285
701.0 2.6576807772526974
702.0 2.6521760440263593
703.0 2.6482803977903773
704.0 2.6351703307667718
705.0 2.6438305768810335
706.0 2.6427862878705635
707.0 2.641073246471217
708.0 2.646945183394385
709.0 2.634494707232616
710.0 2.6286669715506132
711.0 2.63143753614582
712.0 2.631872446810613
713.0 2.6376301226068715
714.0 2.6309256045544736
715.0 2.6369763632289698
716.0 2.6465224477111318
717.0 2.65266794454856
718.0 2.6594366206497444
719.0 2.6583222991130393
720.0 2.657447400640269
721.0 2.657849495528174
722.0 2.6523977029519004
723.0 2.656177501209447
724.0 2.6554287613415326
725.0 2.663249285494695
