1.0 3.103389525022663
2.0 3.0996814790319225
3.0 3.1012036175024313
4.0 3.106346845626831
5.0 3.103092674349175
6.0 3.1047580398497034
7.0 3.1016789889726484
8.0 3.1044087996248337
9.0 3.1026390028781576
10.0 3.105583140107452
11.0 3.103962784907857
12.0 3.1024109105594824
13.0 3.10577088105874
14.0 3.1043570080741505
15.0 3.108748631399186
16.0 3.1070917747059807
17.0 3.1205961235233994
18.0 3.1194934727715666
19.0 3.1227833091235553
20.0 3.1346836441853005
21.0 3.1271882760720175
22.0 3.140195608139038
23.0 3.1421099725316783
24.0 3.132781915977353
25.0 3.128672435635426
26.0 3.123266712563937
27.0 3.1400637040372756
28.0 3.1346173950883207
29.0 3.1351405792549008
30.0 3.1429934345307897
31.0 3.141398965335283
32.0 3.147902766212088
33.0 3.143368130824605
34.0 3.140147545298592
35.0 3.145140085063997
36.0 3.143513792850932
37.0 3.137935278845615
38.0 3.14300736052091
39.0 3.138367461376503
40.0 3.140791353632192
41.0 3.1405761163742816
42.0 3.1312549895927555
43.0 3.1361159535705068
44.0 3.1419598509053714
45.0 3.1559951031794315
46.0 3.1366385749129
47.0 3.1319335679538916
48.0 3.130988097581707
49.0 3.1423708454507295
50.0 3.136265399026089
51.0 3.1387488255735305
52.0 3.1425002090266494
53.0 3.1458261794731266
54.0 3.1326532559316664
55.0 3.1315889632115597
56.0 3.124415815853682
57.0 3.125964797911097
58.0 3.1155301234761223
59.0 3.1178070521745527
60.0 3.12115710680602
61.0 3.1131101905322467
62.0 3.1185953460755895
63.0 3.1104443034187694
64.0 3.100653730454992
65.0 3.098618229881662
66.0 3.0832996759258333
67.0 3.0916288485292527
68.0 3.102931499481201
69.0 3.103124903850868
70.0 3.092714262790367
71.0 3.1099563817508886
72.0 3.1136762235985427
73.0 3.0934119302718366
74.0 3.0912088566139095
75.0 3.0715491459017894
76.0 3.072829387227043
77.0 3.0798812772406907
78.0 3.0715335548901166
79.0 3.073834024491857
80.0 3.0621115106051087
81.0 3.054197968029585
82.0 3.055016380841615
83.0 3.0482596647543985
84.0 3.048217492025407
85.0 3.0381582135059793
86.0 3.033711609293203
87.0 3.0191581405577113
88.0 3.014185839012021
89.0 3.01682990887126
90.0 3.021860650328339
91.0 3.0105851595519018
92.0 3.010043066056048
93.0 3.0092544203898948
94.0 3.013036524663206
95.0 3.004331467581577
96.0 3.014323136845573
97.0 3.0086955398809714
98.0 3.0099442943197783
99.0 2.99771421072913
100.0 2.9932484509514983
101.0 2.9983873250054534
102.0 3.0024576890664023
103.0 2.9865915697129046
104.0 2.993710795386893
105.0 3.000254677944496
106.0 2.9977893985685755
107.0 3.008140345088771
108.0 3.0056206515577975
109.0 3.0080557377612003
110.0 2.994644950647823
111.0 2.9967738096831273
112.0 2.9948373075391426
113.0 2.9818775966519215
114.0 2.9855370638800447
115.0 2.9845235230492766
116.0 2.977632538217013
117.0 2.978604093926852
118.0 2.977702543383739
119.0 2.9634333633985674
120.0 2.9667847234694684
121.0 2.956735872831501
122.0 2.953226667935731
123.0 2.947332452555172
124.0 2.94440010727429
125.0 2.9408468105753913
126.0 2.9551449877316833
127.0 2.9481227866938857
128.0 2.9477791473513744
129.0 2.950668948595641
130.0 2.9487868879662185
131.0 2.940030090144423
132.0 2.932483395592111
133.0 2.9422370410356367
134.0 2.942757876192937
135.0 2.944294503477753
136.0 2.9407830629192415
137.0 2.9336874172335765
138.0 2.942309289682107
139.0 2.939534457003484
140.0 2.9402237642006797
141.0 2.9511632645716435
142.0 2.942838309241123
143.0 2.9365364098158038
144.0 2.9287693344178747
145.0 2.9278196897663054
146.0 2.929210561220763
147.0 2.927137683649532
148.0 2.9145706677045977
149.0 2.917579353832808
150.0 2.91606984763849
151.0 2.8980518403600475
152.0 2.901695888550555
153.0 2.9096866279351907
154.0 2.8998574467956044
155.0 2.9042627811431885
156.0 2.9075913859195395
157.0 2.9013757510263414
158.0 2.8957226080972642
159.0 2.8943128116795274
160.0 2.8980917852433
161.0 2.89539942585054
162.0 2.8951907470578053
163.0 2.893724828469949
164.0 2.9000959982637498
165.0 2.8813961802935992
166.0 2.8818033249651798
167.0 2.878390308286323
168.0 2.8873620345944264
169.0 2.885726741102875
170.0 2.882551224505315
171.0 2.8692486403418367
172.0 2.8670176521676485
173.0 2.8737117618810935
174.0 2.8743246187929246
175.0 2.8762450179115673
176.0 2.8713692602564076
177.0 2.8733679544730264
178.0 2.8636732453205545
179.0 2.8560492992401123
180.0 2.852911124463941
181.0 2.855882417960245
182.0 2.848211937263364
183.0 2.8524492646827073
184.0 2.854588825194562
185.0 2.844022797756508
186.0 2.840357885986078
187.0 2.8423586282573763
188.0 2.836552940431188
189.0 2.830651005760568
190.0 2.8315582314475636
191.0 2.831961983540019
192.0 2.8250498576242418
193.0 2.829102223036719
194.0 2.8292736733546024
195.0 2.830556044813062
196.0 2.822951617788096
197.0 2.8163246209504176
198.0 2.8220340423896664
199.0 2.8178909059430732
200.0 2.818443470313901
201.0 2.8188877613818057
202.0 2.8191333911458
203.0 2.808619655546595
204.0 2.8167333524735247
205.0 2.8204939365386963
206.0 2.8194896940325127
207.0 2.806825309503274
208.0 2.808228359847772
209.0 2.807241979192515
210.0 2.7996946670969978
211.0 2.798883828960481
212.0 2.7930454387039436
213.0 2.7934244812512006
214.0 2.787999930928965
215.0 2.7844787230257126
216.0 2.782751063831517
217.0 2.7817580739005665
218.0 2.7710348504488587
219.0 2.772353199661755
220.0 2.781522762579996
221.0 2.7742275605436233
222.0 2.7760889491096874
223.0 2.7714601032069472
224.0 2.766578416355321
225.0 2.757151674051754
226.0 2.7616798252355856
227.0 2.7615115329867503
228.0 2.748091799313905
229.0 2.7449916855233614
230.0 2.747838047684216
231.0 2.7433097049838207
232.0 2.7515471177022963
233.0 2.747576756555526
234.0 2.7316685426430625
235.0 2.738395601022439
236.0 2.7353866217566316
237.0 2.7358680748548663
238.0 2.7353945169292513
239.0 2.7329505193428916
240.0 2.7414490512160006
241.0 2.724426070197684
242.0 2.716349613471109
243.0 2.720484628052008
244.0 2.7290806223134525
245.0 2.724653458986126
246.0 2.720885847435623
247.0 2.7276252957641103
248.0 2.733852534997659
249.0 2.7251486191984085
250.0 2.7174111585148046
251.0 2.721455722558694
252.0 2.7219516136607185
253.0 2.721531891431965
254.0 2.7203760420689815
255.0 2.707560769847182
256.0 2.707249821209517
257.0 2.714577749127247
258.0 2.7134393668565595
259.0 2.7075900171623855
260.0 2.7141546382278694
261.0 2.711279001392302
262.0 2.710960458536617
263.0 2.7121509919401077
264.0 2.6999869268448626
265.0 2.692614887581497
266.0 2.699833529894469
267.0 2.7160252352229883
268.0 2.7050362336831015
269.0 2.6981832785684556
270.0 2.691071357883391
271.0 2.695915695096626
272.0 2.695846522440676
273.0 2.68882459890647
274.0 2.6862349705617934
275.0 2.6875100565738363
276.0 2.693353946091699
277.0 2.689560307831061
278.0 2.687423780316212
279.0 2.686066002142234
280.0 2.67609121760384
281.0 2.684328528701282
282.0 2.6695909421952044
283.0 2.6730238883221737
284.0 2.673841585878466
285.0 2.674729241699469
286.0 2.673279308881916
287.0 2.6830617951565103
288.0 2.6763633001046103
289.0 2.676916325678591
290.0 2.6744436084247027
291.0 2.680078955947376
292.0 2.675827272602769
293.0 2.6918817739017675
294.0 2.6829252946572226
295.0 2.6790906640349843
296.0 2.688874412755497
297.0 2.6889895454781954
298.0 2.6853039499189033
299.0 2.68506959618115
300.0 2.68651123125045
301.0 2.694266108215832
302.0 2.7009658813476563
303.0 2.6832950975074144
304.0 2.695218742870894
305.0 2.699053041270522
306.0 2.693751253065516
307.0 2.6944554086591377
308.0 2.6976128875232135
309.0 2.705024304937144
310.0 2.7070824161904756
311.0 2.7012336566799977
312.0 2.698616907244823
313.0 2.7128458140326326
314.0 2.710326624698326
315.0 2.713611270560593
316.0 2.7169594960134535
317.0 2.702184286273894
318.0 2.701797755038152
319.0 2.6977098535318844
320.0 2.6964247695735244
321.0 2.6783307693043694
322.0 2.6979804312596554
323.0 2.688541287281474
324.0 2.6901690256400186
325.0 2.7007085573477823
326.0 2.7017262920004423
327.0 2.690703872774468
328.0 2.6926525655339977
329.0 2.694967758460123
330.0 2.692926004284718
331.0 2.6978883352436003
332.0 2.6966275543463034
333.0 2.698097225095405
334.0 2.6982973989893178
335.0 2.698446879621412
336.0 2.7007716131992026
337.0 2.7013734911308913
338.0 2.700193287896328
339.0 2.698890826741203
340.0 2.6904633357876637
341.0 2.6938393115997314
342.0 2.6886280990037763
343.0 2.6897551348952
344.0 2.6860055024506617
345.0 2.6872149725429346
346.0 2.6774438795496205
347.0 2.671523801615981
348.0 2.677685260772705
349.0 2.6755602437941755
350.0 2.680684664210335
351.0 2.678135727272659
352.0 2.6793165285079206
353.0 2.6759370350446856
354.0 2.6824974427457717
355.0 2.6811912059783936
356.0 2.6703532914646337
357.0 2.6711868145426765
358.0 2.6714541130378597
359.0 2.6691615229747336
360.0 2.661953519602291
361.0 2.658489199935413
362.0 2.6599645145603867
363.0 2.6630932659399313
364.0 2.65286223223952
365.0 2.6630460356102614
366.0 2.6489664101209796
367.0 2.6662193908066047
368.0 2.6721281067269747
369.0 2.6637812129786758
370.0 2.6601619603203948
371.0 2.658780598249592
372.0 2.665577392109105
373.0 2.6517998273255396
374.0 2.6571798246414935
375.0 2.664740355288396
376.0 2.6629638476449937
377.0 2.6644128306967314
378.0 2.667080027158143
379.0 2.668486986003938
380.0 2.6615024394676334
381.0 2.6560009151208597
382.0 2.662584511960139
383.0 2.669842606685201
384.0 2.668790723456711
385.0 2.660773758028374
386.0 2.6564168578288596
387.0 2.6589280855460244
388.0 2.6607801484279947
389.0 2.6602749433673796
390.0 2.6607176124072467
391.0 2.664611699151211
392.0 2.662416473763888
393.0 2.653421085388934
394.0 2.655621856939597
395.0 2.6588301033270163
396.0 2.6521639980253626
397.0 2.647216429475878
398.0 2.6492566163422633
399.0 2.650524100319284
400.0 2.6454511587737035
401.0 2.6313415785304834
402.0 2.633419322185829
403.0 2.6318632227475525
404.0 2.6235799672173674
405.0 2.628786946906418
406.0 2.624238987438014
407.0 2.6221644800217425
408.0 2.626459532096738
409.0 2.6325995922088623
410.0 2.637736027358008
411.0 2.6407270978708737
412.0 2.639592921147581
413.0 2.6441855039752897
414.0 2.6411352353017836
415.0 2.6533020285309337
416.0 2.6575828223931985
417.0 2.650016718223447
418.0 2.6543801847051403
419.0 2.6565224498998923
420.0 2.6587214157229564
421.0 2.658117208324495
422.0 2.6566682057302504
423.0 2.6661157686202253
424.0 2.670247531328045
425.0 2.6673622170432667
426.0 2.6583306750313183
427.0 2.6581835590425085
428.0 2.6581307317389817
429.0 2.651534143041392
430.0 2.631392647008427
431.0 2.628153836140867
432.0 2.6289021304396334
433.0 2.6274353168049798
434.0 2.6102933375561825
435.0 2.6144181001381797
436.0 2.6128052219015654
437.0 2.6074266511885846
438.0 2.596301332848971
439.0 2.5883077754349006
440.0 2.571164885505301
441.0 2.5702127980404215
442.0 2.584155113970647
443.0 2.5848617553710938
444.0 2.581585669126667
445.0 2.594662443536227
446.0 2.5956082734905306
447.0 2.5991598387233545
448.0 2.6044812202453613
449.0 2.6012873336917064
450.0 2.6085515960318144
451.0 2.6080032215743767
452.0 2.5996368048621004
453.0 2.6073786039821436
454.0 2.606291102581337
455.0 2.6024217371080742
456.0 2.6128574199363834
457.0 2.606737000043275
458.0 2.597779520222398
459.0 2.6025043510999835
460.0 2.622604233319642
461.0 2.6150712302473726
462.0 2.6130648284661966
463.0 2.6223517480443737
464.0 2.615731626260476
465.0 2.618092673723815
466.0 2.6229787615479014
467.0 2.620983956290073
468.0 2.6233203801952425
469.0 2.622481213241327
470.0 2.63511197293391
471.0 2.6317709430319365
472.0 2.6439712712022123
473.0 2.656045030374996
474.0 2.6637761475609953
475.0 2.6662245500283164
476.0 2.6780928471049323
477.0 2.681318302623561
478.0 2.6933987805100736
479.0 2.693642592820965
480.0 2.705642997241411
481.0 2.702659200449459
482.0 2.705176330003582
483.0 2.7097206154807667
484.0 2.709644106567883
485.0 2.723578609404017
486.0 2.7253329753875732
487.0 2.713732590440844
488.0 2.7175509147956722
489.0 2.7168157022507464
490.0 2.71554931656259
491.0 2.7264729288757823
492.0 2.724892690533497
493.0 2.7194644505860377
494.0 2.728757514328253
495.0 2.7318154045792875
496.0 2.719052068522719
497.0 2.710908960123531
498.0 2.7279063248243487
499.0 2.7314559436235273
500.0 2.7204955444961296
501.0 2.706760539383185
502.0 2.713957755292048
503.0 2.7212476847601716
504.0 2.7083214345525524
505.0 2.7203720866656695
506.0 2.7213802103136406
507.0 2.72156388642358
508.0 2.7201134455008584
509.0 2.71268045315977
510.0 2.706221443707826
511.0 2.709618724760462
512.0 2.72326159868084
513.0 2.7314714525566726
514.0 2.7334617083189916
515.0 2.723869179115921
516.0 2.722032289035985
517.0 2.7314016389065103
518.0 2.72926233244724
519.0 2.7384738843949115
520.0 2.7402613162994385
521.0 2.7374815159156674
522.0 2.7326772212982178
523.0 2.7287399104384127
524.0 2.733547773517546
525.0 2.7333838587901633
526.0 2.7409118902487832
527.0 2.7345397198786503
528.0 2.72648998166694
529.0 2.7396766748584684
530.0 2.74747730474003
531.0 2.729887149373039
532.0 2.7206785717948536
533.0 2.734618241669702
534.0 2.7322545911444993
535.0 2.7288288679279264
536.0 2.725732017735966
537.0 2.7291499669434596
538.0 2.7334038781338053
539.0 2.724619333861304
540.0 2.724974702616207
541.0 2.7177471958222936
542.0 2.7235578474451283
543.0 2.724072757314463
544.0 2.7193441312821185
545.0 2.732186465966897
546.0 2.721618152055584
547.0 2.730840186603734
548.0 2.7244134379214926
549.0 2.721115643860864
550.0 2.718942947075015
551.0 2.725660843927352
552.0 2.728889473149034
553.0 2.723570620427366
554.0 2.7214754604902422
555.0 2.7250392906001357
556.0 2.7344912427370667
557.0 2.7384902727408487
558.0 2.737654064522415
559.0 2.7433398004438057
560.0 2.7379368719507435
561.0 2.7372500466518717
562.0 2.740442627766093
563.0 2.73651876605925
564.0 2.7359985210856452
565.0 2.7308045332549047
566.0 2.7306334268851358
567.0 2.7338700958939848
568.0 2.718818910786363
569.0 2.7227701124597767
570.0 2.7100873345234353
571.0 2.7052755863940128
572.0 2.6985239396329788
573.0 2.6947091759228314
574.0 2.694504503343926
575.0 2.687274561553705
576.0 2.6871616097747304
577.0 2.696430245383841
578.0 2.7027361275719817
579.0 2.707757340102899
580.0 2.715100229763594
581.0 2.7219001113391315
582.0 2.71262764539875
583.0 2.7111136796044524
584.0 2.7140753230110546
585.0 2.7298369681248897
586.0 2.7338594882214657
587.0 2.7244230372006775
588.0 2.7363257056376975
589.0 2.7444794764284226
590.0 2.7478479088329877
591.0 2.748301369244935
592.0 2.7460416926712288
593.0 2.759915422220699
594.0 2.7728023958987875
595.0 2.767151433913434
596.0 2.767386362200878
597.0 2.7724176117631254
598.0 2.7779203125687895
599.0 2.774401539661845
600.0 2.7594898685080107
601.0 2.756382324656502
602.0 2.759166690169788
603.0 2.7543349109712194
604.0 2.7608090893166963
605.0 2.7682724350788552
606.0 2.7589666022629036
607.0 2.761581073041822
608.0 2.7642778842175595
609.0 2.767822703377145
610.0 2.756301621921727
611.0 2.7440904476603523
612.0 2.7343197533341703
613.0 2.740893907234317
614.0 2.7295788194312425
615.0 2.7189645806296925
616.0 2.725238295852161
617.0 2.711041290251935
618.0 2.7076292663324075
619.0 2.701703700862947
620.0 2.712304955623189
621.0 2.7110688217350694
622.0 2.7049999862420755
623.0 2.695594009805898
624.0 2.6918508342055025
625.0 2.6980930781755292
626.0 2.6831115894630306
627.0 2.6820421140702044
628.0 2.672271067978906
629.0 2.669967721720211
630.0 2.6750916262141993
631.0 2.666902753173328
632.0 2.6690119798066188
633.0 2.6609964175302476
634.0 2.6539928248671236
635.0 2.6502319554813574
636.0 2.6536797773642617
637.0 2.6507666814522666
638.0 2.6356839000201617
639.0 2.6307334000947047
640.0 2.6357036027751986
641.0 2.64418930303855
642.0 2.6282682301568205
643.0 2.623446226119995
644.0 2.6231459789588802
645.0 2.62561610878491
646.0 2.616283076708434
647.0 2.6173494096662178
648.0 2.613391282128506
649.0 2.6232185129259453
650.0 2.6201576561224265
651.0 2.6224248761036355
652.0 2.6196667444510537
653.0 2.619356812023726
654.0 2.6140326710998036
655.0 2.61666036824711
656.0 2.6103810834102945
657.0 2.612187330840064
658.0 2.61499608149294
659.0 2.6127176402045076
660.0 2.599273114907937
661.0 2.601256280648904
662.0 2.608805136602433
663.0 2.6027890307004333
664.0 2.6013763732597477
665.0 2.602999792724359
666.0 2.612364495386843
667.0 2.603027410194522
668.0 2.587105020147855
669.0 2.589359299081271
670.0 2.5925819600214726
671.0 2.588899245027636
672.0 2.584453899352277
673.0 2.583886209081431
674.0 2.5838382205025097
675.0 2.578526524246716
676.0 2.5840594182248977
677.0 2.5789506279054235
678.0 2.571881079282917
679.0 2.574338979408389
680.0 2.567278334351837
681.0 2.5703381163174988
682.0 2.5614228014086113
683.0 2.552154537107124
684.0 2.545000295170018
685.0 2.5488355198844532
686.0 2.549861931409992
687.0 2.542223101756612
688.0 2.53426025343723
689.0 2.544349615691138
690.0 2.5372843195180423
691.0 2.5347606901262627
692.0 2.530588568234053
693.0 2.5285059897626034
694.0 2.5231263793882777
695.0 2.5179953692389314
696.0 2.516816162672199
697.0 2.5284937561535443
698.0 2.5171565970436474
699.0 2.4997859352924783
700.0 2.50548795012177
701.0 2.513056426751809
702.0 2.5190610963790143
703.0 2.51332091503456
704.0 2.514747760334953
705.0 2.51775881892345
706.0 2.5243032643052397
707.0 2.5218595754904825
708.0 2.519081057095137
709.0 2.516116021109409
710.0 2.5209467919146427
711.0 2.525733721060831
712.0 2.5107300516034736
713.0 2.5101406652419294
714.0 2.5179441991399547
715.0 2.522187358043233
716.0 2.523234453357634
717.0 2.530422902498089
718.0 2.5319238021725514
719.0 2.5242031324105185
720.0 2.525850956557227
721.0 2.5284287304174704
722.0 2.52685682499995
723.0 2.5240644392420033
724.0 2.5225539637393637
725.0 2.514450065425185
